run_id,environment_id,seed,started_at,finished_at,episode_latency_seconds,step_count,terminated,truncated,success,total_reward,reward_per_step,steps_per_second,reward_per_second,repeat_action_rate,llm_cost_usd,prompt_tokens,completion_tokens,total_tokens,mean_llm_latency_seconds,p95_llm_latency_seconds,cost_per_step_usd,cost_per_success_usd,tokens_per_step,cost_data_coverage,token_data_coverage,llm_latency_data_coverage
c7a29b0d-0c94-4feb-89b9-f76f1dd44bc0,math:Orz57K,592,2026-04-23T02:20:21.323686Z,2026-04-23T02:22:58.878883Z,157.555197,1,True,True,True,1.0,1.0,0.006346982004027452,0.006346982004027452,0.0,,2214,310,2524,153.362450746994,153.362450746994,,,2524.0,0.0,1.0,1.0
cdb86b21-36cd-494c-bb5d-04ec9365a51a,math:Orz57K,593,2026-04-23T02:20:21.334481Z,2026-04-23T02:20:39.450163Z,18.115682,1,True,True,True,1.0,1.0,0.05520079233009279,0.05520079233009279,0.0,,585,973,1558,17.403041571000358,17.403041571000358,,,1558.0,0.0,1.0,1.0
6ab07786-f318-4b1f-a4c9-cd24de490900,math:Orz57K,594,2026-04-23T02:20:21.330014Z,2026-04-23T02:20:42.657460Z,21.327446,1,True,True,False,0.0,0.0,0.04688793960608317,0.0,0.0,,645,461,1106,20.616320781002287,20.616320781002287,,,1106.0,0.0,1.0,1.0
d922788a-58ad-42db-a9c7-b4e84d10f9ed,math:Orz57K,595,2026-04-23T02:20:21.305705Z,2026-04-23T02:20:26.095775Z,4.79007,1,True,True,False,0.0,0.0,0.20876521637470852,0.0,0.0,,599,593,1192,3.986811981012579,3.986811981012579,,,1192.0,0.0,1.0,1.0
cf20e84a-5137-4f94-a879-d28ebf56b93d,math:Orz57K,596,2026-04-23T02:20:21.375555Z,2026-04-23T02:22:28.114278Z,126.738723,1,True,True,True,1.0,1.0,0.00789024834974864,0.00789024834974864,0.0,,1334,216,1550,124.3076193750021,124.3076193750021,,,1550.0,0.0,1.0,1.0
b4bec60e-b1cf-4967-831d-6fabd16a002d,math:Orz57K,593,2026-04-23T02:20:21.312744Z,2026-04-23T02:20:31.410803Z,10.098059,1,True,True,True,1.0,1.0,0.09902893219380082,0.09902893219380082,0.0,,585,973,1558,9.386130469007185,9.386130469007185,,,1558.0,0.0,1.0,1.0
6e9d1044-e99f-410f-a0a8-09922de30e0a,math:Orz57K,594,2026-04-23T02:20:21.319062Z,2026-04-23T02:20:33.995445Z,12.676383,1,True,True,False,0.0,0.0,0.07888685597461043,0.0,0.0,,645,461,1106,11.972574732004432,11.972574732004432,,,1106.0,0.0,1.0,1.0
567ca968-b1e2-42d9-952d-48ee099cc624,math:Orz57K,595,2026-04-23T02:20:21.369944Z,2026-04-23T02:20:58.787281Z,37.417337,1,True,True,False,0.0,0.0,0.02672557910788787,0.0,0.0,,599,544,1143,36.711331512007746,36.711331512007746,,,1143.0,0.0,1.0,1.0
87982747-260a-47ef-859e-ed2742c4257e,math:Orz57K,596,2026-04-23T02:20:21.343997Z,2026-04-23T02:20:51.276949Z,29.932952,1,True,True,True,1.0,1.0,0.033407997981622396,0.033407997981622396,0.0,,572,335,907,29.197259794003912,29.197259794003912,,,907.0,0.0,1.0,1.0
2e2dd623-9fb6-4170-a22a-a1a0593e1884,math:Orz57K,597,2026-04-23T02:20:21.338724Z,2026-04-23T02:22:09.991489Z,108.652765,1,True,True,True,1.0,1.0,0.009203631403213714,0.009203631403213714,0.0,,1540,377,1917,106.15460356599942,106.15460356599942,,,1917.0,0.0,1.0,1.0
b961520d-6799-4d89-a8e9-9732376ab258,math:Orz57K,594,2026-04-23T02:20:21.353352Z,2026-04-23T02:20:53.867412Z,32.51406,1,True,True,False,0.0,0.0,0.030755925282785354,0.0,0.0,,645,461,1106,31.806090448008035,31.806090448008035,,,1106.0,0.0,1.0,1.0
9df75f36-e070-4b1d-9371-d7749eea00de,math:Orz57K,595,2026-04-23T02:20:21.395223Z,2026-04-23T02:21:04.682969Z,43.287746,1,True,True,False,0.0,0.0,0.023101225921996493,0.0,0.0,,599,544,1143,42.579632869994384,42.579632869994384,,,1143.0,0.0,1.0,1.0
c86b359d-44f4-46f3-b5f8-102ea8c9364c,math:Orz57K,596,2026-04-23T02:20:21.365619Z,2026-04-23T02:22:13.645315Z,112.279696,1,True,True,True,1.0,1.0,0.00890632977844899,0.00890632977844899,0.0,,1334,216,1550,109.86653868301073,109.86653868301073,,,1550.0,0.0,1.0,1.0
7bbeb587-a5a2-4b9a-8183-db9e3676bcb8,math:Orz57K,597,2026-04-23T02:20:21.372702Z,2026-04-23T02:22:17.976656Z,116.603954,1,True,True,True,1.0,1.0,0.008576038510666628,0.008576038510666628,0.0,,1540,377,1917,114.07945208899037,114.07945208899037,,,1917.0,0.0,1.0,1.0
a2e19907-d649-4096-973f-211005d19229,math:Orz57K,598,2026-04-23T02:20:21.493059Z,2026-04-23T02:21:44.222590Z,82.729531,1,True,True,False,0.0,0.0,0.012087582123486233,0.0,0.0,,662,504,1166,81.99503140000161,81.99503140000161,,,1166.0,0.0,1.0,1.0
5f361452-de27-486d-b14e-8be7900a8950,math:Orz57K,595,2026-04-23T02:20:21.349217Z,2026-04-23T02:20:48.480977Z,27.13176,1,True,True,False,0.0,0.0,0.036857174027781464,0.0,0.0,,599,544,1143,26.43095477600582,26.43095477600582,,,1143.0,0.0,1.0,1.0
db0710b5-005e-46ee-8c47-9337bb1a0c06,math:Orz57K,596,2026-04-23T02:20:21.387141Z,2026-04-23T02:21:11.798407Z,50.411266,1,True,True,True,1.0,1.0,0.019836835678754824,0.019836835678754824,0.0,,572,335,907,49.65291607299878,49.65291607299878,,,907.0,0.0,1.0,1.0
e339c164-562b-4855-8dff-4a7030f80993,math:Orz57K,597,2026-04-23T02:20:21.437902Z,2026-04-23T02:22:36.392870Z,134.954968,1,True,True,True,1.0,1.0,0.007409879123531043,0.007409879123531043,0.0,,1636,484,2120,132.46914032999484,132.46914032999484,,,2120.0,0.0,1.0,1.0
120c019d-20d5-4e72-a7b3-06f48a9bd309,math:Orz57K,598,2026-04-23T02:20:21.379924Z,2026-04-23T02:21:01.664873Z,40.284949,1,True,True,False,0.0,0.0,0.024823166587600747,0.0,0.0,,662,504,1166,39.5355584880017,39.5355584880017,,,1166.0,0.0,1.0,1.0
c7086d3e-976b-4751-969b-bcbda580e82b,math:Orz57K,599,2026-04-23T02:20:21.488023Z,2026-04-23T02:21:52.070893Z,90.58287,1,True,True,False,0.0,0.0,0.011039614885242651,0.0,0.0,,636,645,1281,89.84983265599294,89.84983265599294,,,1281.0,0.0,1.0,1.0
5f8a538b-d563-47dd-9a41-7c82e3324682,math:Orz57K,596,2026-04-23T02:20:21.361065Z,2026-04-23T02:22:10.392407Z,109.031342,1,True,True,True,1.0,1.0,0.009171674691484583,0.009171674691484583,0.0,,1334,216,1550,106.56554118302302,106.56554118302302,,,1550.0,0.0,1.0,1.0
cc1dd363-7568-4b9f-bec6-cf3829025e8b,math:Orz57K,597,2026-04-23T02:20:21.417198Z,2026-04-23T02:22:36.048336Z,134.631138,1,True,True,True,1.0,1.0,0.007427702200660296,0.007427702200660296,0.0,,1540,377,1917,132.20903652298148,132.20903652298148,,,1917.0,0.0,1.0,1.0
0f810d64-41ea-4e3e-8ca3-4ca1eb012863,math:Orz57K,598,2026-04-23T02:20:21.402017Z,2026-04-23T02:21:14.613673Z,53.211656,1,True,True,False,0.0,0.0,0.018792875004679428,0.0,0.0,,662,504,1166,52.46181625800091,52.46181625800091,,,1166.0,0.0,1.0,1.0
2bd487a0-2922-41cf-a390-bd68ac8e6c0f,math:Orz57K,599,2026-04-23T02:20:21.407862Z,2026-04-23T02:21:08.978011Z,47.570149,1,True,True,False,0.0,0.0,0.021021586457507208,0.0,0.0,,636,762,1398,46.862435385002755,46.862435385002755,,,1398.0,0.0,1.0,1.0
4253fd1b-717d-4cc8-bd63-56104863a979,math:Orz57K,600,2026-04-23T02:20:21.452530Z,2026-04-23T02:24:43.426756Z,261.974226,1,True,True,False,0.0,0.0,0.003817169403527506,0.0,0.0,,5636,1910,7546,256.05693158501526,256.05693158501526,,,7546.0,0.0,1.0,1.0
84c3f821-9fa1-4d59-8502-3a59ba947183,math:Orz57K,597,2026-04-23T02:20:21.432525Z,2026-04-23T02:22:34.699645Z,133.26712,1,True,True,True,1.0,1.0,0.007503726350505661,0.007503726350505661,0.0,,1540,377,1917,130.83057965399348,130.83057965399348,,,1917.0,0.0,1.0,1.0
01cc1944-a081-4d2b-9913-e1767bf393d8,math:Orz57K,598,2026-04-23T02:20:21.425008Z,2026-04-23T02:21:17.363593Z,55.938585,1,True,True,False,0.0,0.0,0.01787674822307357,0.0,0.0,,662,491,1153,55.17182953500014,55.17182953500014,,,1153.0,0.0,1.0,1.0
c95e49d5-5532-4656-a0d8-f54f645d9309,math:Orz57K,599,2026-04-23T02:20:21.446879Z,2026-04-23T02:21:33.506109Z,72.05923,1,True,True,False,0.0,0.0,0.01387747274013336,0.0,0.0,,636,762,1398,71.34673632499471,71.34673632499471,,,1398.0,0.0,1.0,1.0
41bb45ad-e9bb-43c4-a678-8f6a10de7c8e,math:Orz57K,600,2026-04-23T02:20:21.474496Z,2026-04-23T02:21:41.478129Z,80.003633,1,True,True,False,0.0,0.0,0.01249943236952752,0.0,0.0,,580,686,1266,79.197213292995,79.197213292995,,,1266.0,0.0,1.0,1.0
2b0b277b-cd54-4cbd-abd1-f5e1d52a63ce,math:Orz57K,601,2026-04-23T02:20:21.477747Z,2026-04-23T02:21:22.072397Z,60.59465,1,True,True,False,0.0,0.0,0.016503107122493487,0.0,0.0,,610,514,1124,59.90342357700865,59.90342357700865,,,1124.0,0.0,1.0,1.0
9ae94fc0-c7b1-4719-869f-7f56f59268fc,math:Orz57K,598,2026-04-23T02:20:21.413683Z,2026-04-23T02:21:29.250661Z,67.836978,1,True,True,False,0.0,0.0,0.014741222700103179,0.0,0.0,,662,504,1166,67.10203646500304,67.10203646500304,,,1166.0,0.0,1.0,1.0
eeb66109-f8d7-47db-94a6-d36802a53e2b,math:Orz57K,599,2026-04-23T02:20:21.463698Z,2026-04-23T02:21:48.509622Z,87.045924,1,True,True,False,0.0,0.0,0.011488188694510269,0.0,0.0,,636,762,1398,86.28521345899208,86.28521345899208,,,1398.0,0.0,1.0,1.0
14a29510-a46c-4f0d-875d-cf5102f64cd6,math:Orz57K,600,2026-04-23T02:20:26.120812Z,2026-04-23T02:24:53.503630Z,267.382818,1,True,True,False,0.0,0.0,0.0037399560954586098,0.0,0.0,,5636,1910,7546,261.45541891199537,261.45541891199537,,,7546.0,0.0,1.0,1.0
17af0daf-5c70-456e-adb5-a9fc6709ac26,math:Orz57K,601,2026-04-23T02:20:31.444805Z,2026-04-23T02:21:58.953714Z,87.508909,1,True,True,False,0.0,0.0,0.011427407922546491,0.0,0.0,,610,514,1124,86.78651148399513,86.78651148399513,,,1124.0,0.0,1.0,1.0
6e89d2a4-2743-42f6-9fc5-6579f840a53c,math:Orz57K,602,2026-04-23T02:20:34.019600Z,2026-04-23T02:22:00.757906Z,86.738306,1,True,True,False,0.0,0.0,0.011528931634888051,0.0,0.0,,636,315,951,85.9908226319967,85.9908226319967,,,951.0,0.0,1.0,1.0
4c4eec4c-70e1-4dff-af2b-65f8e74e006c,math:Orz57K,599,2026-04-23T02:20:39.473886Z,2026-04-23T02:22:05.009667Z,85.535781,1,True,True,False,0.0,0.0,0.011691013846006737,0.0,0.0,,636,762,1398,84.79273581899179,84.79273581899179,,,1398.0,0.0,1.0,1.0
7b05c654-8e1f-4682-8947-67a39f50ddc2,math:Orz57K,600,2026-04-23T02:20:42.682798Z,2026-04-23T02:25:02.103791Z,259.420993,1,True,True,False,0.0,0.0,0.003854738155288766,0.0,0.0,,5636,1910,7546,253.29239489298197,253.29239489298197,,,7546.0,0.0,1.0,1.0
a7ba6a78-0e21-4608-bebe-c526062c5dd4,math:Orz57K,601,2026-04-23T02:20:48.504070Z,2026-04-23T02:22:13.241694Z,84.737624,1,True,True,False,0.0,0.0,0.011801133343082644,0.0,0.0,,610,514,1124,84.03469350299565,84.03469350299565,,,1124.0,0.0,1.0,1.0
61318ae5-12ab-4e62-b3d2-aa502b203508,math:Orz57K,602,2026-04-23T02:20:51.304179Z,2026-04-23T02:22:16.598999Z,85.29482,1,True,True,False,0.0,0.0,0.011724041389617799,0.0,0.0,,636,530,1166,84.56835484399926,84.56835484399926,,,1166.0,0.0,1.0,1.0
d43693cf-b54d-4684-a0bc-a5b59c170e8d,math:Orz57K,603,2026-04-23T02:20:53.891943Z,2026-04-23T02:23:14.459598Z,140.567655,1,True,True,True,1.0,1.0,0.007114012110396236,0.007114012110396236,0.0,,1359,259,1618,138.09766591899097,138.09766591899097,,,1618.0,0.0,1.0,1.0
01fcfbb3-19a6-4056-918a-529f81de258f,math:Orz57K,600,2026-04-23T02:20:58.813227Z,2026-04-23T02:25:12.273466Z,253.460239,1,True,True,False,0.0,0.0,0.0039453920028853125,0.0,0.0,,5636,1910,7546,247.6444657079992,247.6444657079992,,,7546.0,0.0,1.0,1.0
ae9f3cab-1989-4954-b08c-bf8719f8bba4,math:Orz57K,601,2026-04-23T02:21:01.688717Z,2026-04-23T02:22:24.904676Z,83.215959,1,True,True,False,0.0,0.0,0.012016925743774701,0.0,0.0,,610,514,1124,82.47641710400057,82.47641710400057,,,1124.0,0.0,1.0,1.0
de296ac5-5e1f-42ab-a800-563cee9f1d57,math:Orz57K,602,2026-04-23T02:21:04.707411Z,2026-04-23T02:22:26.634306Z,81.926895,1,True,True,False,0.0,0.0,0.012206003901405027,0.0,0.0,,636,315,951,81.22464181600662,81.22464181600662,,,951.0,0.0,1.0,1.0
ffa95dbc-1f6e-4f3d-958d-05fddcb00e95,math:Orz57K,603,2026-04-23T02:21:09.001491Z,2026-04-23T02:23:24.202217Z,135.200726,1,True,True,True,1.0,1.0,0.007396409986733355,0.007396409986733355,0.0,,1359,259,1618,132.75416745901748,132.75416745901748,,,1618.0,0.0,1.0,1.0
7eed6ef4-8e6b-4053-8ec2-56daf2f6df7b,math:Orz57K,604,2026-04-23T02:21:11.823645Z,2026-04-23T02:22:29.797861Z,77.974216,1,True,True,True,1.0,1.0,0.012824752223222097,0.012824752223222097,0.0,,556,302,858,77.25573237099161,77.25573237099161,,,858.0,0.0,1.0,1.0
c42cb40e-35ba-484b-8610-1177dc91f666,math:Orz57K,601,2026-04-23T02:21:14.635962Z,2026-04-23T02:22:32.686530Z,78.050568,1,True,True,False,0.0,0.0,0.012812206568439066,0.0,0.0,,610,514,1124,77.32013183599338,77.32013183599338,,,1124.0,0.0,1.0,1.0
f8f5d489-6230-4099-8365-538c7731e483,math:Orz57K,602,2026-04-23T02:21:17.388241Z,2026-04-23T02:22:34.429876Z,77.041635,1,True,True,False,0.0,0.0,0.012979994518548315,0.0,0.0,,636,315,951,76.33464239699242,76.33464239699242,,,951.0,0.0,1.0,1.0
e54cc21f-b5cd-422c-a071-4ec2a12aa0e2,math:Orz57K,603,2026-04-23T02:21:22.096929Z,2026-04-23T02:23:37.463765Z,135.366836,1,True,True,True,1.0,1.0,0.007387333777972028,0.007387333777972028,0.0,,1359,259,1618,132.7877432370151,132.7877432370151,,,1618.0,0.0,1.0,1.0
5154e213-e2ea-4f46-ac94-c4f127a0611d,math:Orz57K,604,2026-04-23T02:21:29.274419Z,2026-04-23T02:22:38.093472Z,68.819053,1,True,True,True,1.0,1.0,0.014530859644348783,0.014530859644348783,0.0,,556,302,858,68.08662231900962,68.08662231900962,,,858.0,0.0,1.0,1.0
0172d6b5-47bf-4572-9d3d-386df67a5748,math:Orz57K,605,2026-04-23T02:21:33.534199Z,2026-04-23T02:22:41.081110Z,67.546911,1,True,True,True,1.0,1.0,0.014804525998235509,0.014804525998235509,0.0,,654,530,1184,66.78924208699027,66.78924208699027,,,1184.0,0.0,1.0,1.0
f276cc66-4036-414b-802b-6c6ff44e7033,math:Orz57K,602,2026-04-23T02:21:41.502787Z,2026-04-23T02:22:46.310845Z,64.808058,1,True,True,False,0.0,0.0,0.01543017999397544,0.0,0.0,,636,530,1166,64.08626492800249,64.08626492800249,,,1166.0,0.0,1.0,1.0
38b7a98a-a442-4f46-a32c-015ddaad9d41,math:Orz57K,603,2026-04-23T02:21:44.247361Z,2026-04-23T02:23:47.220077Z,122.972716,1,True,True,True,1.0,1.0,0.0081318851248272,0.0081318851248272,0.0,,1359,259,1618,120.53755819400249,120.53755819400249,,,1618.0,0.0,1.0,1.0
94ff821f-44b2-43be-b95b-bef71e074be8,math:Orz57K,604,2026-04-23T02:21:48.533165Z,2026-04-23T02:22:49.140836Z,60.607671,1,True,True,True,1.0,1.0,0.016499561581899427,0.016499561581899427,0.0,,556,302,858,59.878302072000224,59.878302072000224,,,858.0,0.0,1.0,1.0
39e7abba-0f98-4b2e-918a-7de290312c0a,math:Orz57K,605,2026-04-23T02:21:52.095770Z,2026-04-23T02:22:52.072708Z,59.976938,1,True,True,True,1.0,1.0,0.01667307524102014,0.01667307524102014,0.0,,654,530,1184,59.277197766001336,59.277197766001336,,,1184.0,0.0,1.0,1.0
8d7744d5-4dc0-4ce7-8d53-e94ff5ae926a,math:Orz57K,606,2026-04-23T02:21:58.977453Z,2026-04-23T02:22:55.608334Z,56.630881,1,True,True,True,1.0,1.0,0.01765821019100868,0.01765821019100868,0.0,,567,204,771,55.8506747729989,55.8506747729989,,,771.0,0.0,1.0,1.0
d560b2b0-abf2-4160-9471-e0aaf877f376,math:Orz57K,603,2026-04-23T02:22:00.781957Z,2026-04-23T02:23:57.729048Z,116.947091,1,True,True,True,1.0,1.0,0.008550875369785813,0.008550875369785813,0.0,,1359,259,1618,114.43116226700658,114.43116226700658,,,1618.0,0.0,1.0,1.0
20dd3f56-18a9-4a57-abaa-a0a577b76050,math:Orz57K,604,2026-04-23T02:22:05.034626Z,2026-04-23T02:22:58.435106Z,53.40048,1,True,True,True,1.0,1.0,0.01872642343289798,0.01872642343289798,0.0,,556,302,858,52.65501460699306,52.65501460699306,,,858.0,0.0,1.0,1.0
58dc224e-8227-4515-b601-dfb0a224c6cd,math:Orz57K,605,2026-04-23T02:22:10.016131Z,2026-04-23T02:23:01.897225Z,51.881094,1,True,True,True,1.0,1.0,0.01927484412722677,0.01927484412722677,0.0,,654,530,1184,51.11316164500022,51.11316164500022,,,1184.0,0.0,1.0,1.0
8c701175-c7b8-483b-a20d-8c4d7e71b002,math:Orz57K,606,2026-04-23T02:22:10.415745Z,2026-04-23T02:23:03.023874Z,52.608129,1,True,True,True,1.0,1.0,0.01900846920444557,0.01900846920444557,0.0,,567,204,771,51.86382711099577,51.86382711099577,,,771.0,0.0,1.0,1.0
f31620e2-3da6-4527-9399-814370425952,math:Orz57K,607,2026-04-23T02:22:13.268463Z,2026-04-23T02:23:08.241189Z,54.972726,1,True,True,False,0.0,0.0,0.018190838853434338,0.0,0.0,,590,518,1108,54.26134035800351,54.26134035800351,,,1108.0,0.0,1.0,1.0
b5ca49cc-8c56-4c7b-a893-dacb9420087d,math:Orz57K,604,2026-04-23T02:22:13.669290Z,2026-04-23T02:23:09.963445Z,56.294155,1,True,True,True,1.0,1.0,0.017763833563182535,0.017763833563182535,0.0,,556,302,858,55.5593809139973,55.5593809139973,,,858.0,0.0,1.0,1.0
b218724d-45d8-4943-b033-8a09bfa6a022,math:Orz57K,605,2026-04-23T02:22:16.621596Z,2026-04-23T02:23:12.915590Z,56.293994,1,True,True,True,1.0,1.0,0.01776388436748688,0.01776388436748688,0.0,,654,530,1184,55.56902290099242,55.56902290099242,,,1184.0,0.0,1.0,1.0
5bb81385-c057-4daf-ad7a-ea048812a3d9,math:Orz57K,606,2026-04-23T02:22:18.000105Z,2026-04-23T02:23:14.056872Z,56.056767,1,True,True,True,1.0,1.0,0.017839059466272823,0.017839059466272823,0.0,,567,204,771,55.33473721699556,55.33473721699556,,,771.0,0.0,1.0,1.0
aec51e99-b45a-4680-a6d8-5af682a6faa9,math:Orz57K,607,2026-04-23T02:22:24.928703Z,2026-04-23T02:23:19.654792Z,54.726089,1,True,True,False,0.0,0.0,0.01827282048238455,0.0,0.0,,590,518,1108,53.9882089469902,53.9882089469902,,,1108.0,0.0,1.0,1.0
7644e484-9f39-4b82-99d2-10753e08da5a,math:Orz57K,608,2026-04-23T02:22:26.656900Z,2026-04-23T02:25:14.545736Z,167.888836,1,True,True,False,0.0,0.0,0.005956322194049877,0.0,0.0,,2510,566,3076,163.78690608298348,163.78690608298348,,,3076.0,0.0,1.0,1.0
2b71a307-6d10-4cb6-9a2d-da70dedcd8b4,math:Orz57K,605,2026-04-23T02:22:28.137909Z,2026-04-23T02:23:23.824204Z,55.686295,1,True,True,True,1.0,1.0,0.017957739871183744,0.017957739871183744,0.0,,654,530,1184,54.96959172700008,54.96959172700008,,,1184.0,0.0,1.0,1.0
77e7daac-05d4-45af-bb56-550a933ff9dc,math:Orz57K,606,2026-04-23T02:22:29.822512Z,2026-04-23T02:23:25.343403Z,55.520891,1,True,True,True,1.0,1.0,0.018011238328289797,0.018011238328289797,0.0,,567,204,771,54.80210430800798,54.80210430800798,,,771.0,0.0,1.0,1.0
b5feca37-8729-4ef5-a887-14cfc42b4f4a,math:Orz57K,607,2026-04-23T02:22:32.710640Z,2026-04-23T02:23:28.259689Z,55.549049,1,True,True,False,0.0,0.0,0.018002108370928187,0.0,0.0,,590,518,1108,54.80599371000426,54.80599371000426,,,1108.0,0.0,1.0,1.0
9b351d79-2a8a-46bc-8a3d-f4ec52f6763c,math:Orz57K,608,2026-04-23T02:22:34.454224Z,2026-04-23T02:25:18.057891Z,163.603667,1,True,True,False,0.0,0.0,0.006112332433233296,0.0,0.0,,2510,566,3076,159.29274399401038,159.29274399401038,,,3076.0,0.0,1.0,1.0
55f33826-dc8e-4fb0-87b4-9e6ce830ea83,math:Orz57K,609,2026-04-23T02:22:34.721896Z,2026-04-23T02:23:33.014905Z,58.293009,1,True,True,False,0.0,0.0,0.017154715756738513,0.0,0.0,,630,641,1271,57.55849030599347,57.55849030599347,,,1271.0,0.0,1.0,1.0
9e69d32f-9f90-4f51-9b79-4dbc402f4bda,math:Orz57K,606,2026-04-23T02:22:36.074379Z,2026-04-23T02:23:34.167633Z,58.093254,1,True,True,True,1.0,1.0,0.01721370264437244,0.01721370264437244,0.0,,567,204,771,57.36268630399718,57.36268630399718,,,771.0,0.0,1.0,1.0
4d34a425-891e-4aaa-9652-35d680ba5576,math:Orz57K,607,2026-04-23T02:22:36.415956Z,2026-04-23T02:23:37.075507Z,60.659551,1,True,True,False,0.0,0.0,0.016485450081884054,0.0,0.0,,590,518,1108,59.91392770598759,59.91392770598759,,,1108.0,0.0,1.0,1.0
9c3f62aa-2e69-452b-9f95-f2d902a8cf46,math:Orz57K,608,2026-04-23T02:22:38.118505Z,2026-04-23T02:25:22.349033Z,164.230528,1,True,True,False,0.0,0.0,0.006089001918084316,0.0,0.0,,2510,566,3076,160.14134718799323,160.14134718799323,,,3076.0,0.0,1.0,1.0
2708192e-4692-477c-a17d-f17c6685eaf0,math:Orz57K,609,2026-04-23T02:22:41.105137Z,2026-04-23T02:23:42.228502Z,61.123365,1,True,True,False,0.0,0.0,0.016360355814834474,0.0,0.0,,630,641,1271,60.403603977989405,60.403603977989405,,,1271.0,0.0,1.0,1.0
02c307e2-fead-48a5-b7e6-9d27889d2737,math:Orz57K,610,2026-04-23T02:22:46.334396Z,2026-04-23T02:23:46.826820Z,60.492424,1,True,True,False,0.0,0.0,0.016530995683029664,0.0,0.0,,553,396,949,59.7832635169907,59.7832635169907,,,949.0,0.0,1.0,1.0
94b5efb6-73d2-4537-8fdf-e9a530459f88,math:Orz57K,607,2026-04-23T02:22:49.164638Z,2026-04-23T02:23:50.119721Z,60.955083,1,True,True,False,0.0,0.0,0.016405522735487045,0.0,0.0,,590,518,1108,60.226221125005395,60.226221125005395,,,1108.0,0.0,1.0,1.0
0dd2bb4f-1493-4967-afa4-97a77e90a4b6,math:Orz57K,608,2026-04-23T02:22:52.097355Z,2026-04-23T02:25:27.667776Z,155.570421,1,True,True,False,0.0,0.0,0.0064279571500291816,0.0,0.0,,2510,566,3076,151.36817308199534,151.36817308199534,,,3076.0,0.0,1.0,1.0
357336dc-2bee-4d41-9f03-fa24bda4ad0d,math:Orz57K,609,2026-04-23T02:22:55.629688Z,2026-04-23T02:23:57.350950Z,61.721262,1,True,True,False,0.0,0.0,0.016201872217065167,0.0,0.0,,630,641,1271,60.988341780001065,60.988341780001065,,,1271.0,0.0,1.0,1.0
998feaed-f308-486b-8f40-fd8fb4db6ede,math:Orz57K,610,2026-04-23T02:22:58.460250Z,2026-04-23T02:23:59.978171Z,61.517921,1,True,True,True,1.0,1.0,0.016255425796980364,0.016255425796980364,0.0,,553,417,970,60.808279304997995,60.808279304997995,,,970.0,0.0,1.0,1.0
2211a04e-7bd3-4720-9ba8-8457ddce29f7,math:Orz57K,611,2026-04-23T02:22:58.902875Z,2026-04-23T02:24:01.774055Z,62.87118,1,True,True,False,0.0,0.0,0.015905538913060006,0.0,0.0,,563,322,885,62.17194750500494,62.17194750500494,,,885.0,0.0,1.0,1.0
61cf4967-783d-4423-9fbf-021c48a6c6d6,math:Orz57K,608,2026-04-23T02:23:01.921931Z,2026-04-23T02:25:38.369951Z,156.44802,1,True,True,False,0.0,0.0,0.00639189936695907,0.0,0.0,,2510,566,3076,152.25993104699592,152.25993104699592,,,3076.0,0.0,1.0,1.0
63511e2d-1bfa-4827-b702-5046c2f23b11,math:Orz57K,609,2026-04-23T02:23:03.046059Z,2026-04-23T02:24:06.630392Z,63.584333,1,True,True,False,0.0,0.0,0.015727144609663516,0.0,0.0,,630,641,1271,62.833710221006186,62.833710221006186,,,1271.0,0.0,1.0,1.0
5338c01f-c3e2-47c4-80aa-c41f02deff82,math:Orz57K,610,2026-04-23T02:23:08.263908Z,2026-04-23T02:24:11.239377Z,62.975469,1,True,True,False,0.0,0.0,0.015879198930618524,0.0,0.0,,553,396,949,62.23756068800867,62.23756068800867,,,949.0,0.0,1.0,1.0
99ac74f3-7950-4483-83ff-39fbcd6fe8c0,math:Orz57K,611,2026-04-23T02:23:09.987436Z,2026-04-23T02:24:13.015005Z,63.027569,1,True,True,False,0.0,0.0,0.01586607282917734,0.0,0.0,,563,322,885,62.31982268100546,62.31982268100546,,,885.0,0.0,1.0,1.0
a191594f-27c5-4255-b1b9-8dd3c49baf7b,math:Orz57K,612,2026-04-23T02:23:12.940992Z,2026-04-23T02:25:05.113648Z,112.172656,1,True,True,True,1.0,1.0,0.008914828583536436,0.008914828583536436,0.0,,1598,246,1844,109.5505043620069,109.5505043620069,,,1844.0,0.0,1.0,1.0
71380a07-0929-4a85-8faa-286742b44f7c,math:Orz57K,609,2026-04-23T02:23:14.083762Z,2026-04-23T02:24:17.763722Z,63.67996,1,True,True,False,0.0,0.0,0.015703527451964478,0.0,0.0,,630,641,1271,62.951513677995536,62.951513677995536,,,1271.0,0.0,1.0,1.0
facc6cff-c9d3-4903-a570-10c6a1c200b2,math:Orz57K,610,2026-04-23T02:23:14.482947Z,2026-04-23T02:24:19.946155Z,65.463208,1,True,True,False,0.0,0.0,0.015275756116321097,0.0,0.0,,553,396,949,64.76942601198971,64.76942601198971,,,949.0,0.0,1.0,1.0
f17f9b5c-c463-45dc-9ec1-76a9f47effb1,math:Orz57K,611,2026-04-23T02:23:19.678912Z,2026-04-23T02:24:24.180424Z,64.501512,1,True,True,False,0.0,0.0,0.015503512537814616,0.0,0.0,,563,322,885,63.78002631900017,63.78002631900017,,,885.0,0.0,1.0,1.0
e255dd68-6b04-4c8e-a6c0-ecacd72682af,math:Orz57K,612,2026-04-23T02:23:23.847301Z,2026-04-23T02:25:14.864922Z,111.017621,1,True,True,True,1.0,1.0,0.009007579076118015,0.009007579076118015,0.0,,1598,246,1844,108.53375443100231,108.53375443100231,,,1844.0,0.0,1.0,1.0
18120a94-585d-4cf3-a621-c7afa35d09e7,math:Orz57K,613,2026-04-23T02:23:24.226090Z,2026-04-23T02:25:15.011875Z,110.785785,1,True,True,True,1.0,1.0,0.009026428796799156,0.009026428796799156,0.0,,1416,255,1671,108.31712851900375,108.31712851900375,,,1671.0,0.0,1.0,1.0
ea033b3b-1b77-4b0e-812d-0270359247fd,math:Orz57K,610,2026-04-23T02:23:25.367269Z,2026-04-23T02:24:30.101313Z,64.734044,1,True,True,False,0.0,0.0,0.015447822169120162,0.0,0.0,,553,396,949,64.03006473700225,64.03006473700225,,,949.0,0.0,1.0,1.0
2bafe695-02cd-47d1-acd7-f3aef98f3e2f,math:Orz57K,611,2026-04-23T02:23:28.284239Z,2026-04-23T02:24:31.917697Z,63.633458,1,True,True,False,0.0,0.0,0.015715003261334626,0.0,0.0,,563,322,885,62.91932274599094,62.91932274599094,,,885.0,0.0,1.0,1.0
983e4e3f-01fd-4a8d-bc6b-b73af4c289c8,math:Orz57K,612,2026-04-23T02:23:33.038799Z,2026-04-23T02:25:18.393666Z,105.354867,1,True,True,True,1.0,1.0,0.00949173045797685,0.00949173045797685,0.0,,1598,246,1844,102.78985246100638,102.78985246100638,,,1844.0,0.0,1.0,1.0
2eae1691-38be-47b5-8d87-5cd6fea211c6,math:Orz57K,613,2026-04-23T02:23:34.191653Z,2026-04-23T02:25:20.011281Z,105.819628,1,True,True,True,1.0,1.0,0.009450042670722676,0.009450042670722676,0.0,,1416,255,1671,103.27094592299545,103.27094592299545,,,1671.0,0.0,1.0,1.0
86339d54-db0d-4ac0-8524-01b19a15eec4,math:Orz57K,614,2026-04-23T02:23:37.108179Z,2026-04-23T02:24:36.693047Z,59.584868,1,True,True,False,0.0,0.0,0.0167827845150215,0.0,0.0,,593,163,756,58.82432314399921,58.82432314399921,,,756.0,0.0,1.0,1.0
93a67a88-e43b-41ae-b37b-90d710660e25,math:Orz57K,611,2026-04-23T02:23:37.489113Z,2026-04-23T02:24:38.541078Z,61.051965,1,True,True,False,0.0,0.0,0.016379489177784857,0.0,0.0,,563,322,885,60.32473046600353,60.32473046600353,,,885.0,0.0,1.0,1.0
4f345c3f-8fa2-4580-b006-013e08188ebb,math:Orz57K,612,2026-04-23T02:23:42.253243Z,2026-04-23T02:25:22.668424Z,100.415181,1,True,True,True,1.0,1.0,0.009958653562552459,0.009958653562552459,0.0,,1598,246,1844,97.93283524100843,97.93283524100843,,,1844.0,0.0,1.0,1.0
82f553f4-6a08-4389-b0b8-0ca2787a3aa6,math:Orz57K,613,2026-04-23T02:23:46.850612Z,2026-04-23T02:25:25.927832Z,99.07722,1,True,True,False,0.0,0.0,0.01009313745379614,0.0,0.0,,1478,318,1796,96.60002980298304,96.60002980298304,,,1796.0,0.0,1.0,1.0
0164802f-bcdd-4a4d-941a-68ca1f010338,math:Orz57K,614,2026-04-23T02:23:47.243898Z,2026-04-23T02:24:46.027454Z,58.783556,1,True,True,False,0.0,0.0,0.017011560171691552,0.0,0.0,,593,163,756,58.04158066298987,58.04158066298987,,,756.0,0.0,1.0,1.0
26f111ab-8a49-46c8-a00f-5d4f1dc3f9e1,math:Orz57K,615,2026-04-23T02:23:50.143695Z,2026-04-23T02:25:26.883713Z,96.740018,1,True,True,False,0.0,0.0,0.01033698381160111,0.0,0.0,,1860,817,2677,94.2011513329926,94.2011513329926,,,2677.0,0.0,1.0,1.0
a09e0942-8aab-4a66-8b3a-6bd3784510ff,math:Orz57K,612,2026-04-23T02:23:57.374698Z,2026-04-23T02:24:54.329739Z,56.955041,1,True,True,False,0.0,0.0,0.017557708368606036,0.0,0.0,,682,152,834,56.23515497299377,56.23515497299377,,,834.0,0.0,1.0,1.0
f22c9bc3-e545-4707-8e97-21abf7b944b3,math:Orz57K,613,2026-04-23T02:23:57.753757Z,2026-04-23T02:24:55.414273Z,57.660516,1,True,True,True,1.0,1.0,0.017342890237055805,0.017342890237055805,0.0,,572,194,766,56.94817877600144,56.94817877600144,,,766.0,0.0,1.0,1.0
fcf9be78-d991-4bcf-bc83-6c6174276a93,math:Orz57K,614,2026-04-23T02:24:00.002874Z,2026-04-23T02:24:56.351664Z,56.34879,1,True,True,False,0.0,0.0,0.01774660999819162,0.0,0.0,,593,163,756,55.616744873987045,55.616744873987045,,,756.0,0.0,1.0,1.0
75a9854f-6710-4fe2-afbe-972c0de30434,math:Orz57K,615,2026-04-23T02:24:01.798270Z,2026-04-23T02:26:26.109749Z,144.311479,1,True,True,False,0.0,0.0,0.006929455694927775,0.0,0.0,,2367,373,2740,139.91956414798915,139.91956414798915,,,2740.0,0.0,1.0,1.0
8bc2f21c-b9fc-4648-9f64-c78f3a20b27d,math:Orz57K,616,2026-04-23T02:24:06.654362Z,2026-04-23T02:25:38.683851Z,92.029489,1,True,True,True,1.0,1.0,0.010866082283690612,0.010866082283690612,0.0,,1393,220,1613,89.49846284498926,89.49846284498926,,,1613.0,0.0,1.0,1.0
b36c75e5-91c2-44b5-8ab7-b7c567b5fcb6,math:Orz57K,613,2026-04-23T02:24:11.265133Z,2026-04-23T02:25:39.797642Z,88.532509,1,True,True,False,0.0,0.0,0.011295285893230474,0.0,0.0,,1478,318,1796,86.01349174899224,86.01349174899224,,,1796.0,0.0,1.0,1.0
ba8b4129-fa3f-442a-bd71-3261bc449271,math:Orz57K,614,2026-04-23T02:24:13.040282Z,2026-04-23T02:25:04.749963Z,51.709681,1,True,True,False,0.0,0.0,0.019338738523643182,0.0,0.0,,593,163,756,50.895788595997146,50.895788595997146,,,756.0,0.0,1.0,1.0
da534a0f-2168-43cf-9adf-aa5b9adb84a7,math:Orz57K,615,2026-04-23T02:24:17.788391Z,2026-04-23T02:25:43.898117Z,86.109726,1,True,True,False,0.0,0.0,0.01161309002423257,0.0,0.0,,1860,817,2677,83.5831060710043,83.5831060710043,,,2677.0,0.0,1.0,1.0
7515e77a-9cf0-4af0-9977-651360cfd86c,math:Orz57K,616,2026-04-23T02:24:19.970433Z,2026-04-23T02:25:44.140338Z,84.169905,1,True,True,True,1.0,1.0,0.011880731004745699,0.011880731004745699,0.0,,1399,221,1620,81.71576805200311,81.71576805200311,,,1620.0,0.0,1.0,1.0
22d47c4e-4a98-45ca-82a9-2eb8bbec179f,math:Orz57K,617,2026-04-23T02:24:24.204987Z,2026-04-23T02:25:13.753069Z,49.548082,1,True,True,False,0.0,0.0,0.02018241594094399,0.0,0.0,,650,267,917,48.820550032003666,48.820550032003666,,,917.0,0.0,1.0,1.0
64c7c0aa-d09e-4c0a-a1e7-97bf2e000330,math:Orz57K,614,2026-04-23T02:24:30.125612Z,2026-04-23T02:25:15.961599Z,45.835987,1,True,True,False,0.0,0.0,0.02181691865825863,0.0,0.0,,593,167,760,45.10754784299934,45.10754784299934,,,760.0,0.0,1.0,1.0
e1d3a14f-7161-4c52-8d4c-2c3376c14200,math:Orz57K,615,2026-04-23T02:24:31.942470Z,2026-04-23T02:25:58.679751Z,86.737281,1,True,True,True,1.0,1.0,0.011529067875669288,0.011529067875669288,0.0,,1434,287,1721,84.26407766400371,84.26407766400371,,,1721.0,0.0,1.0,1.0
4bebaae2-aabf-40e3-9360-54e1cdfbdd71,math:Orz57K,616,2026-04-23T02:24:36.717156Z,2026-04-23T02:26:04.577814Z,87.860658,1,True,True,False,0.0,0.0,0.011381658443759891,0.0,0.0,,1484,297,1781,85.31631058099447,85.31631058099447,,,1781.0,0.0,1.0,1.0
006f859f-a951-4b7e-9ccf-9fdce26ec0bd,math:Orz57K,617,2026-04-23T02:24:38.565022Z,2026-04-23T02:25:21.557333Z,42.992311,1,True,True,False,0.0,0.0,0.02325997316124737,0.0,0.0,,650,267,917,42.26099718599289,42.26099718599289,,,917.0,0.0,1.0,1.0
0f97af7b-1004-47cf-abd5-1c2cd37db5f8,math:Orz57K,618,2026-04-23T02:24:43.451245Z,2026-04-23T02:25:24.501905Z,41.05066,1,True,True,False,0.0,0.0,0.024360144270518427,0.0,0.0,,605,322,927,40.28503253898816,40.28503253898816,,,927.0,0.0,1.0,1.0
5b16637f-b829-445d-a87a-fd13715644e8,math:Orz57K,615,2026-04-23T02:24:46.051838Z,2026-04-23T02:26:14.091569Z,88.039731,1,True,True,True,1.0,1.0,0.011358508126291298,0.011358508126291298,0.0,,1434,287,1721,85.56301102299767,85.56301102299767,,,1721.0,0.0,1.0,1.0
e2020206-7891-4720-991c-ead82981bb2b,math:Orz57K,616,2026-04-23T02:24:53.528496Z,2026-04-23T02:26:18.268309Z,84.739813,1,True,True,False,0.0,0.0,0.011800828496045891,0.0,0.0,,1484,297,1781,82.19568739300303,82.19568739300303,,,1781.0,0.0,1.0,1.0
254944cf-247a-4955-8ac3-4e6c18809aeb,math:Orz57K,617,2026-04-23T02:24:54.353966Z,2026-04-23T02:25:30.653315Z,36.299349,1,True,True,False,0.0,0.0,0.027548703421650896,0.0,0.0,,650,267,917,35.5557022139983,35.5557022139983,,,917.0,0.0,1.0,1.0
8a85b1f2-30be-4f8f-9d55-02ee476884d9,math:Orz57K,618,2026-04-23T02:24:55.446455Z,2026-04-23T02:25:32.304705Z,36.85825,1,True,True,False,0.0,0.0,0.027130967965109578,0.0,0.0,,605,295,900,36.14212372498878,36.14212372498878,,,900.0,0.0,1.0,1.0
f39a06d5-567f-4fe9-a055-d0062f32bc18,math:Orz57K,619,2026-04-23T02:24:56.375540Z,2026-04-23T02:25:36.710473Z,40.334933,1,True,True,True,1.0,1.0,0.024792405134279015,0.024792405134279015,0.0,,645,784,1429,39.615681063995,39.615681063995,,,1429.0,0.0,1.0,1.0
9ac2f9ee-20ef-4cc9-ad18-1a0778d2882a,math:Orz57K,616,2026-04-23T02:25:02.128047Z,2026-04-23T02:26:31.569997Z,89.44195,1,True,True,True,1.0,1.0,0.01118043602582457,0.01118043602582457,0.0,,1382,208,1590,87.03074925999681,87.03074925999681,,,1590.0,0.0,1.0,1.0
1dfb25b9-916c-49d9-b068-9f15dfa5e301,math:Orz57K,617,2026-04-23T02:25:04.774755Z,2026-04-23T02:25:41.298005Z,36.52325,1,True,True,False,0.0,0.0,0.02737981970388725,0.0,0.0,,650,267,917,35.786396513009095,35.786396513009095,,,917.0,0.0,1.0,1.0
5a7655a7-5884-4e42-956a-7f2b0eb7af47,math:Orz57K,618,2026-04-23T02:25:05.137304Z,2026-04-23T02:25:42.948119Z,37.810815,1,True,True,False,0.0,0.0,0.026447459542990544,0.0,0.0,,605,295,900,37.083468452998204,37.083468452998204,,,900.0,0.0,1.0,1.0
20d4ab6c-ecaa-4cab-9fd6-1d329049cadc,math:Orz57K,619,2026-04-23T02:25:12.298276Z,2026-04-23T02:25:46.561496Z,34.26322,1,True,True,True,1.0,1.0,0.029185814993453626,0.029185814993453626,0.0,,645,435,1080,33.54991509599495,33.54991509599495,,,1080.0,0.0,1.0,1.0
470ff408-8374-4a84-9ee8-e12a96a77f1d,math:Orz57K,620,2026-04-23T02:25:13.777803Z,2026-04-23T02:26:44.125656Z,90.347853,1,True,True,True,1.0,1.0,0.011068331640376667,0.011068331640376667,0.0,,1427,389,1816,87.82957989600254,87.82957989600254,,,1816.0,0.0,1.0,1.0
db70109a-51e6-441f-90c3-56efc2cca5d8,math:Orz57K,617,2026-04-23T02:25:14.570222Z,2026-04-23T02:25:49.492393Z,34.922171,1,True,True,False,0.0,0.0,0.028635104043216557,0.0,0.0,,650,267,917,34.17519776300469,34.17519776300469,,,917.0,0.0,1.0,1.0
f58a52cd-bad2-46c5-bbd6-d503781a17ac,math:Orz57K,618,2026-04-23T02:25:14.890157Z,2026-04-23T02:25:51.125258Z,36.235101,1,True,True,False,0.0,0.0,0.02759754967979805,0.0,0.0,,605,295,900,35.50882093899418,35.50882093899418,,,900.0,0.0,1.0,1.0
83c6755b-5252-4d23-9d92-2eac7d3e8745,math:Orz57K,619,2026-04-23T02:25:15.036522Z,2026-04-23T02:25:55.528810Z,40.492288,1,True,True,True,1.0,1.0,0.0246960606424611,0.0246960606424611,0.0,,645,784,1429,39.741953941993415,39.741953941993415,,,1429.0,0.0,1.0,1.0
871f6882-64b7-479c-98e9-716722a8f17d,math:Orz57K,620,2026-04-23T02:25:15.985844Z,2026-04-23T02:26:52.739308Z,96.753464,1,True,True,True,1.0,1.0,0.010335547262679918,0.010335547262679918,0.0,,1427,389,1816,94.28673471801449,94.28673471801449,,,1816.0,0.0,1.0,1.0
3ab74478-6c4c-4058-82d4-cc1f9f278d16,math:Orz57K,621,2026-04-23T02:25:18.085295Z,2026-04-23T02:25:58.333303Z,40.248008,1,True,True,True,1.0,1.0,0.02484595013994233,0.02484595013994233,0.0,,576,255,831,39.51462626700231,39.51462626700231,,,831.0,0.0,1.0,1.0
3f0f4e9a-bd32-4055-a2f6-ed45589b0a97,math:Orz57K,618,2026-04-23T02:25:18.416307Z,2026-04-23T02:26:00.455632Z,42.039325,1,True,True,False,0.0,0.0,0.023787251579324837,0.0,0.0,,605,322,927,41.2843533760024,41.2843533760024,,,927.0,0.0,1.0,1.0
4e1930cf-1749-47b9-844a-e166be936f38,math:Orz57K,619,2026-04-23T02:25:20.036121Z,2026-04-23T02:26:04.371603Z,44.335482,1,True,True,False,0.0,0.0,0.022555297808649063,0.0,0.0,,645,694,1339,43.56968658500409,43.56968658500409,,,1339.0,0.0,1.0,1.0
b7a7c25a-eaaf-42a3-a940-dfdeecfc6c4a,math:Orz57K,620,2026-04-23T02:25:21.582099Z,2026-04-23T02:27:05.383883Z,103.801784,1,True,True,True,1.0,1.0,0.00963374579381025,0.00963374579381025,0.0,,1427,389,1816,101.3151149119949,101.3151149119949,,,1816.0,0.0,1.0,1.0
864e5358-2f8f-4407-8051-bf93141da5ac,math:Orz57K,621,2026-04-23T02:25:22.373966Z,2026-04-23T02:26:07.405911Z,45.031945,1,True,True,True,1.0,1.0,0.022206458104352365,0.022206458104352365,0.0,,576,255,831,44.254440548000275,44.254440548000275,,,831.0,0.0,1.0,1.0
113325fd-6083-42ca-950b-02335456cae0,math:Orz57K,622,2026-04-23T02:25:22.691373Z,2026-04-23T02:26:09.893672Z,47.202299,1,True,True,False,0.0,0.0,0.02118540878697455,0.0,0.0,,596,449,1045,46.469761282001855,46.469761282001855,,,1045.0,0.0,1.0,1.0
0f282178-633a-4ada-ba4c-0a425c0ef76c,math:Orz57K,619,2026-04-23T02:25:24.525406Z,2026-04-23T02:26:12.321584Z,47.796178,1,True,True,True,1.0,1.0,0.02092217499064465,0.02092217499064465,0.0,,645,435,1080,47.08043072199507,47.08043072199507,,,1080.0,0.0,1.0,1.0
c66f6689-0bf9-462b-b154-181e31852830,math:Orz57K,620,2026-04-23T02:25:25.953446Z,2026-04-23T02:27:15.149616Z,109.19617,1,True,True,True,1.0,1.0,0.009157830352474817,0.009157830352474817,0.0,,1427,389,1816,106.5644226220029,106.5644226220029,,,1816.0,0.0,1.0,1.0
36c041a8-2230-4aa9-a813-146272caa1b6,math:Orz57K,621,2026-04-23T02:25:26.907647Z,2026-04-23T02:26:15.493987Z,48.58634,1,True,True,True,1.0,1.0,0.020581916645707413,0.020581916645707413,0.0,,576,255,831,47.85863678799069,47.85863678799069,,,831.0,0.0,1.0,1.0
56287937-0ba6-4210-8faf-7bc4da5bf0e8,math:Orz57K,622,2026-04-23T02:25:27.692740Z,2026-04-23T02:26:18.006900Z,50.31416,1,True,True,False,0.0,0.0,0.019875120641982297,0.0,0.0,,596,449,1045,49.58512909899582,49.58512909899582,,,1045.0,0.0,1.0,1.0
996933c6-1a1a-4690-90b3-a0e73ca7fa53,math:Orz57K,623,2026-04-23T02:25:30.676741Z,2026-04-23T02:26:20.385310Z,49.708569,1,True,True,False,0.0,0.0,0.020117255839732583,0.0,0.0,,580,389,969,48.978243949008174,48.978243949008174,,,969.0,0.0,1.0,1.0
5b3fb559-6bf4-4258-b4db-bf786de2a778,math:Orz57K,620,2026-04-23T02:25:32.329804Z,2026-04-23T02:27:29.020595Z,116.690791,1,True,True,True,1.0,1.0,0.008569656537849675,0.008569656537849675,0.0,,1427,389,1816,114.1672376869974,114.1672376869974,,,1816.0,0.0,1.0,1.0
eceb0fbf-9497-417b-acd7-907a8278b3bf,math:Orz57K,621,2026-04-23T02:25:36.733813Z,2026-04-23T02:26:23.214248Z,46.480435,1,True,True,True,1.0,1.0,0.021514428597753012,0.021514428597753012,0.0,,576,255,831,45.7277319390123,45.7277319390123,,,831.0,0.0,1.0,1.0
d4023e40-42ec-4a49-8c59-0fd59d3c4a84,math:Orz57K,622,2026-04-23T02:25:38.393559Z,2026-04-23T02:26:25.705447Z,47.311888,1,True,True,False,0.0,0.0,0.021136336812430736,0.0,0.0,,596,449,1045,46.600969756997074,46.600969756997074,,,1045.0,0.0,1.0,1.0
c4fe2637-e22a-4ee5-8b95-dbcea5c00047,math:Orz57K,623,2026-04-23T02:25:38.707038Z,2026-04-23T02:26:28.279969Z,49.572931,1,True,True,False,0.0,0.0,0.02017229927356928,0.0,0.0,,580,389,969,48.831205955997575,48.831205955997575,,,969.0,0.0,1.0,1.0
6479e45b-5ca6-4a38-9654-522e1921765e,math:Orz57K,624,2026-04-23T02:25:39.820778Z,2026-04-23T02:26:31.334652Z,51.513874,1,True,True,False,0.0,0.0,0.01941224610674786,0.0,0.0,,640,551,1191,50.76338055200176,50.76338055200176,,,1191.0,0.0,1.0,1.0
d6a7de36-71b2-4e11-a88b-897131f8fb93,math:Orz57K,621,2026-04-23T02:25:41.321697Z,2026-04-23T02:26:32.988633Z,51.666936,1,True,True,True,1.0,1.0,0.01935473781530223,0.01935473781530223,0.0,,576,255,831,50.956380415009335,50.956380415009335,,,831.0,0.0,1.0,1.0
43b773ec-31ee-4945-9dda-011433ddd618,math:Orz57K,622,2026-04-23T02:25:42.972465Z,2026-04-23T02:26:35.528644Z,52.556179,1,True,True,False,0.0,0.0,0.01902725843140157,0.0,0.0,,596,449,1045,51.816897585988045,51.816897585988045,,,1045.0,0.0,1.0,1.0
8c68aca7-8ff3-4824-9eff-56464a93ab01,math:Orz57K,623,2026-04-23T02:25:43.922718Z,2026-04-23T02:26:37.695344Z,53.772626,1,True,True,False,0.0,0.0,0.01859682285183543,0.0,0.0,,580,389,969,53.03899915800139,53.03899915800139,,,969.0,0.0,1.0,1.0
195975c6-4cd0-41bb-8607-fd9602c6077e,math:Orz57K,624,2026-04-23T02:25:44.162704Z,2026-04-23T02:26:40.798847Z,56.636143,1,True,True,False,0.0,0.0,0.01765656958666836,0.0,0.0,,640,551,1191,55.89285943900177,55.89285943900177,,,1191.0,0.0,1.0,1.0
7d08261d-2a6e-42a7-becf-b46c2ccdd892,math:Orz57K,625,2026-04-23T02:25:46.584838Z,2026-04-23T02:26:43.285965Z,56.701127,1,True,True,False,0.0,0.0,0.017636333754001046,0.0,0.0,,629,447,1076,55.97828135499731,55.97828135499731,,,1076.0,0.0,1.0,1.0
199e5dbb-cc3c-48aa-ad9e-029c48641a4a,math:Orz57K,622,2026-04-23T02:25:49.515358Z,2026-04-23T02:26:46.638665Z,57.123307,1,True,True,False,0.0,0.0,0.017505989280347512,0.0,0.0,,596,449,1045,56.39704486700066,56.39704486700066,,,1045.0,0.0,1.0,1.0
ceea82e7-d591-4d7b-a66e-cff46343c1c1,math:Orz57K,623,2026-04-23T02:25:51.156052Z,2026-04-23T02:26:48.799463Z,57.643411,1,True,True,False,0.0,0.0,0.017348036534479198,0.0,0.0,,580,389,969,56.93167140700098,56.93167140700098,,,969.0,0.0,1.0,1.0
f23f02b5-6320-41f6-b561-651da4c3b636,math:Orz57K,624,2026-04-23T02:25:55.555314Z,2026-04-23T02:26:51.935707Z,56.380393,1,True,True,False,0.0,0.0,0.017736662459944187,0.0,0.0,,640,551,1191,55.61287181999069,55.61287181999069,,,1191.0,0.0,1.0,1.0
ebd0db9b-b71c-4347-b2db-8df07fb97552,math:Orz57K,625,2026-04-23T02:25:58.356907Z,2026-04-23T02:26:55.208300Z,56.851393,1,True,True,False,0.0,0.0,0.017589718514021285,0.0,0.0,,629,447,1076,56.1443324819993,56.1443324819993,,,1076.0,0.0,1.0,1.0
0560283d-33de-4dfd-9444-15e6b7617b3e,math:Orz57K,626,2026-04-23T02:25:58.703736Z,2026-04-23T02:26:56.779138Z,58.075402,1,True,True,False,0.0,0.0,0.017218994024354752,0.0,0.0,,566,282,848,57.37517542800924,57.37517542800924,,,848.0,0.0,1.0,1.0
109565a3-afa8-4e68-be3e-905e96577884,math:Orz57K,623,2026-04-23T02:26:00.481429Z,2026-04-23T02:26:58.970013Z,58.488584,1,True,True,False,0.0,0.0,0.01709735356219258,0.0,0.0,,580,389,969,57.773781187002896,57.773781187002896,,,969.0,0.0,1.0,1.0
5a1124de-b0c6-46e0-947a-f4184cd03e8c,math:Orz57K,624,2026-04-23T02:26:04.395870Z,2026-04-23T02:27:02.048104Z,57.652234,1,True,True,False,0.0,0.0,0.017345381620424285,0.0,0.0,,640,551,1191,56.900337785991724,56.900337785991724,,,1191.0,0.0,1.0,1.0
ecad78f4-6276-4355-a654-974a3a6bbfb5,math:Orz57K,625,2026-04-23T02:26:04.600002Z,2026-04-23T02:27:04.496423Z,59.896421,1,True,True,False,0.0,0.0,0.016695488366491883,0.0,0.0,,629,447,1076,59.20517097899574,59.20517097899574,,,1076.0,0.0,1.0,1.0
e9d166aa-b4e9-4f10-8f81-840fe8487c9b,math:Orz57K,626,2026-04-23T02:26:07.431943Z,2026-04-23T02:27:06.968214Z,59.536271,1,True,True,False,0.0,0.0,0.016796483609126275,0.0,0.0,,566,282,848,58.81358454900328,58.81358454900328,,,848.0,0.0,1.0,1.0
9f0d606f-9ccb-416e-b268-a3e8eb6bc0aa,math:Orz57K,627,2026-04-23T02:26:09.919640Z,2026-04-23T02:27:08.691936Z,58.772296,1,True,True,False,0.0,0.0,0.01701481936319112,0.0,0.0,,596,308,904,58.06078943099419,58.06078943099419,,,904.0,0.0,1.0,1.0
23465f32-3a67-44be-bc04-93c6c0ab6479,math:Orz57K,624,2026-04-23T02:26:12.344597Z,2026-04-23T02:27:11.819637Z,59.47504,1,True,True,False,0.0,0.0,0.016813775997460447,0.0,0.0,,640,551,1191,58.73519814800238,58.73519814800238,,,1191.0,0.0,1.0,1.0
451663ba-fcd8-4e4d-b23a-95e4847a2da0,math:Orz57K,625,2026-04-23T02:26:14.115055Z,2026-04-23T02:27:14.312456Z,60.197401,1,True,True,False,0.0,0.0,0.016612012867465824,0.0,0.0,,629,447,1076,59.46468929501134,59.46468929501134,,,1076.0,0.0,1.0,1.0
b9848215-9533-4d2a-a2b1-f9ca398460e3,math:Orz57K,626,2026-04-23T02:26:15.520312Z,2026-04-23T02:27:16.718500Z,61.198188,1,True,True,False,0.0,0.0,0.01634035308365666,0.0,0.0,,566,282,848,60.46305391800706,60.46305391800706,,,848.0,0.0,1.0,1.0
d6be3154-25b6-413b-8409-aeb324a60a4f,math:Orz57K,627,2026-04-23T02:26:18.030497Z,2026-04-23T02:27:18.436521Z,60.406024,1,True,True,False,0.0,0.0,0.016554640312032454,0.0,0.0,,596,308,904,59.67543430099613,59.67543430099613,,,904.0,0.0,1.0,1.0
b05d9498-3413-47e1-a0b3-755ae6cef0d4,math:Orz57K,628,2026-04-23T02:26:18.291059Z,2026-04-23T02:27:25.764286Z,67.473227,1,True,True,False,0.0,0.0,0.014820693250672598,0.0,0.0,,648,1299,1947,66.68956306100881,66.68956306100881,,,1947.0,0.0,1.0,1.0
bb27d8bc-e21a-4eb3-85f1-39b4a5bdc24f,math:Orz57K,625,2026-04-23T02:26:20.410240Z,2026-04-23T02:27:28.198344Z,67.788104,1,True,True,False,0.0,0.0,0.014751850855719463,0.0,0.0,,629,447,1076,67.0693976659968,67.0693976659968,,,1076.0,0.0,1.0,1.0
a8ffc524-cb80-4722-a34a-6377e741080e,math:Orz57K,626,2026-04-23T02:26:23.238868Z,2026-04-23T02:27:30.575053Z,67.336185,1,True,True,False,0.0,0.0,0.014850856192699364,0.0,0.0,,566,282,848,66.60598528999253,66.60598528999253,,,848.0,0.0,1.0,1.0
516c7405-3b9d-4220-a487-f4f3004a2069,math:Orz57K,627,2026-04-23T02:26:25.729312Z,2026-04-23T02:27:32.307844Z,66.578532,1,True,True,False,0.0,0.0,0.015019856550757233,0.0,0.0,,596,308,904,65.83468134900613,65.83468134900613,,,904.0,0.0,1.0,1.0
5701db80-10d9-434a-8065-cf934a03383b,math:Orz57K,628,2026-04-23T02:26:26.133147Z,2026-04-23T02:27:39.634312Z,73.501165,1,True,True,False,0.0,0.0,0.01360522652940263,0.0,0.0,,648,1299,1947,72.73144034401048,72.73144034401048,,,1947.0,0.0,1.0,1.0
e3c1917f-0539-4c75-8d55-6ed9dba400dc,math:Orz57K,629,2026-04-23T02:26:28.305498Z,2026-04-23T02:27:41.834108Z,73.52861,1,True,True,False,0.0,0.0,0.01360014829601702,0.0,0.0,,578,404,982,72.81846357700124,72.81846357700124,,,982.0,0.0,1.0,1.0
a3b10a0d-c130-4fab-98bb-ab3f17def965,math:Orz57K,626,2026-04-23T02:26:31.359356Z,2026-04-23T02:27:43.428526Z,72.06917,1,True,True,False,0.0,0.0,0.013875558716716177,0.0,0.0,,566,282,848,71.35434090599301,71.35434090599301,,,848.0,0.0,1.0,1.0
d36fa57b-2f82-481e-9f6c-c794fc7d7528,math:Orz57K,627,2026-04-23T02:26:31.593135Z,2026-04-23T02:27:45.176835Z,73.5837,1,True,True,False,0.0,0.0,0.013589966256113787,0.0,0.0,,596,308,904,72.85345635400154,72.85345635400154,,,904.0,0.0,1.0,1.0
556a0802-3d05-4fa7-893b-2bfc12380f05,math:Orz57K,628,2026-04-23T02:26:33.012807Z,2026-04-23T02:27:52.460677Z,79.44787,1,True,True,False,0.0,0.0,0.012586869855667622,0.0,0.0,,648,1299,1947,78.70256443000108,78.70256443000108,,,1947.0,0.0,1.0,1.0
63cd475a-f32a-4145-8303-546b9fb7af2c,math:Orz57K,629,2026-04-23T02:26:35.552613Z,2026-04-23T02:27:54.676438Z,79.123825,1,True,True,False,0.0,0.0,0.012638418327223185,0.0,0.0,,578,404,982,78.42270452000957,78.42270452000957,,,982.0,0.0,1.0,1.0
f4e7f83f-a11f-4eea-9d75-58261b7b76a6,math:Orz57K,630,2026-04-23T02:26:37.720339Z,2026-04-23T02:29:12.159864Z,154.439525,1,True,True,True,1.0,1.0,0.00647502638977943,0.00647502638977943,0.0,,1385,194,1579,151.96503222400497,151.96503222400497,,,1579.0,0.0,1.0,1.0
a918a070-24b5-4365-b11d-c2788724fcec,math:Orz57K,627,2026-04-23T02:26:40.822836Z,2026-04-23T02:27:57.327764Z,76.504928,1,True,True,False,0.0,0.0,0.013071053409788189,0.0,0.0,,596,308,904,75.75185977100045,75.75185977100045,,,904.0,0.0,1.0,1.0
a56a9553-8348-44da-9f92-1140a41d59b6,math:Orz57K,628,2026-04-23T02:26:43.311315Z,2026-04-23T02:28:04.605224Z,81.293909,1,True,True,False,0.0,0.0,0.012301044596096369,0.0,0.0,,648,1299,1947,80.50683236100303,80.50683236100303,,,1947.0,0.0,1.0,1.0
d33a25dd-7bad-432a-8b15-fa56bfb40e99,math:Orz57K,629,2026-04-23T02:26:44.149645Z,2026-04-23T02:28:06.819607Z,82.669962,1,True,True,False,0.0,0.0,0.01209629200023099,0.0,0.0,,578,404,982,81.9251316919981,81.9251316919981,,,982.0,0.0,1.0,1.0
557e4b31-1236-4c97-919d-5bde71bfe97d,math:Orz57K,630,2026-04-23T02:26:46.661111Z,2026-04-23T02:29:18.031785Z,151.370674,1,True,True,True,1.0,1.0,0.006606299447408155,0.006606299447408155,0.0,,1385,194,1579,148.84634024699335,148.84634024699335,,,1579.0,0.0,1.0,1.0
09bfb151-adbc-48e9-be74-ad51487d3c83,math:Orz57K,631,2026-04-23T02:26:48.823707Z,2026-04-23T02:28:09.763886Z,80.940179,1,True,True,False,0.0,0.0,0.01235480341598948,0.0,0.0,,584,368,952,80.21604736200243,80.21604736200243,,,952.0,0.0,1.0,1.0
162ccc92-6fc1-41fa-a026-c5419a4d6276,math:Orz57K,628,2026-04-23T02:26:51.959369Z,2026-04-23T02:28:17.073236Z,85.113867,1,True,True,False,0.0,0.0,0.01174896682816679,0.0,0.0,,648,1299,1947,84.36066614100127,84.36066614100127,,,1947.0,0.0,1.0,1.0
ccda88e3-7950-478b-a74d-0cf475124a2f,math:Orz57K,629,2026-04-23T02:26:52.763938Z,2026-04-23T02:28:19.281198Z,86.51726,1,True,True,False,0.0,0.0,0.01155838730907567,0.0,0.0,,578,404,982,85.80987650799216,85.80987650799216,,,982.0,0.0,1.0,1.0
9a405e43-1225-404e-a182-f122f9504ee0,math:Orz57K,630,2026-04-23T02:26:55.232562Z,2026-04-23T02:29:23.992587Z,148.760025,1,True,True,True,1.0,1.0,0.006722236030815402,0.006722236030815402,0.0,,1385,194,1579,146.14169361699896,146.14169361699896,,,1579.0,0.0,1.0,1.0
64a7e576-6799-4d93-a118-6f403c077836,math:Orz57K,631,2026-04-23T02:26:56.802920Z,2026-04-23T02:28:22.217451Z,85.414531,1,True,True,False,0.0,0.0,0.011707609797681848,0.0,0.0,,584,368,952,84.71085015099379,84.71085015099379,,,952.0,0.0,1.0,1.0
9bb57ccf-d662-4c90-b41c-a5c60e3a70c4,math:Orz57K,632,2026-04-23T02:26:58.994228Z,2026-04-23T02:28:23.933111Z,84.938883,1,True,True,False,0.0,0.0,0.011773171069367606,0.0,0.0,,585,306,891,84.23669160201098,84.23669160201098,,,891.0,0.0,1.0,1.0
6d6762e2-01cf-413f-b933-935b028dec65,math:Orz57K,629,2026-04-23T02:27:02.073947Z,2026-04-23T02:28:26.212926Z,84.138979,1,True,True,False,0.0,0.0,0.011885097868848633,0.0,0.0,,578,404,982,83.4165542920091,83.4165542920091,,,982.0,0.0,1.0,1.0
ba5d2e78-ce51-45e1-a6cc-61808a73ad46,math:Orz57K,630,2026-04-23T02:27:04.519412Z,2026-04-23T02:29:28.316912Z,143.7975,1,True,True,True,1.0,1.0,0.006954223821693701,0.006954223821693701,0.0,,1385,194,1579,141.3221171269979,141.3221171269979,,,1579.0,0.0,1.0,1.0
785e9123-f4ab-452e-84c0-ef37e8f4d177,math:Orz57K,631,2026-04-23T02:27:05.406270Z,2026-04-23T02:28:29.170732Z,83.764462,1,True,True,False,0.0,0.0,0.01193823700556926,0.0,0.0,,584,368,952,83.02916753700993,83.02916753700993,,,952.0,0.0,1.0,1.0
0e982a0a-c1d6-4440-94a9-dd1635d07f70,math:Orz57K,632,2026-04-23T02:27:06.992864Z,2026-04-23T02:28:30.881915Z,83.889051,1,True,True,False,0.0,0.0,0.011920506765537258,0.0,0.0,,585,306,891,83.14459676000115,83.14459676000115,,,891.0,0.0,1.0,1.0
19fbac47-4b70-45bd-ada3-b35685f51efe,math:Orz57K,633,2026-04-23T02:27:08.715526Z,2026-04-23T02:28:34.629092Z,85.913566,1,True,True,False,0.0,0.0,0.011639605321469255,0.0,0.0,,641,676,1317,85.16628594200301,85.16628594200301,,,1317.0,0.0,1.0,1.0
a018b1ce-e1ea-4b99-bb35-3d8245faa379,math:Orz57K,630,2026-04-23T02:27:11.843611Z,2026-04-23T02:29:33.299735Z,141.456124,1,True,True,True,1.0,1.0,0.007069329851000301,0.007069329851000301,0.0,,1385,194,1579,139.05056350500672,139.05056350500672,,,1579.0,0.0,1.0,1.0
6756c2bf-46d8-4650-acbb-2da1db95139f,math:Orz57K,631,2026-04-23T02:27:14.336926Z,2026-04-23T02:28:37.526220Z,83.189294,1,True,True,False,0.0,0.0,0.012020777577460869,0.0,0.0,,584,368,952,82.48711413799901,82.48711413799901,,,952.0,0.0,1.0,1.0
31d5705e-eacb-41dd-97b3-bbb23b944f7d,math:Orz57K,632,2026-04-23T02:27:15.174582Z,2026-04-23T02:28:39.295371Z,84.120789,1,True,True,False,0.0,0.0,0.01188766786293457,0.0,0.0,,585,306,891,83.37435719399946,83.37435719399946,,,891.0,0.0,1.0,1.0
a8e43188-390a-4b3e-83fa-92e4e4c613d9,math:Orz57K,633,2026-04-23T02:27:16.742679Z,2026-04-23T02:28:43.037062Z,86.294383,1,True,True,False,0.0,0.0,0.011588239758316599,0.0,0.0,,641,676,1317,85.58965662300761,85.58965662300761,,,1317.0,0.0,1.0,1.0
87ece364-f964-4459-8f5d-6d0e56e900e6,math:Orz57K,634,2026-04-23T02:27:18.460764Z,2026-04-23T02:28:45.054397Z,86.593633,1,True,True,False,0.0,0.0,0.011548193156418324,0.0,0.0,,617,360,977,85.8877200549905,85.8877200549905,,,977.0,0.0,1.0,1.0
8ed1f5db-9748-4f92-99a0-0e7924792a91,math:Orz57K,631,2026-04-23T02:27:25.789007Z,2026-04-23T02:28:47.114843Z,81.325836,1,True,True,False,0.0,0.0,0.012296215436383586,0.0,0.0,,584,368,952,80.61491606599884,80.61491606599884,,,952.0,0.0,1.0,1.0
35a51dba-0783-449c-86e3-65a5a034e975,math:Orz57K,632,2026-04-23T02:27:28.223529Z,2026-04-23T02:28:48.842578Z,80.619049,1,True,True,False,0.0,0.0,0.012404016326215904,0.0,0.0,,585,306,891,79.89617584100051,79.89617584100051,,,891.0,0.0,1.0,1.0
1f392f4f-8113-4507-bbd2-630d3788f9a2,math:Orz57K,633,2026-04-23T02:27:29.044972Z,2026-04-23T02:28:52.593122Z,83.54815,1,True,True,False,0.0,0.0,0.011969145935607191,0.0,0.0,,641,676,1317,82.85384190900368,82.85384190900368,,,1317.0,0.0,1.0,1.0
3c61ffb6-5da7-4a4c-ac5c-ccf49943c64f,math:Orz57K,634,2026-04-23T02:27:30.597990Z,2026-04-23T02:28:54.633350Z,84.03536,1,True,True,False,0.0,0.0,0.011899752675540392,0.0,0.0,,617,360,977,83.31703626200033,83.31703626200033,,,977.0,0.0,1.0,1.0
8674a782-a515-4713-aa6b-79f8f741fa13,math:Orz57K,635,2026-04-23T02:27:32.330894Z,2026-04-23T02:28:57.079961Z,84.749067,1,True,True,False,0.0,0.0,0.01179953992885845,0.0,0.0,,723,429,1152,83.99325635400601,83.99325635400601,,,1152.0,0.0,1.0,1.0
01bb8138-ab5d-497f-9855-d03284084c51,math:Orz57K,632,2026-04-23T02:27:39.658595Z,2026-04-23T02:28:58.735684Z,79.077089,1,True,True,False,0.0,0.0,0.012645887862665253,0.0,0.0,,585,306,891,78.37957907299278,78.37957907299278,,,891.0,0.0,1.0,1.0
8b26940e-faac-4581-9f64-e067d7c0a90e,math:Orz57K,633,2026-04-23T02:27:41.856154Z,2026-04-23T02:29:02.503282Z,80.647128,1,True,True,False,0.0,0.0,0.012399697606094542,0.0,0.0,,641,676,1317,79.92668225700618,79.92668225700618,,,1317.0,0.0,1.0,1.0
75b94885-40ea-4409-8d69-bd255fe6d9a6,math:Orz57K,634,2026-04-23T02:27:43.451735Z,2026-04-23T02:29:04.548168Z,81.096433,1,True,True,False,0.0,0.0,0.01233099857795225,0.0,0.0,,617,360,977,80.3524030539993,80.3524030539993,,,977.0,0.0,1.0,1.0
59fc3e68-572c-447e-99cd-65527dd5e628,math:Orz57K,635,2026-04-23T02:27:45.200993Z,2026-04-23T02:29:06.969054Z,81.768061,1,True,True,False,0.0,0.0,0.012229713995541609,0.0,0.0,,723,429,1152,81.01408559599076,81.01408559599076,,,1152.0,0.0,1.0,1.0
d987b57f-bdaa-4eec-a972-32a6136efeea,math:Orz57K,636,2026-04-23T02:27:52.484158Z,2026-04-23T02:29:08.116112Z,75.631954,1,True,True,False,0.0,0.0,0.01322192469072001,0.0,0.0,,644,210,854,74.91524115100037,74.91524115100037,,,854.0,0.0,1.0,1.0
f74f3f22-ef16-435d-97a9-ec5e5f0ea5ae,math:Orz57K,633,2026-04-23T02:27:54.699503Z,2026-04-23T02:29:11.894627Z,77.195124,1,True,True,False,0.0,0.0,0.01295418607009427,0.0,0.0,,641,676,1317,76.48333396798989,76.48333396798989,,,1317.0,0.0,1.0,1.0
914a2cb8-bff3-41ca-bf3f-a8d50b1fa8e7,math:Orz57K,634,2026-04-23T02:27:57.352917Z,2026-04-23T02:29:14.198323Z,76.845406,1,True,True,False,0.0,0.0,0.013013139653397107,0.0,0.0,,617,360,977,76.10620425699744,76.10620425699744,,,977.0,0.0,1.0,1.0
d8c88e53-3d56-44eb-9c07-94eaa397d9d6,math:Orz57K,635,2026-04-23T02:28:04.628476Z,2026-04-23T02:29:16.646406Z,72.01793,1,True,True,False,0.0,0.0,0.013885431030855787,0.0,0.0,,723,429,1152,71.23869522199675,71.23869522199675,,,1152.0,0.0,1.0,1.0
4430c703-6d19-4dcd-a257-2e3782a3921c,math:Orz57K,636,2026-04-23T02:28:06.843856Z,2026-04-23T02:29:17.748300Z,70.904444,1,True,True,False,0.0,0.0,0.014103488351167382,0.0,0.0,,644,210,854,70.20535139899584,70.20535139899584,,,854.0,0.0,1.0,1.0
907e1f56-8289-4840-953b-921ebffb606a,math:Orz57K,637,2026-04-23T02:28:09.789143Z,2026-04-23T02:30:06.991364Z,117.202221,1,True,True,True,1.0,1.0,0.008532261517467318,0.008532261517467318,0.0,,1423,253,1676,114.66678811200836,114.66678811200836,,,1676.0,0.0,1.0,1.0
e436556f-8d61-4327-8a98-74f2615c9dcf,math:Orz57K,634,2026-04-23T02:28:17.098088Z,2026-04-23T02:29:21.283241Z,64.185153,1,True,True,False,0.0,0.0,0.015579927027672583,0.0,0.0,,617,360,977,63.477337723001256,63.477337723001256,,,977.0,0.0,1.0,1.0
94fd0873-8c57-4446-908f-2ff8836e8934,math:Orz57K,635,2026-04-23T02:28:19.305394Z,2026-04-23T02:29:23.766224Z,64.46083,1,True,True,False,0.0,0.0,0.015513296989815364,0.0,0.0,,723,429,1152,63.67728968799929,63.67728968799929,,,1152.0,0.0,1.0,1.0
c6be5d3a-aed2-42c2-9d58-5bcca3589778,math:Orz57K,636,2026-04-23T02:28:22.241201Z,2026-04-23T02:29:25.126295Z,62.885094,1,True,True,False,0.0,0.0,0.015902019642365487,0.0,0.0,,644,210,854,62.18515196000226,62.18515196000226,,,854.0,0.0,1.0,1.0
870d53ac-7617-4e52-bb55-0aa195ca6466,math:Orz57K,637,2026-04-23T02:28:23.958501Z,2026-04-23T02:30:17.902471Z,113.94397,1,True,True,True,1.0,1.0,0.008776243271144582,0.008776243271144582,0.0,,1423,253,1676,111.43542141799117,111.43542141799117,,,1676.0,0.0,1.0,1.0
25230dce-635c-4a5f-8ce9-feaaa9e017f2,math:Orz57K,638,2026-04-23T02:28:26.236470Z,2026-04-23T02:29:28.025168Z,61.788698,1,True,True,False,0.0,0.0,0.01618418954223635,0.0,0.0,,576,289,865,61.06411867000861,61.06411867000861,,,865.0,0.0,1.0,1.0
285fcfd1-bb2c-49d7-8dd3-37f3e70db0d8,math:Orz57K,635,2026-04-23T02:28:29.194354Z,2026-04-23T02:29:30.730603Z,61.536249,1,True,True,False,0.0,0.0,0.016250584269444177,0.0,0.0,,723,429,1152,60.77165690399124,60.77165690399124,,,1152.0,0.0,1.0,1.0
6db7c982-31a1-4c94-ae14-8842ba836b18,math:Orz57K,636,2026-04-23T02:28:30.906497Z,2026-04-23T02:29:31.836689Z,60.930192,1,True,True,False,0.0,0.0,0.01641222466523657,0.0,0.0,,644,210,854,60.19727943500038,60.19727943500038,,,854.0,0.0,1.0,1.0
dc78a448-b9ac-4501-b9ea-e15615039f9e,math:Orz57K,637,2026-04-23T02:28:34.658256Z,2026-04-23T02:30:29.412046Z,114.75379,1,True,True,True,1.0,1.0,0.00871430913087925,0.00871430913087925,0.0,,1423,253,1676,112.2785981259949,112.2785981259949,,,1676.0,0.0,1.0,1.0
8ab41a64-a221-4696-80fb-1a3a29f9959f,math:Orz57K,638,2026-04-23T02:28:37.549924Z,2026-04-23T02:29:34.915133Z,57.365209,1,True,True,False,0.0,0.0,0.01743216868607591,0.0,0.0,,576,289,865,56.65407391800545,56.65407391800545,,,865.0,0.0,1.0,1.0
cdd57a06-46f3-4fdc-ae52-8e4f9ed88dc8,math:Orz57K,639,2026-04-23T02:28:39.318763Z,2026-04-23T02:29:36.386983Z,57.06822,1,True,True,False,0.0,0.0,0.01752288751953364,0.0,0.0,,627,257,884,56.331395829998655,56.331395829998655,,,884.0,0.0,1.0,1.0
4e1b41ed-3b20-4bc5-9605-075ddb858d1b,math:Orz57K,636,2026-04-23T02:28:43.061206Z,2026-04-23T02:29:37.560268Z,54.499062,1,True,True,False,0.0,0.0,0.018348939656979785,0.0,0.0,,644,210,854,53.77751762900152,53.77751762900152,,,854.0,0.0,1.0,1.0
23e77048-0484-4a89-bd55-767b446df73d,math:Orz57K,637,2026-04-23T02:28:45.078484Z,2026-04-23T02:30:38.501097Z,113.422613,1,True,True,True,1.0,1.0,0.008816584043959559,0.008816584043959559,0.0,,1423,253,1676,110.87458553499891,110.87458553499891,,,1676.0,0.0,1.0,1.0
e32c9f85-0e09-4301-b659-be867c7628c4,math:Orz57K,638,2026-04-23T02:28:47.139358Z,2026-04-23T02:29:40.434902Z,53.295544,1,True,True,False,0.0,0.0,0.0187632947324827,0.0,0.0,,576,289,865,52.560427516000345,52.560427516000345,,,865.0,0.0,1.0,1.0
34efe045-ad4f-4329-b831-507e5fb004ca,math:Orz57K,639,2026-04-23T02:28:48.866744Z,2026-04-23T02:29:41.867291Z,53.000547,1,True,True,False,0.0,0.0,0.018867729799090564,0.0,0.0,,627,257,884,52.27551912100171,52.27551912100171,,,884.0,0.0,1.0,1.0
b6808931-4c32-4333-819c-ae79173f85de,math:Orz57K,640,2026-04-23T02:28:52.617059Z,2026-04-23T02:29:43.657970Z,51.040911,1,True,True,False,0.0,0.0,0.01959212679413187,0.0,0.0,,583,320,903,50.32089841499692,50.32089841499692,,,903.0,0.0,1.0,1.0
8326e7bd-88cb-48f5-9279-748a192e52a5,math:Orz57K,637,2026-04-23T02:28:54.657337Z,2026-04-23T02:30:46.004784Z,111.347447,1,True,True,True,1.0,1.0,0.008980897424617199,0.008980897424617199,0.0,,1423,253,1676,108.8240527339949,108.8240527339949,,,1676.0,0.0,1.0,1.0
9393652c-219c-4824-bc8f-28480c204151,math:Orz57K,638,2026-04-23T02:28:57.106576Z,2026-04-23T02:29:46.522135Z,49.415559,1,True,True,False,0.0,0.0,0.020236541288544362,0.0,0.0,,576,289,865,48.69837272599398,48.69837272599398,,,865.0,0.0,1.0,1.0
fa437063-db30-4e72-8f48-2b1fa4887121,math:Orz57K,639,2026-04-23T02:28:58.762478Z,2026-04-23T02:29:47.999041Z,49.236563,1,True,True,False,0.0,0.0,0.020310109785689145,0.0,0.0,,627,257,884,48.49206889900961,48.49206889900961,,,884.0,0.0,1.0,1.0
c4597b85-045b-4985-b249-1d3d4315a3bc,math:Orz57K,640,2026-04-23T02:29:02.527915Z,2026-04-23T02:29:49.737840Z,47.209925,1,True,True,False,0.0,0.0,0.021181986626752743,0.0,0.0,,583,320,903,46.51493219200347,46.51493219200347,,,903.0,0.0,1.0,1.0
1c4be005-4939-47c8-ba85-fcb14459dfa8,math:Orz57K,641,2026-04-23T02:29:04.571185Z,2026-04-23T02:29:52.219079Z,47.647894,1,True,True,False,0.0,0.0,0.020987286447539527,0.0,0.0,,642,426,1068,46.866899457003456,46.866899457003456,,,1068.0,0.0,1.0,1.0
be0ea3af-bf32-4bd5-8eda-0fa2ccae9df6,math:Orz57K,638,2026-04-23T02:29:06.994117Z,2026-04-23T02:29:53.774576Z,46.780459,1,True,True,False,0.0,0.0,0.021376446947645383,0.0,0.0,,576,289,865,46.060084997006925,46.060084997006925,,,865.0,0.0,1.0,1.0
01aa24f0-118d-4bfa-ac9d-3cb6140fd624,math:Orz57K,639,2026-04-23T02:29:08.137823Z,2026-04-23T02:29:55.226822Z,47.088999,1,True,True,False,0.0,0.0,0.02123638262091747,0.0,0.0,,627,257,884,46.362654779994045,46.362654779994045,,,884.0,0.0,1.0,1.0
2dbb796c-c4d8-4e44-b50f-2fdb565c964b,math:Orz57K,640,2026-04-23T02:29:11.919749Z,2026-04-23T02:29:57.014213Z,45.094464,1,True,True,False,0.0,0.0,0.022175671053546616,0.0,0.0,,583,320,903,44.3684046940034,44.3684046940034,,,903.0,0.0,1.0,1.0
a1a0fb50-91ca-451b-a57b-85d96e5a21b9,math:Orz57K,641,2026-04-23T02:29:12.181622Z,2026-04-23T02:29:59.445461Z,47.263839,1,True,True,False,0.0,0.0,0.021157824272378722,0.0,0.0,,642,426,1068,46.49467166198883,46.49467166198883,,,1068.0,0.0,1.0,1.0
8cb694c4-8546-4978-b420-fdfe55e2be79,math:Orz57K,642,2026-04-23T02:29:14.222209Z,2026-04-23T02:31:04.998740Z,110.776531,1,True,True,False,0.0,0.0,0.009027182842546314,0.0,0.0,,1582,575,2157,108.31767798299552,108.31767798299552,,,2157.0,0.0,1.0,1.0
4cfbe742-5294-4fa1-84ea-7fdf47f509b3,math:Orz57K,639,2026-04-23T02:29:16.669768Z,2026-04-23T02:30:02.486424Z,45.816656,1,True,True,False,0.0,0.0,0.021826123669959674,0.0,0.0,,627,257,884,45.084721698003705,45.084721698003705,,,884.0,0.0,1.0,1.0
5ee5ea23-6a41-4b5d-a254-1f57e3afaf96,math:Orz57K,640,2026-04-23T02:29:17.773367Z,2026-04-23T02:30:04.298614Z,46.525247,1,True,True,False,0.0,0.0,0.021493706417077162,0.0,0.0,,583,320,903,45.805208231991855,45.805208231991855,,,903.0,0.0,1.0,1.0
b431c937-c3f3-47c8-b544-25cecf02c036,math:Orz57K,641,2026-04-23T02:29:18.053988Z,2026-04-23T02:30:06.767770Z,48.713782,1,True,True,False,0.0,0.0,0.02052807150140796,0.0,0.0,,642,426,1068,47.91406932199607,47.91406932199607,,,1068.0,0.0,1.0,1.0
d7f40e8e-ff31-40f9-8059-a1b0e76f36e7,math:Orz57K,642,2026-04-23T02:29:21.307411Z,2026-04-23T02:31:13.785956Z,112.478545,1,True,True,False,0.0,0.0,0.008890584422122459,0.0,0.0,,1582,575,2157,110.05994293000549,110.05994293000549,,,2157.0,0.0,1.0,1.0
e938893f-19bb-4af2-aca7-42aea3e904ae,math:Orz57K,643,2026-04-23T02:29:23.790762Z,2026-04-23T02:33:48.238179Z,264.447417,1,True,True,False,0.0,0.0,0.003781470098458175,0.0,0.0,,7461,3165,10626,258.4939076539886,258.4939076539886,,,10626.0,0.0,1.0,1.0
e718391f-ef39-4a08-ab1a-7c6e13f485b8,math:Orz57K,640,2026-04-23T02:29:24.014653Z,2026-04-23T02:30:15.232141Z,51.217488,1,True,True,False,0.0,0.0,0.01952458113525599,0.0,0.0,,583,320,903,50.51941214199178,50.51941214199178,,,903.0,0.0,1.0,1.0
b9375333-5784-4f2f-98ab-41199ef452a5,math:Orz57K,641,2026-04-23T02:29:25.148633Z,2026-04-23T02:30:17.681719Z,52.533086,1,True,True,False,0.0,0.0,0.0190356226169542,0.0,0.0,,642,426,1068,51.778640680000535,51.778640680000535,,,1068.0,0.0,1.0,1.0
310c3b8b-e897-441d-a5fb-a8b4d8d3662c,math:Orz57K,642,2026-04-23T02:29:28.050778Z,2026-04-23T02:31:25.866321Z,117.815543,1,True,True,False,0.0,0.0,0.008487844426435314,0.0,0.0,,1582,575,2157,115.37050333700608,115.37050333700608,,,2157.0,0.0,1.0,1.0
95298e08-2f5f-468d-a931-b408757fb75d,math:Orz57K,643,2026-04-23T02:29:28.340981Z,2026-04-23T02:34:00.481298Z,272.140317,1,True,True,False,0.0,0.0,0.0036745749803767593,0.0,0.0,,7461,3165,10626,265.88193006099027,265.88193006099027,,,10626.0,0.0,1.0,1.0
4daa3690-6680-484a-951e-1efd192725aa,math:Orz57K,644,2026-04-23T02:29:30.754677Z,2026-04-23T02:30:25.068729Z,54.314052,1,True,True,False,0.0,0.0,0.018411441665225053,0.0,0.0,,585,117,702,53.59575168200536,53.59575168200536,,,702.0,0.0,1.0,1.0
e97c8b6d-a369-4287-9487-e8e05f5743a0,math:Orz57K,641,2026-04-23T02:29:31.861133Z,2026-04-23T02:30:27.508229Z,55.647096,1,True,True,False,0.0,0.0,0.01797038968574389,0.0,0.0,,642,426,1068,54.911717779003084,54.911717779003084,,,1068.0,0.0,1.0,1.0
e43de294-2c7e-41c4-a8b4-6028927864df,math:Orz57K,642,2026-04-23T02:29:33.323569Z,2026-04-23T02:31:36.592059Z,123.26849,1,True,True,False,0.0,0.0,0.008112373243154029,0.0,0.0,,1582,575,2157,120.8290115359996,120.8290115359996,,,2157.0,0.0,1.0,1.0
52f46c5e-51a6-43e3-83a8-01fdd68eddd1,math:Orz57K,643,2026-04-23T02:29:34.939837Z,2026-04-23T02:34:14.118101Z,279.178264,1,True,True,False,0.0,0.0,0.0035819407487969763,0.0,0.0,,7461,3165,10626,273.1749508549692,273.1749508549692,,,10626.0,0.0,1.0,1.0
c4afbed9-605d-43e4-b025-2f1687c74705,math:Orz57K,644,2026-04-23T02:29:36.412124Z,2026-04-23T02:30:34.926345Z,58.514221,1,True,True,False,0.0,0.0,0.01708986265065376,0.0,0.0,,585,117,702,57.78953134799667,57.78953134799667,,,702.0,0.0,1.0,1.0
bbb3b529-7f34-4b13-8b7d-1313a8443750,math:Orz57K,645,2026-04-23T02:29:37.584792Z,2026-04-23T02:30:38.227985Z,60.643193,1,True,True,False,0.0,0.0,0.01648989689576537,0.0,0.0,,607,578,1185,59.88893208299123,59.88893208299123,,,1185.0,0.0,1.0,1.0
b603899d-3bd3-4c79-8def-2772beb8ea1b,math:Orz57K,642,2026-04-23T02:29:40.459733Z,2026-04-23T02:31:45.771691Z,125.311958,1,True,True,False,0.0,0.0,0.007980084390669245,0.0,0.0,,1582,575,2157,122.8722639799962,122.8722639799962,,,2157.0,0.0,1.0,1.0
c69e6e0f-50b4-4d9a-a4f9-7906a804e2e2,math:Orz57K,643,2026-04-23T02:29:41.892263Z,2026-04-23T02:34:30.792190Z,288.899927,1,True,True,False,0.0,0.0,0.003461406205201291,0.0,0.0,,7461,3165,10626,282.97663502000796,282.97663502000796,,,10626.0,0.0,1.0,1.0
fa9a2639-66df-439c-ae0c-c4f9a98c2caf,math:Orz57K,644,2026-04-23T02:29:43.681747Z,2026-04-23T02:30:45.723565Z,62.041818,1,True,True,False,0.0,0.0,0.01611816081856273,0.0,0.0,,585,117,702,61.29065898100089,61.29065898100089,,,702.0,0.0,1.0,1.0
87869713-ca32-4a25-bf92-556bdce1d704,math:Orz57K,645,2026-04-23T02:29:46.545288Z,2026-04-23T02:30:49.212254Z,62.666966,1,True,True,False,0.0,0.0,0.015957370586602196,0.0,0.0,,607,578,1185,61.91675235200091,61.91675235200091,,,1185.0,0.0,1.0,1.0
59a7c4be-a1da-47a7-bb67-c73727882d76,math:Orz57K,646,2026-04-23T02:29:48.023666Z,2026-04-23T02:30:51.350139Z,63.326473,1,True,True,True,1.0,1.0,0.015791184201905575,0.015791184201905575,0.0,,599,384,983,62.582837896989076,62.582837896989076,,,983.0,0.0,1.0,1.0
ef06e304-bd67-460e-a1c7-e3c09ca4364b,math:Orz57K,643,2026-04-23T02:29:49.761864Z,2026-04-23T02:34:40.464512Z,290.702648,1,True,True,False,0.0,0.0,0.0034399411456341464,0.0,0.0,,7461,3165,10626,284.7137142390129,284.7137142390129,,,10626.0,0.0,1.0,1.0
b431c540-81ea-468e-a580-afd933bac7d7,math:Orz57K,644,2026-04-23T02:29:52.244355Z,2026-04-23T02:30:56.787098Z,64.542743,1,True,True,False,0.0,0.0,0.015493608630795254,0.0,0.0,,585,117,702,63.824093372997595,63.824093372997595,,,702.0,0.0,1.0,1.0
a8dc4675-3d09-4bea-952c-1eb2ba406a5f,math:Orz57K,645,2026-04-23T02:29:53.798607Z,2026-04-23T02:31:00.071265Z,66.272658,1,True,True,False,0.0,0.0,0.01508917900953965,0.0,0.0,,607,578,1185,65.51304028199229,65.51304028199229,,,1185.0,0.0,1.0,1.0
62e068a7-0038-4f3a-b2f8-9d0c6dbe010f,math:Orz57K,646,2026-04-23T02:29:55.249578Z,2026-04-23T02:31:02.158892Z,66.909314,1,True,True,True,1.0,1.0,0.014945602341700889,0.014945602341700889,0.0,,599,384,983,66.18356013800076,66.18356013800076,,,983.0,0.0,1.0,1.0
fb348b0a-2512-4d73-b983-f0f81b111348,math:Orz57K,647,2026-04-23T02:29:57.038682Z,2026-04-23T02:32:12.195019Z,135.156337,1,True,True,False,0.0,0.0,0.007398839168007342,0.0,0.0,,1309,369,1678,132.70812794701487,132.70812794701487,,,1678.0,0.0,1.0,1.0
3c51b1e0-e8f4-4793-9e2e-2e3423131dd2,math:Orz57K,644,2026-04-23T02:29:59.471284Z,2026-04-23T02:31:03.345489Z,63.874205,1,True,True,False,0.0,0.0,0.01565577215403307,0.0,0.0,,585,117,702,63.16423340700567,63.16423340700567,,,702.0,0.0,1.0,1.0
29114338-1893-4189-a850-e2d4a6d3ae4e,math:Orz57K,645,2026-04-23T02:30:02.510780Z,2026-04-23T02:31:08.243959Z,65.733179,1,True,True,False,0.0,0.0,0.015213017462611993,0.0,0.0,,607,578,1185,64.99607564799953,64.99607564799953,,,1185.0,0.0,1.0,1.0
24c5456e-383a-4220-93ec-c033cd9e2fb9,math:Orz57K,646,2026-04-23T02:30:04.321244Z,2026-04-23T02:31:10.380848Z,66.059604,1,True,True,True,1.0,1.0,0.015137844301942835,0.015137844301942835,0.0,,599,384,983,65.34048238499963,65.34048238499963,,,983.0,0.0,1.0,1.0
2b3bd05e-d829-4b2d-aa68-7d701ec37dfd,math:Orz57K,647,2026-04-23T02:30:06.790495Z,2026-04-23T02:32:21.017513Z,134.227018,1,True,True,False,0.0,0.0,0.007450064934020959,0.0,0.0,,1309,369,1678,131.82046884400188,131.82046884400188,,,1678.0,0.0,1.0,1.0
bd648746-b08b-46a8-a24d-16b67c0ec5c7,math:Orz57K,648,2026-04-23T02:30:07.013948Z,2026-04-23T02:31:12.181992Z,65.168044,1,True,True,False,0.0,0.0,0.015344944218365677,0.0,0.0,,591,220,811,64.44297830099822,64.44297830099822,,,811.0,0.0,1.0,1.0
bf0feb8d-597a-4234-91a9-ddbb81da9303,math:Orz57K,645,2026-04-23T02:30:15.255882Z,2026-04-23T02:31:21.563313Z,66.307431,1,True,True,False,0.0,0.0,0.015081265929304366,0.0,0.0,,607,578,1185,65.563552386011,65.563552386011,,,1185.0,0.0,1.0,1.0
643fb921-1890-43c3-b75f-d98212857f8a,math:Orz57K,646,2026-04-23T02:30:17.705402Z,2026-04-23T02:31:23.723487Z,66.018085,1,True,True,True,1.0,1.0,0.015147364544124539,0.015147364544124539,0.0,,599,384,983,65.26335675299924,65.26335675299924,,,983.0,0.0,1.0,1.0
ec4c6552-7285-4ce2-8470-ac62a36b55cb,math:Orz57K,647,2026-04-23T02:30:17.924726Z,2026-04-23T02:32:36.189467Z,138.264741,1,True,True,False,0.0,0.0,0.007232501885639811,0.0,0.0,,1309,369,1678,135.8387186119944,135.8387186119944,,,1678.0,0.0,1.0,1.0
4bb6842d-9578-41a4-ad67-e84904aad06d,math:Orz57K,648,2026-04-23T02:30:25.091553Z,2026-04-23T02:31:27.103223Z,62.01167,1,True,True,False,0.0,0.0,0.016125996929287664,0.0,0.0,,591,220,811,61.28216544201132,61.28216544201132,,,811.0,0.0,1.0,1.0
39344d52-f1a2-4d7b-a6ee-f981c19a67a7,math:Orz57K,649,2026-04-23T02:30:27.532913Z,2026-04-23T02:31:32.847106Z,65.314193,1,True,True,False,0.0,0.0,0.01531060791028988,0.0,0.0,,576,218,794,64.5747678589978,64.5747678589978,,,794.0,0.0,1.0,1.0
284fc591-807e-4842-8ac6-4809718682bb,math:Orz57K,646,2026-04-23T02:30:29.435407Z,2026-04-23T02:31:35.020494Z,65.585087,1,True,True,True,1.0,1.0,0.015247368658670834,0.015247368658670834,0.0,,599,384,983,64.86687410398736,64.86687410398736,,,983.0,0.0,1.0,1.0
865200d6-5775-48de-9376-d096d97af2b8,math:Orz57K,647,2026-04-23T02:30:34.978880Z,2026-04-23T02:32:54.266655Z,139.287775,1,True,True,False,0.0,0.0,0.007179380961466288,0.0,0.0,,1309,369,1678,136.81150646599417,136.81150646599417,,,1678.0,0.0,1.0,1.0
c85b1628-2322-49de-ace0-cf3c614020ba,math:Orz57K,648,2026-04-23T02:30:38.252993Z,2026-04-23T02:31:42.977892Z,64.724899,1,True,True,False,0.0,0.0,0.015450004796453991,0.0,0.0,,591,220,811,63.95983898299164,63.95983898299164,,,811.0,0.0,1.0,1.0
e12f3715-44e3-4be5-a8e9-bea70dc9cddb,math:Orz57K,649,2026-04-23T02:30:38.523761Z,2026-04-23T02:31:44.187977Z,65.664216,1,True,True,False,0.0,0.0,0.015228994738930562,0.0,0.0,,576,218,794,64.94588062199182,64.94588062199182,,,794.0,0.0,1.0,1.0
17e9fd31-093e-45b0-be1b-de965a8ea74d,math:Orz57K,650,2026-04-23T02:30:45.782039Z,2026-04-23T02:31:50.176418Z,64.394379,1,True,True,False,0.0,0.0,0.015529305748876,0.0,0.0,,662,790,1452,63.66423901601229,63.66423901601229,,,1452.0,0.0,1.0,1.0
90d47357-a7de-4a4f-b307-e18d7601484b,math:Orz57K,647,2026-04-23T02:30:46.028705Z,2026-04-23T02:33:07.932906Z,141.904201,1,True,True,False,0.0,0.0,0.007047007720370449,0.0,0.0,,1309,369,1678,139.4267599809973,139.4267599809973,,,1678.0,0.0,1.0,1.0
592cb0e8-a9b8-42ac-8cec-3a492135baf0,math:Orz57K,648,2026-04-23T02:30:49.234489Z,2026-04-23T02:31:56.462111Z,67.227622,1,True,True,False,0.0,0.0,0.014874838202666161,0.0,0.0,,591,220,811,66.49444216799748,66.49444216799748,,,811.0,0.0,1.0,1.0
f2298f6f-213d-4019-b756-37ef3868f38c,math:Orz57K,649,2026-04-23T02:30:51.375158Z,2026-04-23T02:31:57.737748Z,66.36259,1,True,True,False,0.0,0.0,0.015068730741220318,0.0,0.0,,576,218,794,65.61613111999759,65.61613111999759,,,794.0,0.0,1.0,1.0
f0389dd7-6297-4d38-9639-1626b5d1651f,math:Orz57K,650,2026-04-23T02:30:56.819208Z,2026-04-23T02:32:02.135600Z,65.316392,1,True,True,False,0.0,0.0,0.015310092449687058,0.0,0.0,,662,790,1452,64.58898241100542,64.58898241100542,,,1452.0,0.0,1.0,1.0
a4cd988f-83b9-403c-beb9-56a3b634ebc6,math:Orz57K,651,2026-04-23T02:31:00.097521Z,2026-04-23T02:32:08.245211Z,68.14769,1,True,True,False,0.0,0.0,0.01467401169430688,0.0,0.0,,587,267,854,67.37754795499495,67.37754795499495,,,854.0,0.0,1.0,1.0
a8d11e20-cc20-4a7a-a5ab-924818666bde,math:Orz57K,648,2026-04-23T02:31:02.185331Z,2026-04-23T02:32:09.443393Z,67.258062,1,True,True,False,0.0,0.0,0.014868106071804449,0.0,0.0,,591,220,811,66.52867136399436,66.52867136399436,,,811.0,0.0,1.0,1.0
12913625-3e44-4aa6-9d51-5c7e91cbd9d5,math:Orz57K,649,2026-04-23T02:31:03.370674Z,2026-04-23T02:32:10.647907Z,67.277233,1,True,True,False,0.0,0.0,0.01486386932708722,0.0,0.0,,576,218,794,66.56639273199835,66.56639273199835,,,794.0,0.0,1.0,1.0
5c561cc8-157d-43a8-9b51-e80ddc996f9f,math:Orz57K,650,2026-04-23T02:31:05.030000Z,2026-04-23T02:32:16.625477Z,71.595477,1,True,True,False,0.0,0.0,0.013967362770695695,0.0,0.0,,662,790,1452,70.8671395269921,70.8671395269921,,,1452.0,0.0,1.0,1.0
63f7e0f9-cd58-476f-a8bf-f650d6a5b8d0,math:Orz57K,651,2026-04-23T02:31:08.268661Z,2026-04-23T02:32:18.169163Z,69.900502,1,True,True,False,0.0,0.0,0.014306048903625898,0.0,0.0,,587,267,854,69.12285167200025,69.12285167200025,,,854.0,0.0,1.0,1.0
4fc50d87-5c86-4b30-940d-81deae7e795e,math:Orz57K,652,2026-04-23T02:31:10.405101Z,2026-04-23T02:32:19.464906Z,69.059805,1,True,True,True,1.0,1.0,0.014480203064575698,0.014480203064575698,0.0,,554,242,796,68.34748798600049,68.34748798600049,,,796.0,0.0,1.0,1.0
3e835ba2-9a3e-4f6c-82cb-c0183c5f72c3,math:Orz57K,649,2026-04-23T02:31:12.206334Z,2026-04-23T02:32:22.640758Z,70.434424,1,True,True,False,0.0,0.0,0.014197603149278254,0.0,0.0,,576,293,869,69.72348211400094,69.72348211400094,,,869.0,0.0,1.0,1.0
487a88d6-44b6-4741-a1fc-1f05a9097d8b,math:Orz57K,650,2026-04-23T02:31:13.810737Z,2026-04-23T02:32:27.074679Z,73.263942,1,True,True,False,0.0,0.0,0.013649279204768971,0.0,0.0,,662,790,1452,72.52699235000182,72.52699235000182,,,1452.0,0.0,1.0,1.0
1c1327df-2872-44fa-8f88-cbb81adaf7cc,math:Orz57K,651,2026-04-23T02:31:21.589224Z,2026-04-23T02:32:33.308545Z,71.719321,1,True,True,False,0.0,0.0,0.013943244108515752,0.0,0.0,,587,267,854,70.956442951996,70.956442951996,,,854.0,0.0,1.0,1.0
c957cb3b-d90b-4c0e-9100-9fd2b0658486,math:Orz57K,652,2026-04-23T02:31:23.747952Z,2026-04-23T02:32:34.626188Z,70.878236,1,True,True,True,1.0,1.0,0.014108703269646835,0.014108703269646835,0.0,,554,242,796,70.1656430120056,70.1656430120056,,,796.0,0.0,1.0,1.0
d2d202f2-fec5-4eab-b329-8df747ed0fbc,math:Orz57K,653,2026-04-23T02:31:25.891451Z,2026-04-23T02:32:38.420468Z,72.529017,1,True,True,True,1.0,1.0,0.013787585181252353,0.013787585181252353,0.0,,609,399,1008,71.79709371400531,71.79709371400531,,,1008.0,0.0,1.0,1.0
3ec58b57-af26-438e-869f-dd3f2f423595,math:Orz57K,650,2026-04-23T02:31:27.126918Z,2026-04-23T02:32:42.816331Z,75.689413,1,True,True,False,0.0,0.0,0.01321188737452621,0.0,0.0,,662,790,1452,74.99902411499352,74.99902411499352,,,1452.0,0.0,1.0,1.0
e58a7ac1-fad5-40e6-807a-870400439cfd,math:Orz57K,651,2026-04-23T02:31:32.869825Z,2026-04-23T02:32:49.183686Z,76.313861,1,True,True,False,0.0,0.0,0.01310377940384906,0.0,0.0,,587,267,854,75.53675274900161,75.53675274900161,,,854.0,0.0,1.0,1.0
5a458520-55e7-4602-aaa3-46e2ec406fb8,math:Orz57K,652,2026-04-23T02:31:35.044298Z,2026-04-23T02:32:50.493155Z,75.448857,1,True,True,True,1.0,1.0,0.013254011256923348,0.013254011256923348,0.0,,554,242,796,74.73596633599664,74.73596633599664,,,796.0,0.0,1.0,1.0
c97cce7d-909d-4984-918b-a9c1d5ce34b1,math:Orz57K,653,2026-04-23T02:31:36.614891Z,2026-04-23T02:32:52.746694Z,76.131803,1,True,True,True,1.0,1.0,0.01313511516337003,0.01313511516337003,0.0,,609,399,1008,75.39916349601117,75.39916349601117,,,1008.0,0.0,1.0,1.0
15338f9b-6c6d-4f16-b32b-b8f29d91c297,math:Orz57K,654,2026-04-23T02:31:43.001000Z,2026-04-23T02:33:01.299554Z,78.298554,1,True,True,False,0.0,0.0,0.012771627940919574,0.0,0.0,,619,408,1027,77.60814137200941,77.60814137200941,,,1027.0,0.0,1.0,1.0
df5dab15-ffe5-4894-b545-1b369e7d1c1c,math:Orz57K,651,2026-04-23T02:31:44.213506Z,2026-04-23T02:33:02.870122Z,78.656616,1,True,True,False,0.0,0.0,0.012713488716575348,0.0,0.0,,587,267,854,77.89577058899158,77.89577058899158,,,854.0,0.0,1.0,1.0
7d02cf40-fd18-4cd2-b680-b9d88d8bcd4e,math:Orz57K,652,2026-04-23T02:31:45.796048Z,2026-04-23T02:33:04.163155Z,78.367107,1,True,True,True,1.0,1.0,0.01276045573559325,0.01276045573559325,0.0,,554,242,796,77.62571895800647,77.62571895800647,,,796.0,0.0,1.0,1.0
40282ef7-97f1-4f67-9b79-e3cbf5ceedc3,math:Orz57K,653,2026-04-23T02:31:50.202314Z,2026-04-23T02:33:06.396689Z,76.194375,1,True,True,True,1.0,1.0,0.013124328403507479,0.013124328403507479,0.0,,609,399,1008,75.45866215400747,75.45866215400747,,,1008.0,0.0,1.0,1.0
e6c48001-5bff-4b66-9464-cda315ef6fa5,math:Orz57K,654,2026-04-23T02:31:56.486519Z,2026-04-23T02:33:15.003504Z,78.516985,1,True,True,False,0.0,0.0,0.012736097801004457,0.0,0.0,,619,408,1027,77.77401133799867,77.77401133799867,,,1027.0,0.0,1.0,1.0
e0f29c19-b406-4c14-bba9-823fad7fc677,math:Orz57K,655,2026-04-23T02:31:57.763513Z,2026-04-23T02:33:16.025312Z,78.261799,1,True,True,False,0.0,0.0,0.012777626029271318,0.0,0.0,,603,182,785,77.5293591110094,77.5293591110094,,,785.0,0.0,1.0,1.0
bf93e0d8-06c0-4953-a860-08efea85348c,math:Orz57K,652,2026-04-23T02:32:02.159047Z,2026-04-23T02:33:17.360014Z,75.200967,1,True,True,True,1.0,1.0,0.013297701344718079,0.013297701344718079,0.0,,554,242,796,74.48821200100065,74.48821200100065,,,796.0,0.0,1.0,1.0
16d79b2d-e0bd-43c3-be1f-5166770109a2,math:Orz57K,653,2026-04-23T02:32:08.269065Z,2026-04-23T02:33:24.346162Z,76.077097,1,True,True,True,1.0,1.0,0.013144560445044322,0.013144560445044322,0.0,,609,399,1008,75.35326614999212,75.35326614999212,,,1008.0,0.0,1.0,1.0
aba646d9-df0e-4752-a3c1-fcf60a3446e7,math:Orz57K,654,2026-04-23T02:32:09.468461Z,2026-04-23T02:33:26.656494Z,77.188033,1,True,True,False,0.0,0.0,0.012955376126763068,0.0,0.0,,619,408,1027,76.4364005390089,76.4364005390089,,,1027.0,0.0,1.0,1.0
45a3b5c6-f403-45d7-90db-fa319411b601,math:Orz57K,655,2026-04-23T02:32:10.671111Z,2026-04-23T02:33:27.640395Z,76.969284,1,True,True,False,0.0,0.0,0.012992195691985389,0.0,0.0,,603,182,785,76.2604743510019,76.2604743510019,,,785.0,0.0,1.0,1.0
98f8f24f-951b-44e2-aeda-7cac43216508,math:Orz57K,656,2026-04-23T02:32:12.218920Z,2026-04-23T02:33:30.682417Z,78.463497,1,True,True,True,1.0,1.0,0.012744779907018418,0.012744779907018418,0.0,,572,543,1115,77.74657978799951,77.74657978799951,,,1115.0,0.0,1.0,1.0
34ea64a8-958e-424d-b4f6-f56792f5c580,math:Orz57K,653,2026-04-23T02:32:16.649003Z,2026-04-23T02:33:32.923910Z,76.274907,1,True,True,True,1.0,1.0,0.013110471573567439,0.013110471573567439,0.0,,609,399,1008,75.55111682400457,75.55111682400457,,,1008.0,0.0,1.0,1.0
9c475db2-7407-4201-9092-f0107bc20ab9,math:Orz57K,654,2026-04-23T02:32:18.192937Z,2026-04-23T02:33:35.161104Z,76.968167,1,True,True,False,0.0,0.0,0.01299238424113699,0.0,0.0,,619,408,1027,76.25852257700171,76.25852257700171,,,1027.0,0.0,1.0,1.0
a0860e2b-fe3d-4d76-954a-c76eacf29b31,math:Orz57K,655,2026-04-23T02:32:19.487683Z,2026-04-23T02:33:36.193847Z,76.706164,1,True,True,False,0.0,0.0,0.013036761947840333,0.0,0.0,,603,182,785,75.9895894479996,75.9895894479996,,,785.0,0.0,1.0,1.0
1b984c39-6b3e-43f1-be6d-03a2a59cf775,math:Orz57K,656,2026-04-23T02:32:21.044074Z,2026-04-23T02:33:39.241000Z,78.196926,1,True,True,True,1.0,1.0,0.012788226483480948,0.012788226483480948,0.0,,572,543,1115,77.46724607500073,77.46724607500073,,,1115.0,0.0,1.0,1.0
61b65cba-ab43-4451-bd8f-1d2f39b3d0af,math:Orz57K,657,2026-04-23T02:32:22.663483Z,2026-04-23T02:33:41.185973Z,78.52249,1,True,True,True,1.0,1.0,0.012735204907536681,0.012735204907536681,0.0,,597,336,933,77.73488356900634,77.73488356900634,,,933.0,0.0,1.0,1.0
af6bdf74-306a-4cae-a295-6f68852f1a89,math:Orz57K,654,2026-04-23T02:32:27.098962Z,2026-04-23T02:33:43.388163Z,76.289201,1,True,True,False,0.0,0.0,0.01310801511736897,0.0,0.0,,619,408,1027,75.59020388999488,75.59020388999488,,,1027.0,0.0,1.0,1.0
41ec2946-4704-423d-832a-5181a517726f,math:Orz57K,655,2026-04-23T02:32:33.331908Z,2026-04-23T02:35:10.536057Z,157.204149,1,True,True,True,1.0,1.0,0.006361155264419898,0.006361155264419898,0.0,,1405,232,1637,154.7729310610157,154.7729310610157,,,1637.0,0.0,1.0,1.0
6e3b815b-663c-4754-a5f4-82e9a4367577,math:Orz57K,656,2026-04-23T02:32:34.649153Z,2026-04-23T02:33:51.540820Z,76.891667,1,True,True,False,0.0,0.0,0.013005310445408863,0.0,0.0,,572,425,997,76.15652509499341,76.15652509499341,,,997.0,0.0,1.0,1.0
b7790dd4-105f-4cd2-8af0-b92bc9c3006e,math:Orz57K,657,2026-04-23T02:32:36.213763Z,2026-04-23T02:33:53.505322Z,77.291559,1,True,True,True,1.0,1.0,0.012938023413397573,0.012938023413397573,0.0,,597,336,933,76.47557015600614,76.47557015600614,,,933.0,0.0,1.0,1.0
d1070462-c26a-44bb-9875-2b623f64e0f1,math:Orz57K,658,2026-04-23T02:32:38.444292Z,2026-04-23T02:39:16.827761Z,398.383469,1,True,True,False,0.0,0.0,0.0025101443152501894,0.0,0.0,,3224,583,3807,392.4922458860092,392.4922458860092,,,3807.0,0.0,1.0,1.0
b011db21-2e3c-40fe-b8d4-1b0cf44d162c,math:Orz57K,655,2026-04-23T02:32:42.840893Z,2026-04-23T02:33:55.735463Z,72.89457,1,True,True,False,0.0,0.0,0.013718442951237657,0.0,0.0,,603,259,862,72.17578031899757,72.17578031899757,,,862.0,0.0,1.0,1.0
9f0675bf-a18f-41bd-a9a3-8126abfec509,math:Orz57K,656,2026-04-23T02:32:49.206388Z,2026-04-23T02:34:03.293455Z,74.087067,1,True,True,True,1.0,1.0,0.01349763245452813,0.01349763245452813,0.0,,572,513,1085,73.36701435899886,73.36701435899886,,,1085.0,0.0,1.0,1.0
8856010e-f314-428c-aea2-b8a8e4a0e996,math:Orz57K,657,2026-04-23T02:32:50.519016Z,2026-04-23T02:34:05.150584Z,74.631568,1,True,True,True,1.0,1.0,0.013399155703120159,0.013399155703120159,0.0,,597,336,933,73.89250789899961,73.89250789899961,,,933.0,0.0,1.0,1.0
06f0a98e-72d7-4328-9ad1-572b95e00bef,math:Orz57K,658,2026-04-23T02:32:52.768999Z,2026-04-23T02:35:31.017714Z,158.248715,1,True,True,False,0.0,0.0,0.006319166635887059,0.0,0.0,,1400,219,1619,155.81947653800307,155.81947653800307,,,1619.0,0.0,1.0,1.0
ffbd0fc5-5037-40ec-a079-34be0386da76,math:Orz57K,659,2026-04-23T02:32:54.290519Z,2026-04-23T02:34:09.343924Z,75.053405,1,True,True,True,1.0,1.0,0.013323845866819766,0.013323845866819766,0.0,,588,572,1160,74.33397664398944,74.33397664398944,,,1160.0,0.0,1.0,1.0
b3abd30e-b002-4ddb-87ae-5af51fb1ca8b,math:Orz57K,656,2026-04-23T02:33:01.323566Z,2026-04-23T02:34:17.007935Z,75.684369,1,True,True,True,1.0,1.0,0.01321276788341857,0.01321276788341857,0.0,,572,513,1085,74.93821676299558,74.93821676299558,,,1085.0,0.0,1.0,1.0
f2931f3e-d586-4242-8a5c-6951c3011e04,math:Orz57K,657,2026-04-23T02:33:02.893925Z,2026-04-23T02:34:18.944426Z,76.050501,1,True,True,True,1.0,1.0,0.013149157294834915,0.013149157294834915,0.0,,597,336,933,75.25484014200629,75.25484014200629,,,933.0,0.0,1.0,1.0
aa5ae105-13d1-4015-ab60-a1daf8543a1f,math:Orz57K,658,2026-04-23T02:33:04.188350Z,2026-04-23T02:35:45.841408Z,161.653058,1,True,True,False,0.0,0.0,0.006186087738593847,0.0,0.0,,1400,219,1619,159.18900575699809,159.18900575699809,,,1619.0,0.0,1.0,1.0
3b397008-1b91-46c2-8248-9eb366cf057e,math:Orz57K,659,2026-04-23T02:33:06.418930Z,2026-04-23T02:34:23.074584Z,76.655654,1,True,True,True,1.0,1.0,0.013045352140626182,0.013045352140626182,0.0,,588,572,1160,75.9260220569995,75.9260220569995,,,1160.0,0.0,1.0,1.0
01b5d9b5-72b4-4679-94c4-2f655a465a25,math:Orz57K,660,2026-04-23T02:33:07.957095Z,2026-04-23T02:34:26.071168Z,78.114073,1,True,True,False,0.0,0.0,0.012801790530113568,0.0,0.0,,653,536,1189,77.38507432299957,77.38507432299957,,,1189.0,0.0,1.0,1.0
5e70e53d-9c0d-4d1b-97e7-9f65192aacfa,math:Orz57K,657,2026-04-23T02:33:15.028973Z,2026-04-23T02:35:53.876929Z,158.847956,1,True,True,True,1.0,1.0,0.006295328093488341,0.006295328093488341,0.0,,1464,284,1748,156.3187727839977,156.3187727839977,,,1748.0,0.0,1.0,1.0
f6458d16-5304-4b46-914d-bc2161e1be5e,math:Orz57K,658,2026-04-23T02:33:16.050658Z,2026-04-23T02:38:26.826869Z,310.776211,1,True,True,False,0.0,0.0,0.0032177495078604974,0.0,0.0,,2444,384,2828,306.5756232799904,306.5756232799904,,,2828.0,0.0,1.0,1.0
eb845b18-dd50-4eb3-80a9-1def46f5a11c,math:Orz57K,659,2026-04-23T02:33:17.383454Z,2026-04-23T02:34:35.624818Z,78.241364,1,True,True,True,1.0,1.0,0.012780963276662711,0.012780963276662711,0.0,,588,458,1046,77.53496109200933,77.53496109200933,,,1046.0,0.0,1.0,1.0
9e73bcb4-6427-47a4-b572-0b832f21ece1,math:Orz57K,660,2026-04-23T02:33:24.370009Z,2026-04-23T02:34:43.697277Z,79.327268,1,True,True,False,0.0,0.0,0.012606005793619415,0.0,0.0,,653,571,1224,78.57125547000032,78.57125547000032,,,1224.0,0.0,1.0,1.0
cd2fb5f1-efc4-46d3-b6a1-04e98a0e4655,math:Orz57K,661,2026-04-23T02:33:26.678721Z,2026-04-23T02:34:46.831582Z,80.152861,1,True,True,False,0.0,0.0,0.012476161019380207,0.0,0.0,,600,567,1167,79.43341863399837,79.43341863399837,,,1167.0,0.0,1.0,1.0
51c25095-305e-4291-a577-a89ff8951ca5,math:Orz57K,658,2026-04-23T02:33:27.664443Z,2026-04-23T02:36:17.702305Z,170.037862,1,True,True,False,0.0,0.0,0.005881043129088509,0.0,0.0,,1400,219,1619,167.50993665900023,167.50993665900023,,,1619.0,0.0,1.0,1.0
1ba55ba0-cee6-4252-aff0-523ca825ebf4,math:Orz57K,659,2026-04-23T02:33:30.707722Z,2026-04-23T02:34:50.250898Z,79.543176,1,True,True,True,1.0,1.0,0.012571788684927542,0.012571788684927542,0.0,,588,436,1024,78.8275803150027,78.8275803150027,,,1024.0,0.0,1.0,1.0
32611a60-b6ae-4daf-b05f-5052e37e8570,math:Orz57K,660,2026-04-23T02:33:32.947781Z,2026-04-23T02:34:52.428027Z,79.480246,1,True,True,False,0.0,0.0,0.012581742638290275,0.0,0.0,,653,384,1037,78.74766538699623,78.74766538699623,,,1037.0,0.0,1.0,1.0
664b7799-cfe4-4eda-81fe-61b017e69854,math:Orz57K,661,2026-04-23T02:33:35.185687Z,2026-04-23T02:34:55.589999Z,80.404312,1,True,True,False,0.0,0.0,0.012437143918351046,0.0,0.0,,600,567,1167,79.68260152899893,79.68260152899893,,,1167.0,0.0,1.0,1.0
a6dd4f6e-19ee-4aeb-a54a-e773e84b0df3,math:Orz57K,662,2026-04-23T02:33:36.217655Z,2026-04-23T02:34:58.995320Z,82.777665,1,True,True,False,0.0,0.0,0.012080553371492178,0.0,0.0,,757,605,1362,82.03996857599122,82.03996857599122,,,1362.0,0.0,1.0,1.0
b4651bd5-baf0-4e99-821f-7cd857575d41,math:Orz57K,659,2026-04-23T02:33:39.264999Z,2026-04-23T02:35:01.449219Z,82.18422,1,True,True,True,1.0,1.0,0.012167785981299088,0.012167785981299088,0.0,,588,436,1024,81.43041325699596,81.43041325699596,,,1024.0,0.0,1.0,1.0
3c120f87-1175-4bb3-a730-9a610f922a5a,math:Orz57K,660,2026-04-23T02:33:41.210071Z,2026-04-23T02:35:03.564566Z,82.354495,1,True,True,False,0.0,0.0,0.012142628037485993,0.0,0.0,,653,384,1037,81.64059707200795,81.64059707200795,,,1037.0,0.0,1.0,1.0
7ad97db8-a968-418d-979b-6a69b21043c8,math:Orz57K,661,2026-04-23T02:33:43.412024Z,2026-04-23T02:35:06.726317Z,83.314293,1,True,True,False,0.0,0.0,0.012002742434602427,0.0,0.0,,600,567,1167,82.56722147799155,82.56722147799155,,,1167.0,0.0,1.0,1.0
5ea7f7cf-6e24-4d53-81c7-e0e15da108fd,math:Orz57K,662,2026-04-23T02:33:48.261292Z,2026-04-23T02:35:10.154793Z,81.893501,1,True,True,False,0.0,0.0,0.012210981186406965,0.0,0.0,,757,605,1362,81.13708997699723,81.13708997699723,,,1362.0,0.0,1.0,1.0
d431f813-12e4-4d3c-a1c5-76dc903327ad,math:Orz57K,663,2026-04-23T02:33:51.564476Z,2026-04-23T02:35:13.234373Z,81.669897,1,True,True,False,0.0,0.0,0.012244413630153102,0.0,0.0,,603,474,1077,80.92020757000137,80.92020757000137,,,1077.0,0.0,1.0,1.0
4700e887-1e0f-45f6-89be-c8b706626065,math:Orz57K,660,2026-04-23T02:33:53.531687Z,2026-04-23T02:35:15.345407Z,81.81372,1,True,True,False,0.0,0.0,0.012222888777090199,0.0,0.0,,653,384,1037,81.11986007200903,81.11986007200903,,,1037.0,0.0,1.0,1.0
a2de7452-a474-4c0d-bcb1-f7316285454e,math:Orz57K,661,2026-04-23T02:33:55.759031Z,2026-04-23T02:35:19.403311Z,83.64428,1,True,True,False,0.0,0.0,0.011955390135464134,0.0,0.0,,600,567,1167,82.92492320599558,82.92492320599558,,,1167.0,0.0,1.0,1.0
6588abe6-fdba-4c33-840b-9e2694968dea,math:Orz57K,662,2026-04-23T02:34:00.507269Z,2026-04-23T02:35:22.869221Z,82.361952,1,True,True,False,0.0,0.0,0.01214152865148218,0.0,0.0,,757,605,1362,81.56793068500701,81.56793068500701,,,1362.0,0.0,1.0,1.0
7929930c-686c-4b76-8300-e13d7ef884f8,math:Orz57K,663,2026-04-23T02:34:03.319326Z,2026-04-23T02:35:25.483256Z,82.16393,1,True,True,False,0.0,0.0,0.012170790759400143,0.0,0.0,,603,474,1077,81.40564961498603,81.40564961498603,,,1077.0,0.0,1.0,1.0
4662f8ce-1ec6-4d95-bd4e-8a9e92b68fd1,math:Orz57K,664,2026-04-23T02:34:05.174470Z,2026-04-23T02:35:30.695867Z,85.521397,1,True,True,False,0.0,0.0,0.011692980178983747,0.0,0.0,,638,941,1579,84.80143493899959,84.80143493899959,,,1579.0,0.0,1.0,1.0
e967968a-7e2e-4863-a9a0-f9dd243c5211,math:Orz57K,661,2026-04-23T02:34:09.367945Z,2026-04-23T02:35:34.169463Z,84.801518,1,True,True,False,0.0,0.0,0.011792241737936814,0.0,0.0,,600,567,1167,84.08229142200435,84.08229142200435,,,1167.0,0.0,1.0,1.0
8fc05317-099e-42b0-b0fb-0eaed19b759e,math:Orz57K,662,2026-04-23T02:34:14.141681Z,2026-04-23T02:35:37.608541Z,83.46686,1,True,True,False,0.0,0.0,0.011980802919865441,0.0,0.0,,757,605,1362,82.68799365499581,82.68799365499581,,,1362.0,0.0,1.0,1.0
a71134be-a7b4-4719-a4c3-cf3bb588fb29,math:Orz57K,663,2026-04-23T02:34:17.034021Z,2026-04-23T02:35:40.213555Z,83.179534,1,True,True,False,0.0,0.0,0.012022188054095133,0.0,0.0,,603,474,1077,82.45187944000645,82.45187944000645,,,1077.0,0.0,1.0,1.0
a337f267-270c-4eb8-bce7-867ebcf5d202,math:Orz57K,664,2026-04-23T02:34:18.975267Z,2026-04-23T02:35:45.517300Z,86.542033,1,True,True,False,0.0,0.0,0.011555078674890846,0.0,0.0,,638,941,1579,85.81411158999254,85.81411158999254,,,1579.0,0.0,1.0,1.0
653a4f62-ec7a-4fb4-b3a4-50965ea469e9,math:Orz57K,665,2026-04-23T02:34:23.100917Z,2026-04-23T02:35:47.479515Z,84.378598,1,True,True,False,0.0,0.0,0.011851346475323044,0.0,0.0,,584,289,873,83.60801159600669,83.60801159600669,,,873.0,0.0,1.0,1.0
342044ea-60a8-42e4-ada3-5a59c405621f,math:Orz57K,662,2026-04-23T02:34:26.097263Z,2026-04-23T02:35:50.854290Z,84.757027,1,True,True,False,0.0,0.0,0.011798431768967074,0.0,0.0,,757,605,1362,84.00154208099411,84.00154208099411,,,1362.0,0.0,1.0,1.0
04b40e25-1983-431b-ab73-234e64a39acc,math:Orz57K,663,2026-04-23T02:34:30.816457Z,2026-04-23T02:35:53.519765Z,82.703308,1,True,True,False,0.0,0.0,0.012091414771462345,0.0,0.0,,603,474,1077,81.94195781000599,81.94195781000599,,,1077.0,0.0,1.0,1.0
f268e073-6160-4cdd-b4c1-ff04627785ca,math:Orz57K,664,2026-04-23T02:34:35.648018Z,2026-04-23T02:35:59.995247Z,84.347229,1,True,True,False,0.0,0.0,0.011855754028386635,0.0,0.0,,638,941,1579,83.63906412399956,83.63906412399956,,,1579.0,0.0,1.0,1.0
ead9aa86-86dc-4bac-98eb-c069cfee2f99,math:Orz57K,665,2026-04-23T02:34:40.488533Z,2026-04-23T02:36:01.664595Z,81.176062,1,True,True,False,0.0,0.0,0.012318902584853155,0.0,0.0,,584,289,873,80.41378173399426,80.41378173399426,,,873.0,0.0,1.0,1.0
89056198-a8ff-49f5-9961-620a0b43b156,math:Orz57K,666,2026-04-23T02:34:43.721812Z,2026-04-23T02:36:14.742354Z,91.020542,1,True,True,True,1.0,1.0,0.0109865309305673,0.0109865309305673,0.0,,940,2271,3211,90.27233999299642,90.27233999299642,,,3211.0,0.0,1.0,1.0
c7657d6e-7126-4afd-855c-e01e21851995,math:Orz57K,663,2026-04-23T02:34:46.856071Z,2026-04-23T02:36:17.403206Z,90.547135,1,True,True,False,0.0,0.0,0.011043971739138958,0.0,0.0,,603,474,1077,89.79662669698882,89.79662669698882,,,1077.0,0.0,1.0,1.0
b06d0c9a-1610-4e5b-8ba2-6f1f4e1dc386,math:Orz57K,664,2026-04-23T02:34:50.274428Z,2026-04-23T02:36:22.917267Z,92.642839,1,True,True,False,0.0,0.0,0.010794142437711781,0.0,0.0,,638,941,1579,91.92345944700355,91.92345944700355,,,1579.0,0.0,1.0,1.0
2ed42b8c-bb7a-401c-8d91-b2b769ac78bc,math:Orz57K,665,2026-04-23T02:34:52.450539Z,2026-04-23T02:36:24.566155Z,92.115616,1,True,True,False,0.0,0.0,0.010855922626626087,0.0,0.0,,584,289,873,91.36324434599373,91.36324434599373,,,873.0,0.0,1.0,1.0
16822c30-8550-460c-bdf1-ea8ad8cd7b85,math:Orz57K,666,2026-04-23T02:34:55.612772Z,2026-04-23T02:36:37.548788Z,101.936016,1,True,True,True,1.0,1.0,0.00981007537120148,0.00981007537120148,0.0,,940,2271,3211,101.23834305300261,101.23834305300261,,,3211.0,0.0,1.0,1.0
b2ba9332-c65f-4423-9108-075ebe7284c2,math:Orz57K,667,2026-04-23T02:34:59.019235Z,2026-04-23T02:36:39.362908Z,100.343673,1,True,True,False,0.0,0.0,0.009965750406605108,0.0,0.0,,591,313,904,99.59139666600095,99.59139666600095,,,904.0,0.0,1.0,1.0
917e8a8f-0824-4fe8-a87d-c9c5c80225ee,math:Orz57K,664,2026-04-23T02:35:01.473284Z,2026-04-23T02:36:44.605660Z,103.132376,1,True,True,False,0.0,0.0,0.009696276172285608,0.0,0.0,,638,941,1579,102.43190949199197,102.43190949199197,,,1579.0,0.0,1.0,1.0
26362818-3732-4948-806a-7086d4e22cfb,math:Orz57K,665,2026-04-23T02:35:03.590714Z,2026-04-23T02:36:46.279263Z,102.688549,1,True,True,False,0.0,0.0,0.009738184147484643,0.0,0.0,,584,289,873,101.9361508669972,101.9361508669972,,,873.0,0.0,1.0,1.0
4865298d-b948-481d-a6fe-7fcce540f43e,math:Orz57K,666,2026-04-23T02:35:06.748720Z,2026-04-23T02:36:59.300842Z,112.552122,1,True,True,True,1.0,1.0,0.008884772514551081,0.008884772514551081,0.0,,940,2271,3211,111.83584289900318,111.83584289900318,,,3211.0,0.0,1.0,1.0
902ea741-f332-4360-bb3c-49bf645eda45,math:Orz57K,667,2026-04-23T02:35:10.177685Z,2026-04-23T02:37:01.068574Z,110.890889,1,True,True,False,0.0,0.0,0.009017873416092823,0.0,0.0,,591,313,904,110.15976892200706,110.15976892200706,,,904.0,0.0,1.0,1.0
ddcda37e-34c1-448a-9883-49daa5b48290,math:Orz57K,668,2026-04-23T02:35:10.560289Z,2026-04-23T02:37:05.955244Z,115.394955,1,True,True,False,0.0,0.0,0.00866589011625335,0.0,0.0,,635,888,1523,114.69467401900329,114.69467401900329,,,1523.0,0.0,1.0,1.0
417dcfd2-388f-49ff-8da6-6447e89a9eff,math:Orz57K,665,2026-04-23T02:35:13.258986Z,2026-04-23T02:37:07.616674Z,114.357688,1,True,True,False,0.0,0.0,0.008744492980655574,0.0,0.0,,584,289,873,113.62354430499545,113.62354430499545,,,873.0,0.0,1.0,1.0
d19dc7e3-b0b6-4407-a57f-040bf81e08ee,math:Orz57K,666,2026-04-23T02:35:15.369072Z,2026-04-23T02:37:20.821452Z,125.45238,1,True,True,True,1.0,1.0,0.00797115208176999,0.00797115208176999,0.0,,940,2271,3211,124.71104599699902,124.71104599699902,,,3211.0,0.0,1.0,1.0
40d62d77-9fbe-4ca9-88c9-a69ce418f4ba,math:Orz57K,667,2026-04-23T02:35:19.428171Z,2026-04-23T02:37:23.496812Z,124.068641,1,True,True,False,0.0,0.0,0.008060054433900022,0.0,0.0,,591,313,904,123.29941348799912,123.29941348799912,,,904.0,0.0,1.0,1.0
d4a3009c-f86d-4334-b4c3-853a0648033d,math:Orz57K,668,2026-04-23T02:35:22.893317Z,2026-04-23T02:37:28.462131Z,125.568814,1,True,True,False,0.0,0.0,0.007963760810865028,0.0,0.0,,635,888,1523,124.83557088700763,124.83557088700763,,,1523.0,0.0,1.0,1.0
93ff95d9-e4c5-4c68-bec4-6f549c9cb719,math:Orz57K,669,2026-04-23T02:35:25.506163Z,2026-04-23T02:37:34.930135Z,129.423972,1,True,True,False,0.0,0.0,0.007726543889411771,0.0,0.0,,599,1127,1726,128.5446998829866,128.5446998829866,,,1726.0,0.0,1.0,1.0
1f539e9b-d3e0-4005-9a7a-b4f50e197221,math:Orz57K,666,2026-04-23T02:35:30.720017Z,2026-04-23T02:37:47.915580Z,137.195563,1,True,True,True,1.0,1.0,0.007288865456968168,0.007288865456968168,0.0,,940,2271,3211,136.44518238099408,136.44518238099408,,,3211.0,0.0,1.0,1.0
743853b0-2abb-4232-81a0-fd923ddfac17,math:Orz57K,667,2026-04-23T02:35:31.041890Z,2026-04-23T02:37:49.665916Z,138.624026,1,True,True,False,0.0,0.0,0.007213756726413357,0.0,0.0,,591,313,904,137.87449745800404,137.87449745800404,,,904.0,0.0,1.0,1.0
c436ad63-77af-438f-91e5-06fad7bbba8e,math:Orz57K,668,2026-04-23T02:35:34.193128Z,2026-04-23T02:37:54.584623Z,140.391495,1,True,True,False,0.0,0.0,0.007122938608211274,0.0,0.0,,635,888,1523,139.6856224009971,139.6856224009971,,,1523.0,0.0,1.0,1.0
2c989f31-0f1e-4fb9-9228-559fe250fe88,math:Orz57K,669,2026-04-23T02:35:37.633430Z,2026-04-23T02:38:01.071960Z,143.43853,1,True,True,False,0.0,0.0,0.006971627497855702,0.0,0.0,,599,1127,1726,142.54562941999757,142.54562941999757,,,1726.0,0.0,1.0,1.0
44822440-e2dd-46bb-a784-97dcb2945b09,math:Orz57K,670,2026-04-23T02:35:40.236854Z,2026-04-23T02:38:02.871603Z,142.634749,1,True,True,False,0.0,0.0,0.007010914289897197,0.0,0.0,,620,345,965,141.8760286809993,141.8760286809993,,,965.0,0.0,1.0,1.0
60ef21eb-29d8-492f-89d3-22011266a171,math:Orz57K,667,2026-04-23T02:35:45.542378Z,2026-04-23T02:38:04.584022Z,139.041644,1,True,True,False,0.0,0.0,0.007192089874886693,0.0,0.0,,591,313,904,138.32435721000365,138.32435721000365,,,904.0,0.0,1.0,1.0
c4392605-5242-4f47-92ae-d07b6009319c,math:Orz57K,668,2026-04-23T02:35:45.867083Z,2026-04-23T02:38:09.522527Z,143.655444,1,True,True,False,0.0,0.0,0.00696110061794804,0.0,0.0,,635,888,1523,142.9394774579996,142.9394774579996,,,1523.0,0.0,1.0,1.0
b6c968be-b262-4879-9f68-cc33315e2dcc,math:Orz57K,669,2026-04-23T02:35:47.503890Z,2026-04-23T02:38:16.035562Z,148.531672,1,True,True,False,0.0,0.0,0.0067325708149303005,0.0,0.0,,599,1127,1726,147.66515673699905,147.66515673699905,,,1726.0,0.0,1.0,1.0
35e4a999-ae02-44c8-8d09-5c0b08d703d2,math:Orz57K,670,2026-04-23T02:35:50.878967Z,2026-04-23T02:38:17.891725Z,147.012758,1,True,True,False,0.0,0.0,0.006802130737524155,0.0,0.0,,620,345,965,146.23893565499748,146.23893565499748,,,965.0,0.0,1.0,1.0
604f14c9-a8a2-4585-a317-fa44d77ccfd7,math:Orz57K,671,2026-04-23T02:35:53.546207Z,2026-04-23T02:41:22.427810Z,328.881603,1,True,True,False,0.0,0.0,0.0030406078992506005,0.0,0.0,,5649,1651,7300,322.9329645010148,322.9329645010148,,,7300.0,0.0,1.0,1.0
fe5ae939-7d0e-4b9f-ae08-e91fee04b520,math:Orz57K,668,2026-04-23T02:35:53.901563Z,2026-04-23T02:38:26.481294Z,152.579731,1,True,True,False,0.0,0.0,0.006553950471966686,0.0,0.0,,635,888,1523,151.861330669999,151.861330669999,,,1523.0,0.0,1.0,1.0
9c0d9f86-83d9-4cf3-b419-60af77bc8b9e,math:Orz57K,669,2026-04-23T02:36:00.020487Z,2026-04-23T02:38:33.274014Z,153.253527,1,True,True,False,0.0,0.0,0.006525135307326402,0.0,0.0,,599,1127,1726,152.35407171500265,152.35407171500265,,,1726.0,0.0,1.0,1.0
47703793-0646-41ca-a7f0-24538871faa5,math:Orz57K,670,2026-04-23T02:36:01.687510Z,2026-04-23T02:38:35.052998Z,153.365488,1,True,True,False,0.0,0.0,0.006520371780123048,0.0,0.0,,620,345,965,152.62619145600183,152.62619145600183,,,965.0,0.0,1.0,1.0
4ede8258-3949-4b2e-bc63-2c6a1a9e3858,math:Orz57K,671,2026-04-23T02:36:14.766713Z,2026-04-23T02:41:30.937143Z,316.17043,1,True,True,False,0.0,0.0,0.003162851124312922,0.0,0.0,,5649,1651,7300,310.19689326801745,310.19689326801745,,,7300.0,0.0,1.0,1.0
0a6046df-9a27-44a6-867f-b350fda9ef8a,math:Orz57K,672,2026-04-23T02:36:17.427502Z,2026-04-23T02:38:40.634964Z,143.207462,1,True,True,False,0.0,0.0,0.006982876353188915,0.0,0.0,,577,351,928,142.5080487140076,142.5080487140076,,,928.0,0.0,1.0,1.0
842a54d9-4b76-41e6-b9c7-114e8322a1c9,math:Orz57K,669,2026-04-23T02:36:17.726361Z,2026-04-23T02:38:47.175207Z,149.448846,1,True,True,False,0.0,0.0,0.006691252738077348,0.0,0.0,,599,1127,1726,148.54768343699106,148.54768343699106,,,1726.0,0.0,1.0,1.0
e1e7e81b-98eb-4ee3-8b87-87528e50b32e,math:Orz57K,670,2026-04-23T02:36:22.941597Z,2026-04-23T02:38:48.976833Z,146.035236,1,True,True,False,0.0,0.0,0.006847662436756017,0.0,0.0,,620,345,965,145.26584493400878,145.26584493400878,,,965.0,0.0,1.0,1.0
d24a9712-0ff4-46ed-b361-99631cea97ee,math:Orz57K,671,2026-04-23T02:36:24.591756Z,2026-04-23T02:41:41.557906Z,316.96615,1,True,True,False,0.0,0.0,0.0031549110212557396,0.0,0.0,,5649,1651,7300,310.9621533519967,310.9621533519967,,,7300.0,0.0,1.0,1.0
539c4742-ff9c-4856-80f0-80c9b9541020,math:Orz57K,672,2026-04-23T02:36:37.572490Z,2026-04-23T02:38:54.585605Z,137.013115,1,True,True,False,0.0,0.0,0.007298571381287112,0.0,0.0,,577,351,928,136.29112745799648,136.29112745799648,,,928.0,0.0,1.0,1.0
d8fa6f9b-e100-42ba-b4ef-4540fe15ac9b,math:Orz57K,673,2026-04-23T02:36:39.388036Z,2026-04-23T02:38:57.927485Z,138.539449,1,True,True,True,1.0,1.0,0.007218160655453452,0.007218160655453452,0.0,,605,595,1200,137.7984774649958,137.7984774649958,,,1200.0,0.0,1.0,1.0
37133e05-1c68-44af-857b-ec178bbea39d,math:Orz57K,670,2026-04-23T02:36:44.628951Z,2026-04-23T02:38:59.874545Z,135.245594,1,True,True,False,0.0,0.0,0.007393956212725125,0.0,0.0,,620,345,965,134.49461571100983,134.49461571100983,,,965.0,0.0,1.0,1.0
e8dd0de1-3b83-4620-b01b-be1e79270ecb,math:Orz57K,671,2026-04-23T02:36:46.304234Z,2026-04-23T02:41:52.812467Z,306.508233,1,True,True,False,0.0,0.0,0.0032625551040255415,0.0,0.0,,5649,1651,7300,300.3649226219859,300.3649226219859,,,7300.0,0.0,1.0,1.0
4f0e3973-bd3d-43c5-b668-3a575c1914c2,math:Orz57K,672,2026-04-23T02:36:59.325859Z,2026-04-23T02:39:05.564728Z,126.238869,1,True,True,False,0.0,0.0,0.007921490488004926,0.0,0.0,,577,351,928,125.49710534299084,125.49710534299084,,,928.0,0.0,1.0,1.0
aff263f3-125f-4433-b928-b1b891a1dcf7,math:Orz57K,673,2026-04-23T02:37:01.094293Z,2026-04-23T02:39:08.861227Z,127.766934,1,True,True,True,1.0,1.0,0.007826751168655263,0.007826751168655263,0.0,,605,595,1200,127.01302590699925,127.01302590699925,,,1200.0,0.0,1.0,1.0
a0f9deb8-fcd7-489f-8355-1990803b2e19,math:Orz57K,674,2026-04-23T02:37:05.980235Z,2026-04-23T02:39:10.260580Z,124.280345,1,True,True,False,0.0,0.0,0.00804632462196657,0.0,0.0,,580,259,839,123.57740735300467,123.57740735300467,,,839.0,0.0,1.0,1.0
6a8f4bba-2c19-4c87-b6e4-11aa9902a22a,math:Orz57K,671,2026-04-23T02:37:07.639443Z,2026-04-23T02:41:57.667150Z,290.027707,1,True,True,False,0.0,0.0,0.0034479464405102506,0.0,0.0,,5649,1651,7300,284.0339245389914,284.0339245389914,,,7300.0,0.0,1.0,1.0
ebf45ea3-8a69-464d-a1a0-32792cac8c37,math:Orz57K,672,2026-04-23T02:37:20.844889Z,2026-04-23T02:39:15.948667Z,115.103778,1,True,True,False,0.0,0.0,0.00868781214114449,0.0,0.0,,577,351,928,114.37857991100464,114.37857991100464,,,928.0,0.0,1.0,1.0
be07138a-6fea-4842-a3d8-874408023d2a,math:Orz57K,673,2026-04-23T02:37:23.522959Z,2026-04-23T02:39:18.284374Z,114.761415,1,True,True,False,0.0,0.0,0.008713730133076523,0.0,0.0,,605,260,865,114.0476451709983,114.0476451709983,,,865.0,0.0,1.0,1.0
0706d126-01da-4fdb-8754-164c9da15d9b,math:Orz57K,674,2026-04-23T02:37:28.487939Z,2026-04-23T02:39:19.754926Z,111.266987,1,True,True,False,0.0,0.0,0.008987391740912334,0.0,0.0,,580,259,839,110.53552134100755,110.53552134100755,,,839.0,0.0,1.0,1.0
579dd68c-f990-437f-810d-dde2e831c13d,math:Orz57K,675,2026-04-23T02:37:34.954979Z,2026-04-23T02:40:17.543503Z,162.588524,1,True,True,True,1.0,1.0,0.006150495590943429,0.006150495590943429,0.0,,1277,185,1462,160.10439498198684,160.10439498198684,,,1462.0,0.0,1.0,1.0
9b0794d0-2c3b-4e89-ba3b-01c349102819,math:Orz57K,672,2026-04-23T02:37:47.940085Z,2026-04-23T02:39:22.277151Z,94.337066,1,True,True,False,0.0,0.0,0.010600287272025187,0.0,0.0,,577,351,928,93.6336590310093,93.6336590310093,,,928.0,0.0,1.0,1.0
721d3d2a-343a-4117-90db-dc2c7d93dde4,math:Orz57K,673,2026-04-23T02:37:49.691602Z,2026-04-23T02:39:25.334464Z,95.642862,1,True,True,False,0.0,0.0,0.01045556332264503,0.0,0.0,,605,545,1150,94.92858509600046,94.92858509600046,,,1150.0,0.0,1.0,1.0
0998f614-dfd0-4387-9cfc-9bd45d407fef,math:Orz57K,674,2026-04-23T02:37:54.607727Z,2026-04-23T02:39:26.804492Z,92.196765,1,True,True,False,0.0,0.0,0.010846367548796317,0.0,0.0,,580,259,839,91.46107392999693,91.46107392999693,,,839.0,0.0,1.0,1.0
adf5e931-78d5-412e-80e0-fc2c64c18114,math:Orz57K,675,2026-04-23T02:38:01.096208Z,2026-04-23T02:40:22.164078Z,141.06787,1,True,True,True,1.0,1.0,0.007088786411817234,0.007088786411817234,0.0,,1277,185,1462,138.63475395698333,138.63475395698333,,,1462.0,0.0,1.0,1.0
a704b188-fb7f-448e-95c9-d0f4033df4f4,math:Orz57K,676,2026-04-23T02:38:02.894384Z,2026-04-23T02:39:28.951128Z,86.056744,1,True,True,True,1.0,1.0,0.011620239780394202,0.011620239780394202,0.0,,578,280,858,85.33660167700145,85.33660167700145,,,858.0,0.0,1.0,1.0
a9799c7b-8477-42ae-9425-f51d40894b69,math:Orz57K,673,2026-04-23T02:38:04.607382Z,2026-04-23T02:39:32.012575Z,87.405193,1,True,True,False,0.0,0.0,0.011440967815264706,0.0,0.0,,605,545,1150,86.66679490600654,86.66679490600654,,,1150.0,0.0,1.0,1.0
4124a2e1-7c5a-46d8-ab68-c4c2ff9a8ff4,math:Orz57K,674,2026-04-23T02:38:09.547340Z,2026-04-23T02:39:33.434799Z,83.887459,1,True,True,False,0.0,0.0,0.011920732990613053,0.0,0.0,,580,259,839,83.17722654400859,83.17722654400859,,,839.0,0.0,1.0,1.0
63043cf3-a04b-41fb-b368-58e3439ab2fa,math:Orz57K,675,2026-04-23T02:38:16.060942Z,2026-04-23T02:40:27.353484Z,131.292542,1,True,True,True,1.0,1.0,0.007616578860968356,0.007616578860968356,0.0,,1277,185,1462,128.87095403199783,128.87095403199783,,,1462.0,0.0,1.0,1.0
ec622def-cc5e-44e0-985e-60c1dd8351c9,math:Orz57K,676,2026-04-23T02:38:17.916098Z,2026-04-23T02:39:35.628100Z,77.712002,1,True,True,True,1.0,1.0,0.0128680251989905,0.0128680251989905,0.0,,578,280,858,76.96516690100543,76.96516690100543,,,858.0,0.0,1.0,1.0
69f53e61-7b36-4310-a0f8-0e553e4242b8,math:Orz57K,677,2026-04-23T02:38:26.506823Z,2026-04-23T02:39:40.781746Z,74.274923,1,True,True,False,0.0,0.0,0.013463494267102773,0.0,0.0,,585,574,1159,73.48695175998728,73.48695175998728,,,1159.0,0.0,1.0,1.0
c9168755-150c-4dd2-8f94-21162f660028,math:Orz57K,674,2026-04-23T02:38:26.860137Z,2026-04-23T02:39:42.165950Z,75.305813,1,True,True,False,0.0,0.0,0.013279187358351738,0.0,0.0,,580,259,839,74.58058422000613,74.58058422000613,,,839.0,0.0,1.0,1.0
1b9b8b8c-43a3-4d6e-8697-aef94a517bfb,math:Orz57K,675,2026-04-23T02:38:33.301024Z,2026-04-23T02:40:34.441867Z,121.140843,1,True,True,True,1.0,1.0,0.00825485422781811,0.00825485422781811,0.0,,1277,185,1462,118.68709732100251,118.68709732100251,,,1462.0,0.0,1.0,1.0
c785ce0b-9ed8-4ab0-a2b3-79fc6b9c956e,math:Orz57K,676,2026-04-23T02:38:35.077916Z,2026-04-23T02:39:44.345608Z,69.267692,1,True,True,True,1.0,1.0,0.014436744911321717,0.014436744911321717,0.0,,578,280,858,68.53796596800385,68.53796596800385,,,858.0,0.0,1.0,1.0
141aa79c-5a19-44c1-b0e4-a94a402dbb8d,math:Orz57K,677,2026-04-23T02:38:40.658215Z,2026-04-23T02:39:49.602231Z,68.944016,1,True,True,False,0.0,0.0,0.014504522045829183,0.0,0.0,,585,574,1159,68.14525539200986,68.14525539200986,,,1159.0,0.0,1.0,1.0
7d2dbd51-993b-4613-a0aa-72ff933a7c03,math:Orz57K,678,2026-04-23T02:38:47.200154Z,2026-04-23T02:39:50.759264Z,63.55911,1,True,True,False,0.0,0.0,0.01573338581990843,0.0,0.0,,603,209,812,62.782225260001724,62.782225260001724,,,812.0,0.0,1.0,1.0
d9f9cec2-2848-494a-b39e-035b5667f493,math:Orz57K,675,2026-04-23T02:38:49.001613Z,2026-04-23T02:40:41.692386Z,112.690773,1,True,True,True,1.0,1.0,0.008873840984301351,0.008873840984301351,0.0,,1277,185,1462,110.18403028701141,110.18403028701141,,,1462.0,0.0,1.0,1.0
29f9a754-f3f5-48e3-8ef0-01e97af03f58,math:Orz57K,676,2026-04-23T02:38:54.609091Z,2026-04-23T02:39:54.858730Z,60.249639,1,True,True,True,1.0,1.0,0.01659760982136341,0.01659760982136341,0.0,,578,280,858,59.53199754199886,59.53199754199886,,,858.0,0.0,1.0,1.0
6e4a72bd-bae6-48b6-a9fe-d3b8d433300a,math:Orz57K,677,2026-04-23T02:38:57.951562Z,2026-04-23T02:39:58.118366Z,60.166804,1,True,True,False,0.0,0.0,0.01662046067795125,0.0,0.0,,585,574,1159,59.40250375799951,59.40250375799951,,,1159.0,0.0,1.0,1.0
94148fc2-f37d-4365-9430-f9f71382c0d9,math:Orz57K,678,2026-04-23T02:38:59.898792Z,2026-04-23T02:39:59.289942Z,59.39115,1,True,True,False,0.0,0.0,0.0168375254562338,0.0,0.0,,603,209,812,58.633718854005565,58.633718854005565,,,812.0,0.0,1.0,1.0
45f6fc4d-dc86-412a-9e95-2ced3b02385c,math:Orz57K,679,2026-04-23T02:39:05.591838Z,2026-04-23T02:40:51.095512Z,105.503674,1,True,True,True,1.0,1.0,0.009478342905859373,0.009478342905859373,0.0,,1489,372,1861,102.99421604999225,102.99421604999225,,,1861.0,0.0,1.0,1.0
8e944c20-eb79-4807-934c-655176372596,math:Orz57K,676,2026-04-23T02:39:08.886893Z,2026-04-23T02:40:04.561730Z,55.674837,1,True,True,True,1.0,1.0,0.017961435612285675,0.017961435612285675,0.0,,578,280,858,54.9333079700009,54.9333079700009,,,858.0,0.0,1.0,1.0
985b86a6-acfd-446f-ac2b-90980b799514,math:Orz57K,677,2026-04-23T02:39:10.285582Z,2026-04-23T02:40:07.748517Z,57.462935,1,True,True,False,0.0,0.0,0.017402522164939885,0.0,0.0,,585,574,1159,56.696842235993245,56.696842235993245,,,1159.0,0.0,1.0,1.0
e0a3e29e-29e1-44c0-af15-6d1acae638d0,math:Orz57K,678,2026-04-23T02:39:15.975023Z,2026-04-23T02:40:10.893837Z,54.918814,1,True,True,False,0.0,0.0,0.01820869620381824,0.0,0.0,,603,209,812,54.15082578100555,54.15082578100555,,,812.0,0.0,1.0,1.0
1228954a-6618-4e3d-98fe-2b244d0ccb50,math:Orz57K,679,2026-04-23T02:39:16.852822Z,2026-04-23T02:40:59.056105Z,102.203283,1,True,True,True,1.0,1.0,0.009784421504346393,0.009784421504346393,0.0,,1489,372,1861,99.7778299269994,99.7778299269994,,,1861.0,0.0,1.0,1.0
8bb73c22-af53-46dc-bd12-6f70ab4972a0,math:Orz57K,680,2026-04-23T02:39:18.308561Z,2026-04-23T02:40:13.821988Z,55.513427,1,True,True,False,0.0,0.0,0.018013660010577262,0.0,0.0,,557,219,776,54.76786063599866,54.76786063599866,,,776.0,0.0,1.0,1.0
e1eefa85-e3e4-4834-a12a-bf3dfc2b89f9,math:Orz57K,677,2026-04-23T02:39:19.781474Z,2026-04-23T02:40:17.078116Z,57.296642,1,True,True,False,0.0,0.0,0.017453029795358687,0.0,0.0,,585,574,1159,56.52350349498738,56.52350349498738,,,1159.0,0.0,1.0,1.0
746cb632-ecfb-4470-b69c-13c8ce18bc84,math:Orz57K,678,2026-04-23T02:39:22.299691Z,2026-04-23T02:40:18.752471Z,56.45278,1,True,True,False,0.0,0.0,0.017713919491653025,0.0,0.0,,603,209,812,55.68299050000496,55.68299050000496,,,812.0,0.0,1.0,1.0
567cce98-2c87-4e7b-bb5a-2ff8b274e97a,math:Orz57K,679,2026-04-23T02:39:25.360118Z,2026-04-23T02:41:06.685035Z,101.324917,1,True,True,True,1.0,1.0,0.009869240751512286,0.009869240751512286,0.0,,1489,372,1861,98.88010320600006,98.88010320600006,,,1861.0,0.0,1.0,1.0
93b3cdc6-9e9b-43d9-a47e-7a27368821d5,math:Orz57K,680,2026-04-23T02:39:26.827704Z,2026-04-23T02:40:21.669231Z,54.841527,1,True,True,False,0.0,0.0,0.01823435733290213,0.0,0.0,,557,219,776,54.088575460002176,54.088575460002176,,,776.0,0.0,1.0,1.0
9d3adcce-00ba-4c56-b3e7-f71949765a06,math:Orz57K,681,2026-04-23T02:39:28.975792Z,2026-04-23T02:40:23.966010Z,54.990218,1,True,True,False,0.0,0.0,0.01818505247606038,0.0,0.0,,674,319,993,54.26194767501147,54.26194767501147,,,993.0,0.0,1.0,1.0
2d30a4c8-b8f8-4e1a-8eb3-9d727976e736,math:Orz57K,678,2026-04-23T02:39:32.037190Z,2026-04-23T02:40:25.177109Z,53.139919,1,True,True,False,0.0,0.0,0.01881824471730941,0.0,0.0,,603,209,812,52.384168964999844,52.384168964999844,,,812.0,0.0,1.0,1.0
6d21c990-2d34-4b3e-8938-06b1f1e3b01d,math:Orz57K,679,2026-04-23T02:39:33.459616Z,2026-04-23T02:41:17.346583Z,103.886967,1,True,True,True,1.0,1.0,0.009625846522211011,0.009625846522211011,0.0,,1489,372,1861,101.42266231699614,101.42266231699614,,,1861.0,0.0,1.0,1.0
65e5a42d-f27c-419a-95f6-f2fbe61b6b50,math:Orz57K,680,2026-04-23T02:39:35.653302Z,2026-04-23T02:40:28.632765Z,52.979463,1,True,True,False,0.0,0.0,0.018875238505154344,0.0,0.0,,557,219,776,52.23420438099129,52.23420438099129,,,776.0,0.0,1.0,1.0
0ed07b7d-ddb3-4020-8452-e681aafba520,math:Orz57K,681,2026-04-23T02:39:40.804904Z,2026-04-23T02:40:32.360380Z,51.555476,1,True,True,False,0.0,0.0,0.019396581655069967,0.0,0.0,,674,319,993,50.82785052800318,50.82785052800318,,,993.0,0.0,1.0,1.0
04a181c3-4151-48ec-ac20-dadd050a21ef,math:Orz57K,682,2026-04-23T02:39:42.190764Z,2026-04-23T02:40:33.984212Z,51.793448,1,True,True,False,0.0,0.0,0.01930746143797957,0.0,0.0,,584,281,865,51.025141404999886,51.025141404999886,,,865.0,0.0,1.0,1.0
bba97d32-7f89-47af-8de0-6a3f7fb85b46,math:Orz57K,679,2026-04-23T02:39:44.370911Z,2026-04-23T02:41:28.846854Z,104.475943,1,True,True,True,1.0,1.0,0.00957158146923833,0.00957158146923833,0.0,,1489,372,1861,101.9903474770108,101.9903474770108,,,1861.0,0.0,1.0,1.0
ed35c500-5a9b-4d04-8511-a1e8dd4b3756,math:Orz57K,680,2026-04-23T02:39:49.627701Z,2026-04-23T02:40:39.344458Z,49.716757,1,True,True,False,0.0,0.0,0.020113942669269438,0.0,0.0,,557,219,776,48.971921702002874,48.971921702002874,,,776.0,0.0,1.0,1.0
5f5853b4-d34a-4615-8be7-790bd0e198fe,math:Orz57K,681,2026-04-23T02:39:50.784847Z,2026-04-23T02:40:41.182479Z,50.397632,1,True,True,False,0.0,0.0,0.01984220210981341,0.0,0.0,,674,319,993,49.657720993011026,49.657720993011026,,,993.0,0.0,1.0,1.0
2eef65ab-6e6d-4e5a-9b46-8e1544f32c54,math:Orz57K,682,2026-04-23T02:39:54.884224Z,2026-04-23T02:40:45.317922Z,50.433698,1,True,True,False,0.0,0.0,0.01982801261172639,0.0,0.0,,584,281,865,49.71544353499485,49.71544353499485,,,865.0,0.0,1.0,1.0
98aed973-ddae-44b7-a167-2a5b85d999e7,math:Orz57K,683,2026-04-23T02:39:58.143564Z,2026-04-23T02:41:43.833409Z,105.689845,1,True,True,False,0.0,0.0,0.009461646953877167,0.0,0.0,,1580,435,2015,103.08548967301613,103.08548967301613,,,2015.0,0.0,1.0,1.0
b3bb7cf1-f7ae-4fa4-a16d-c6fd7c2042e7,math:Orz57K,680,2026-04-23T02:39:59.314996Z,2026-04-23T02:40:48.667990Z,49.352994,1,True,True,False,0.0,0.0,0.02026219523784109,0.0,0.0,,557,219,776,48.61057246099517,48.61057246099517,,,776.0,0.0,1.0,1.0
85b5b1e2-8b9a-4715-96ed-963f93ee5d38,math:Orz57K,681,2026-04-23T02:40:04.587426Z,2026-04-23T02:40:52.932967Z,48.345541,1,True,True,False,0.0,0.0,0.020684430855784613,0.0,0.0,,674,319,993,47.62955515499925,47.62955515499925,,,993.0,0.0,1.0,1.0
ed44c188-c55a-4065-b3af-64bbf0a24644,math:Orz57K,682,2026-04-23T02:40:07.774180Z,2026-04-23T02:40:54.514149Z,46.739969,1,True,True,False,0.0,0.0,0.02139496498168409,0.0,0.0,,584,281,865,46.01891756200348,46.01891756200348,,,865.0,0.0,1.0,1.0
365c95f6-027a-4381-8875-6ef7613feb6c,math:Orz57K,683,2026-04-23T02:40:10.919164Z,2026-04-23T02:42:01.144034Z,110.22487,1,True,True,False,0.0,0.0,0.009072362707254724,0.0,0.0,,1580,435,2015,107.69173098700412,107.69173098700412,,,2015.0,0.0,1.0,1.0
e6a4a18d-0bf4-4151-834f-8bc915a2c4dc,math:Orz57K,684,2026-04-23T02:40:13.847545Z,2026-04-23T02:41:00.886260Z,47.038715,1,True,True,False,0.0,0.0,0.021259084139522093,0.0,0.0,,625,309,934,46.23619595199125,46.23619595199125,,,934.0,0.0,1.0,1.0
1dab6f6d-fa50-4677-840f-f6da018c832d,math:Orz57K,681,2026-04-23T02:40:17.104348Z,2026-04-23T02:41:02.634335Z,45.529987,1,True,True,False,0.0,0.0,0.021963546793896515,0.0,0.0,,674,319,993,44.772753520999686,44.772753520999686,,,993.0,0.0,1.0,1.0
4c4c3666-a1cd-4305-a83f-6ac33de52c5e,math:Orz57K,682,2026-04-23T02:40:17.568904Z,2026-04-23T02:41:04.194124Z,46.62522,1,True,True,False,0.0,0.0,0.021447619979058544,0.0,0.0,,584,281,865,45.88161731699074,45.88161731699074,,,865.0,0.0,1.0,1.0
95bfb7da-971a-4920-bf8e-7cb2e343ae18,math:Orz57K,683,2026-04-23T02:40:18.777351Z,2026-04-23T02:42:11.392169Z,112.614818,1,True,True,False,0.0,0.0,0.008879826098906451,0.0,0.0,,1580,435,2015,110.05080059199827,110.05080059199827,,,2015.0,0.0,1.0,1.0
078c787e-f75f-4685-9111-6e265f37bdbb,math:Orz57K,684,2026-04-23T02:40:21.694394Z,2026-04-23T02:41:08.459064Z,46.76467,1,True,True,False,0.0,0.0,0.02138366420633354,0.0,0.0,,625,309,934,46.01554425399809,46.01554425399809,,,934.0,0.0,1.0,1.0
4f2ed3b2-bd70-44c7-aa3c-c1479b5aad0b,math:Orz57K,685,2026-04-23T02:40:22.188211Z,2026-04-23T02:41:11.482962Z,49.294751,1,True,True,True,1.0,1.0,0.02028613553601275,0.02028613553601275,0.0,,605,546,1151,48.57936669900664,48.57936669900664,,,1151.0,0.0,1.0,1.0
63b578ca-3b61-455d-93fc-778c302c52b1,math:Orz57K,682,2026-04-23T02:40:23.990250Z,2026-04-23T02:41:13.039255Z,49.049005,1,True,True,False,0.0,0.0,0.02038777341150957,0.0,0.0,,584,281,865,48.35289543100225,48.35289543100225,,,865.0,0.0,1.0,1.0
5cd7c2c7-c534-4a43-8f95-0f312a1d6026,math:Orz57K,683,2026-04-23T02:40:25.202369Z,2026-04-23T02:42:18.292194Z,113.089825,1,True,True,False,0.0,0.0,0.008842528494495416,0.0,0.0,,1580,435,2015,110.60025914899597,110.60025914899597,,,2015.0,0.0,1.0,1.0
b77e9a54-0d7e-4254-825f-9e0d16048127,math:Orz57K,684,2026-04-23T02:40:27.379530Z,2026-04-23T02:41:16.979019Z,49.599489,1,True,True,False,0.0,0.0,0.02016149803478822,0.0,0.0,,625,309,934,48.81941804099188,48.81941804099188,,,934.0,0.0,1.0,1.0
e3bc1be7-a0fa-4b25-82c9-ff079e0d3436,math:Orz57K,685,2026-04-23T02:40:28.656532Z,2026-04-23T02:41:20.399613Z,51.743081,1,True,True,True,1.0,1.0,0.019326255427271524,0.019326255427271524,0.0,,605,546,1151,51.01031098299427,51.01031098299427,,,1151.0,0.0,1.0,1.0
860b4e58-f7ea-420a-9912-02195237c702,math:Orz57K,686,2026-04-23T02:40:32.385035Z,2026-04-23T02:41:23.982463Z,51.597428,1,True,True,False,0.0,0.0,0.019380810997013262,0.0,0.0,,692,277,969,50.84266634599771,50.84266634599771,,,969.0,0.0,1.0,1.0
21a5ef7a-4d47-4984-a7c7-ac31bdbb12bc,math:Orz57K,683,2026-04-23T02:40:34.009048Z,2026-04-23T02:42:29.474427Z,115.465379,1,True,True,False,0.0,0.0,0.008660604664884008,0.0,0.0,,1594,447,2041,112.88277530801133,112.88277530801133,,,2041.0,0.0,1.0,1.0
8edb8727-a0d5-4589-8a2a-9cef24f0b100,math:Orz57K,684,2026-04-23T02:40:34.466703Z,2026-04-23T02:41:28.427021Z,53.960318,1,True,True,False,0.0,0.0,0.018532136893633578,0.0,0.0,,625,411,1036,53.25135296098597,53.25135296098597,,,1036.0,0.0,1.0,1.0
1da6508e-c59d-4a3d-914a-96e8c03a65ce,math:Orz57K,685,2026-04-23T02:40:39.369437Z,2026-04-23T02:41:33.990807Z,54.62137,1,True,True,True,1.0,1.0,0.018307852768980348,0.018307852768980348,0.0,,605,546,1151,53.876960312001756,53.876960312001756,,,1151.0,0.0,1.0,1.0
b8ddc7d2-3585-4faa-8567-ee5044d6e349,math:Orz57K,686,2026-04-23T02:40:41.207614Z,2026-04-23T02:41:37.653591Z,56.445977,1,True,True,False,0.0,0.0,0.01771605441429422,0.0,0.0,,692,653,1345,55.65983436600072,55.65983436600072,,,1345.0,0.0,1.0,1.0
e36de295-6879-4ec6-977a-6cd99d3e67d7,math:Orz57K,687,2026-04-23T02:40:41.715591Z,2026-04-23T02:41:39.450037Z,57.734446,1,True,True,False,0.0,0.0,0.017320682353131094,0.0,0.0,,560,330,890,57.002058123995084,57.002058123995084,,,890.0,0.0,1.0,1.0
0ffda539-f2c7-4b6f-9e97-5df531ecdba7,math:Orz57K,684,2026-04-23T02:40:45.342151Z,2026-04-23T02:41:43.416825Z,58.074674,1,True,True,False,0.0,0.0,0.017219209874514318,0.0,0.0,,625,332,957,57.29784101000405,57.29784101000405,,,957.0,0.0,1.0,1.0
0abeeb2f-8f27-490f-86f7-14c2734e9988,math:Orz57K,685,2026-04-23T02:40:48.692332Z,2026-04-23T02:41:46.191632Z,57.4993,1,True,True,True,1.0,1.0,0.017391516070630424,0.017391516070630424,0.0,,605,433,1038,56.75106373199378,56.75106373199378,,,1038.0,0.0,1.0,1.0
2ecb704b-965f-460f-9a5a-0e1a11e20401,math:Orz57K,686,2026-04-23T02:40:51.121237Z,2026-04-23T02:42:45.006055Z,113.884818,1,True,True,False,0.0,0.0,0.00878080166927957,0.0,0.0,,2227,854,3081,111.36552639301226,111.36552639301226,,,3081.0,0.0,1.0,1.0
f5eb45d0-6642-44d1-b643-3cee046c70c8,math:Orz57K,687,2026-04-23T02:40:52.958217Z,2026-04-23T02:41:54.606680Z,61.648463,1,True,True,False,0.0,0.0,0.016221004569083906,0.0,0.0,,560,330,890,60.89842731200042,60.89842731200042,,,890.0,0.0,1.0,1.0
80d80bd3-3d1e-4fc1-9388-b2764531166d,math:Orz57K,688,2026-04-23T02:40:54.540242Z,2026-04-23T02:43:08.896929Z,134.356687,1,True,True,False,0.0,0.0,0.007442874800864955,0.0,0.0,,1396,543,1939,131.8241337280051,131.8241337280051,,,1939.0,0.0,1.0,1.0
72d0e37b-093f-4bfc-b87a-efa56dee5e2d,math:Orz57K,685,2026-04-23T02:40:59.082745Z,2026-04-23T02:42:00.682156Z,61.599411,1,True,True,True,1.0,1.0,0.016233921457463284,0.016233921457463284,0.0,,605,546,1151,60.86959498500801,60.86959498500801,,,1151.0,0.0,1.0,1.0
43b6e8ae-c06a-4b90-ab8c-2145b3f92f0f,math:Orz57K,686,2026-04-23T02:41:00.913540Z,2026-04-23T02:42:04.707157Z,63.793617,1,True,True,False,0.0,0.0,0.015675549483265702,0.0,0.0,,692,653,1345,63.05456432099163,63.05456432099163,,,1345.0,0.0,1.0,1.0
00633c5d-3b98-49ae-b4f2-92a87b52bfd2,math:Orz57K,687,2026-04-23T02:41:02.657940Z,2026-04-23T02:42:06.558701Z,63.900761,1,True,True,False,0.0,0.0,0.015649265898413946,0.0,0.0,,560,330,890,63.160022914002184,63.160022914002184,,,890.0,0.0,1.0,1.0
e67f5560-cefd-4ac2-be43-b6f876cb1a90,math:Orz57K,688,2026-04-23T02:41:04.219491Z,2026-04-23T02:43:35.830578Z,151.611087,1,True,True,True,1.0,1.0,0.006595823694608825,0.006595823694608825,0.0,,1397,214,1611,149.11826335500518,149.11826335500518,,,1611.0,0.0,1.0,1.0
98bc62cf-8449-480b-b8ef-23526ea7d025,math:Orz57K,689,2026-04-23T02:41:06.709716Z,2026-04-23T02:42:10.965916Z,64.2562,1,True,True,False,0.0,0.0,0.015562700564303521,0.0,0.0,,607,605,1212,63.485819819994504,63.485819819994504,,,1212.0,0.0,1.0,1.0
386961dc-8483-40fb-8601-b5d15d8d93cc,math:Orz57K,686,2026-04-23T02:41:08.484425Z,2026-04-23T02:42:15.025926Z,66.541501,1,True,True,False,0.0,0.0,0.015028215248706218,0.0,0.0,,692,653,1345,65.76081607700326,65.76081607700326,,,1345.0,0.0,1.0,1.0
0ab287df-961f-42f1-aff3-5ddeb7d71f5e,math:Orz57K,687,2026-04-23T02:41:11.508437Z,2026-04-23T02:42:16.810730Z,65.302293,1,True,True,False,0.0,0.0,0.015313397953728821,0.0,0.0,,560,330,890,64.58734946799814,64.58734946799814,,,890.0,0.0,1.0,1.0
36cef6b6-b48f-465f-a8f0-bc655f891652,math:Orz57K,688,2026-04-23T02:41:13.071081Z,2026-04-23T02:44:05.065582Z,171.994501,1,True,True,True,1.0,1.0,0.0058141393718163115,0.0058141393718163115,0.0,,1397,214,1611,169.5508565610071,169.5508565610071,,,1611.0,0.0,1.0,1.0
d753f10c-8890-440f-a94a-06e34eb8a599,math:Orz57K,689,2026-04-23T02:41:17.003220Z,2026-04-23T02:42:21.656521Z,64.653301,1,True,True,False,0.0,0.0,0.015467114355073688,0.0,0.0,,607,605,1212,63.871509089003666,63.871509089003666,,,1212.0,0.0,1.0,1.0
fb24cc98-0c02-42b1-9ed0-1939e15570c0,math:Orz57K,690,2026-04-23T02:41:17.371539Z,2026-04-23T02:44:07.109845Z,169.738306,1,True,True,False,0.0,0.0,0.005891422057670353,0.0,0.0,,1712,266,1978,167.26589775198954,167.26589775198954,,,1978.0,0.0,1.0,1.0
f52d3111-1cab-4ec3-9e67-4ede9f2d1084,math:Orz57K,687,2026-04-23T02:41:20.423729Z,2026-04-23T02:42:24.591614Z,64.167885,1,True,True,False,0.0,0.0,0.015584119688532667,0.0,0.0,,560,330,890,63.46201171600842,63.46201171600842,,,890.0,0.0,1.0,1.0
9dc319fb-c34c-4e9b-8618-0a8ef68ec451,math:Orz57K,688,2026-04-23T02:41:22.453339Z,2026-04-23T02:44:27.533613Z,185.080274,1,True,True,True,1.0,1.0,0.0054030609442473594,0.0054030609442473594,0.0,,1397,214,1611,182.62815117801074,182.62815117801074,,,1611.0,0.0,1.0,1.0
4ffbf217-ac38-498a-ba21-1d8e3792c281,math:Orz57K,689,2026-04-23T02:41:24.007479Z,2026-04-23T02:42:29.052567Z,65.045088,1,True,True,False,0.0,0.0,0.015373951066066663,0.0,0.0,,607,605,1212,64.27834626899858,64.27834626899858,,,1212.0,0.0,1.0,1.0
1a0e3044-c86f-472a-8e59-07b6b42135df,math:Orz57K,690,2026-04-23T02:41:28.452805Z,2026-04-23T02:44:34.372863Z,185.920058,1,True,True,False,0.0,0.0,0.005378655809154276,0.0,0.0,,1712,266,1978,183.42885547399055,183.42885547399055,,,1978.0,0.0,1.0,1.0
09160d46-34ae-42ad-abc4-d66e3595933e,math:Orz57K,691,2026-04-23T02:41:28.872408Z,2026-04-23T02:44:34.667937Z,185.795529,1,True,True,False,0.0,0.0,0.005382260840087277,0.0,0.0,,1290,171,1461,183.28301069300505,183.28301069300505,,,1461.0,0.0,1.0,1.0
877a4a1c-4fc9-4ce4-9393-d5fb027b5a34,math:Orz57K,688,2026-04-23T02:41:30.961638Z,2026-04-23T02:44:34.872265Z,183.910627,1,True,True,True,1.0,1.0,0.005437423689496746,0.005437423689496746,0.0,,1397,214,1611,181.4379468989937,181.4379468989937,,,1611.0,0.0,1.0,1.0
35116d4e-0763-44b4-8313-b60a7d3765a9,math:Orz57K,689,2026-04-23T02:41:34.015212Z,2026-04-23T02:42:35.749755Z,61.734543,1,True,True,False,0.0,0.0,0.016198386695759615,0.0,0.0,,607,605,1212,60.97072001200286,60.97072001200286,,,1212.0,0.0,1.0,1.0
c7bad695-aac3-408d-b3f9-9cacc859b727,math:Orz57K,690,2026-04-23T02:41:37.678881Z,2026-04-23T02:44:37.510770Z,179.831889,1,True,True,False,0.0,0.0,0.005560749017100077,0.0,0.0,,1712,266,1978,177.38728300500952,177.38728300500952,,,1978.0,0.0,1.0,1.0
995ed589-bc23-4c96-ba68-1418a9a97043,math:Orz57K,691,2026-04-23T02:41:39.474332Z,2026-04-23T02:44:37.804504Z,178.330172,1,True,True,False,0.0,0.0,0.005607576041590988,0.0,0.0,,1290,171,1461,175.80938110800344,175.80938110800344,,,1461.0,0.0,1.0,1.0
1b1cc259-fdd6-444b-a334-855450fed7e7,math:Orz57K,692,2026-04-23T02:41:41.584043Z,2026-04-23T02:42:39.269849Z,57.685806,1,True,True,True,1.0,1.0,0.017335286950831544,0.017335286950831544,0.0,,584,295,879,56.94506227399688,56.94506227399688,,,879.0,0.0,1.0,1.0
fd701293-2800-4b30-8edf-edb8a8aaa8dd,math:Orz57K,689,2026-04-23T02:41:43.440545Z,2026-04-23T02:42:42.673196Z,59.232651,1,True,True,False,0.0,0.0,0.016882580521341176,0.0,0.0,,607,605,1212,58.475351222004974,58.475351222004974,,,1212.0,0.0,1.0,1.0
c4936aaf-9e0b-45ae-a2dd-c12c1ee4311e,math:Orz57K,690,2026-04-23T02:41:43.857538Z,2026-04-23T02:45:01.317363Z,197.459825,1,True,True,False,0.0,0.0,0.0050643213119428215,0.0,0.0,,1712,266,1978,194.91797146799217,194.91797146799217,,,1978.0,0.0,1.0,1.0
1a2cacf5-dca5-411b-84ab-78bb1215e6a4,math:Orz57K,691,2026-04-23T02:41:46.217472Z,2026-04-23T02:45:06.111348Z,199.893876,1,True,True,False,0.0,0.0,0.0050026545085353185,0.0,0.0,,1290,171,1461,197.39610945300956,197.39610945300956,,,1461.0,0.0,1.0,1.0
8b62cf15-ab83-49c5-a463-03a0a43c0af2,math:Orz57K,692,2026-04-23T02:41:52.836514Z,2026-04-23T02:42:46.671112Z,53.834598,1,True,True,True,1.0,1.0,0.018575415014708573,0.018575415014708573,0.0,,584,295,879,53.09995162099949,53.09995162099949,,,879.0,0.0,1.0,1.0
d6f49630-7535-4a67-a49f-638230f4a262,math:Orz57K,693,2026-04-23T02:41:54.631550Z,2026-04-23T02:47:50.433961Z,355.802411,1,True,True,True,1.0,1.0,0.0028105486896208808,0.0028105486896208808,0.0,,9353,3960,13313,351.5224408040085,351.5224408040085,,,13313.0,0.0,1.0,1.0
94829c90-e0dd-4da6-974e-788a09d65679,math:Orz57K,690,2026-04-23T02:41:57.694738Z,2026-04-23T02:45:12.174492Z,194.479754,1,True,True,False,0.0,0.0,0.005141923410701146,0.0,0.0,,1712,266,1978,191.96298950297933,191.96298950297933,,,1978.0,0.0,1.0,1.0
0c06f477-94b0-4483-8d90-7710cd41a9fa,math:Orz57K,691,2026-04-23T02:42:00.706087Z,2026-04-23T02:45:12.514348Z,191.808261,1,True,True,False,0.0,0.0,0.005213539785963651,0.0,0.0,,1290,171,1461,189.15732305499841,189.15732305499841,,,1461.0,0.0,1.0,1.0
2505f53e-cfa2-4e15-879c-b7c604873ca6,math:Orz57K,692,2026-04-23T02:42:01.168630Z,2026-04-23T02:43:12.471935Z,71.303305,1,True,True,True,1.0,1.0,0.014024595353609486,0.014024595353609486,0.0,,584,295,879,70.56898154500232,70.56898154500232,,,879.0,0.0,1.0,1.0
34f1fa88-f1d8-43a9-9dd1-b761509bb48a,math:Orz57K,693,2026-04-23T02:42:04.731164Z,2026-04-23T02:48:35.635685Z,390.904521,1,True,True,True,1.0,1.0,0.002558169441074333,0.002558169441074333,0.0,,9353,3960,13313,386.5994560949912,386.5994560949912,,,13313.0,0.0,1.0,1.0
36845820-84dc-4f14-b6e8-e58ff52b96e1,math:Orz57K,694,2026-04-23T02:42:06.584224Z,2026-04-23T02:43:35.586440Z,89.002216,1,True,True,False,0.0,0.0,0.011235675300489146,0.0,0.0,,616,528,1144,88.2815466059983,88.2815466059983,,,1144.0,0.0,1.0,1.0
da7c637e-35fe-4fd3-bb37-13eec508bc66,math:Orz57K,691,2026-04-23T02:42:10.991189Z,2026-04-23T02:45:24.095975Z,193.104786,1,True,True,False,0.0,0.0,0.0051785355542663765,0.0,0.0,,1290,171,1461,190.5149568600027,190.5149568600027,,,1461.0,0.0,1.0,1.0
5ded8a0e-41f2-440a-8ab5-a2e1a5a78055,math:Orz57K,692,2026-04-23T02:42:11.416836Z,2026-04-23T02:43:38.197913Z,86.781077,1,True,True,True,1.0,1.0,0.011523249475228339,0.011523249475228339,0.0,,584,295,879,86.05393926500983,86.05393926500983,,,879.0,0.0,1.0,1.0
2f220074-e50c-47d5-b584-32e44eebb07f,math:Orz57K,693,2026-04-23T02:42:15.051465Z,2026-04-23T02:49:08.633412Z,413.581947,1,True,True,True,1.0,1.0,0.0024179005086022286,0.0024179005086022286,0.0,,9353,3960,13313,409.3846661110001,409.3846661110001,,,13313.0,0.0,1.0,1.0
6f3438d6-03f7-4755-97f2-f61605f98e5e,math:Orz57K,694,2026-04-23T02:42:16.834165Z,2026-04-23T02:44:01.399781Z,104.565616,1,True,True,False,0.0,0.0,0.009563373107274575,0.0,0.0,,616,528,1144,103.80911789300444,103.80911789300444,,,1144.0,0.0,1.0,1.0
20d08dce-415b-4d23-a4b7-09e473a8c709,math:Orz57K,695,2026-04-23T02:42:18.317824Z,2026-04-23T02:44:04.821535Z,106.503711,1,True,True,False,0.0,0.0,0.009389344189142855,0.0,0.0,,615,622,1237,105.79823179499363,105.79823179499363,,,1237.0,0.0,1.0,1.0
ccb115b9-897c-464b-924d-84868a54f931,math:Orz57K,692,2026-04-23T02:42:21.681580Z,2026-04-23T02:44:06.727540Z,105.04596,1,True,True,True,1.0,1.0,0.009519642640231,0.009519642640231,0.0,,584,295,879,104.31072592599958,104.31072592599958,,,879.0,0.0,1.0,1.0
bf9b425f-bcc2-4292-a8d8-82aa2df74930,math:Orz57K,693,2026-04-23T02:42:24.617276Z,2026-04-23T02:50:08.862880Z,464.245604,1,True,True,True,1.0,1.0,0.002154032243674191,0.002154032243674191,0.0,,9353,3960,13313,459.97077542899933,459.97077542899933,,,13313.0,0.0,1.0,1.0
3cb5b9f1-c68c-4352-a52f-f8c8c4769bfb,math:Orz57K,694,2026-04-23T02:42:29.077590Z,2026-04-23T02:44:30.533004Z,121.455414,1,True,True,False,0.0,0.0,0.008233474054931796,0.0,0.0,,616,528,1144,120.72128569299821,120.72128569299821,,,1144.0,0.0,1.0,1.0
d3c7d7c8-593d-48c2-9d90-731941a73662,math:Orz57K,695,2026-04-23T02:42:29.498958Z,2026-04-23T02:44:34.010543Z,124.511585,1,True,True,False,0.0,0.0,0.008031381176297772,0.0,0.0,,615,622,1237,123.77296253600798,123.77296253600798,,,1237.0,0.0,1.0,1.0
a2e09e0f-d015-42fa-aafb-f29ac7827de8,math:Orz57K,696,2026-04-23T02:42:35.773980Z,2026-04-23T02:44:37.113637Z,121.339657,1,True,True,True,1.0,1.0,0.008241328719101292,0.008241328719101292,0.0,,605,406,1011,120.62483039101062,120.62483039101062,,,1011.0,0.0,1.0,1.0
391e49eb-5a71-4281-a865-9004e0607ab3,math:Orz57K,693,2026-04-23T02:42:39.294785Z,2026-04-23T02:50:47.377388Z,488.082603,1,True,True,True,1.0,1.0,0.0020488335250088805,0.0020488335250088805,0.0,,9353,3960,13313,483.8667795740039,483.8667795740039,,,13313.0,0.0,1.0,1.0
0bed8b51-64de-4404-b4ef-60bae77f9755,math:Orz57K,694,2026-04-23T02:42:42.698042Z,2026-04-23T02:45:00.905582Z,138.20754,1,True,True,False,0.0,0.0,0.007235495255902826,0.0,0.0,,616,528,1144,137.48495514800015,137.48495514800015,,,1144.0,0.0,1.0,1.0
42089445-79a6-4d12-9063-15972c8ec0e5,math:Orz57K,695,2026-04-23T02:42:45.028007Z,2026-04-23T02:45:05.811160Z,140.783153,1,True,True,False,0.0,0.0,0.007103122630020937,0.0,0.0,,615,806,1421,140.0619862290041,140.0619862290041,,,1421.0,0.0,1.0,1.0
1c69c9e9-266e-44e8-936f-618c4d515383,math:Orz57K,696,2026-04-23T02:42:46.696988Z,2026-04-23T02:45:08.331214Z,141.634226,1,True,True,True,1.0,1.0,0.007060440320406735,0.007060440320406735,0.0,,605,406,1011,140.9134402040072,140.9134402040072,,,1011.0,0.0,1.0,1.0
49ab5889-2bfe-44a6-9ec9-eaeac8c1ab22,math:Orz57K,697,2026-04-23T02:43:08.921936Z,2026-04-23T02:45:11.778415Z,122.856479,1,True,True,False,0.0,0.0,0.008139578865840685,0.0,0.0,,574,153,727,122.11775246400794,122.11775246400794,,,727.0,0.0,1.0,1.0
23c39d69-918d-4f23-83e5-38c5d348bf69,math:Orz57K,694,2026-04-23T02:43:12.496598Z,2026-04-23T02:45:15.407061Z,122.910463,1,True,True,False,0.0,0.0,0.008136003848590173,0.0,0.0,,616,528,1144,122.18437015700329,122.18437015700329,,,1144.0,0.0,1.0,1.0
ebb760c8-8c6a-4a5c-8f80-e9dd290acf62,math:Orz57K,695,2026-04-23T02:43:35.609375Z,2026-04-23T02:45:21.524328Z,105.914953,1,True,True,False,0.0,0.0,0.009441537494710496,0.0,0.0,,615,622,1237,105.19156434301112,105.19156434301112,,,1237.0,0.0,1.0,1.0
0b09c8f8-d133-4f75-adfd-67b588288785,math:Orz57K,696,2026-04-23T02:43:35.854477Z,2026-04-23T02:45:23.815664Z,107.961187,1,True,True,True,1.0,1.0,0.009262588044720183,0.009262588044720183,0.0,,605,406,1011,107.2195870160067,107.2195870160067,,,1011.0,0.0,1.0,1.0
c9b4583e-7bc3-4c9e-8195-52740d3e3df3,math:Orz57K,697,2026-04-23T02:43:38.223084Z,2026-04-23T02:45:24.926307Z,106.703223,1,True,True,False,0.0,0.0,0.009371788141769626,0.0,0.0,,574,153,727,105.96621065399086,105.96621065399086,,,727.0,0.0,1.0,1.0
020f473c-e651-4437-a640-c0777cf1a1eb,math:Orz57K,698,2026-04-23T02:44:01.425050Z,2026-04-23T02:45:30.391326Z,88.966276,1,True,True,False,0.0,0.0,0.011240214213304827,0.0,0.0,,611,500,1111,88.2414024380123,88.2414024380123,,,1111.0,0.0,1.0,1.0
49857080-a3e6-47df-8678-604fb2b52da9,math:Orz57K,695,2026-04-23T02:44:04.844633Z,2026-04-23T02:45:33.859328Z,89.014695,1,True,True,False,0.0,0.0,0.011234100167393709,0.0,0.0,,615,622,1237,88.29665177699644,88.29665177699644,,,1237.0,0.0,1.0,1.0
3ae44560-3e41-4699-beda-a9617703d54e,math:Orz57K,696,2026-04-23T02:44:05.087928Z,2026-04-23T02:45:36.122847Z,91.034919,1,True,True,True,1.0,1.0,0.010984795845207486,0.010984795845207486,0.0,,605,406,1011,90.32449656300014,90.32449656300014,,,1011.0,0.0,1.0,1.0
0ddcaba5-3356-432d-8373-0408f9dd6218,math:Orz57K,697,2026-04-23T02:44:06.752000Z,2026-04-23T02:45:36.997058Z,90.245058,1,True,True,False,0.0,0.0,0.011080939191152163,0.0,0.0,,574,153,727,89.52277481100464,89.52277481100464,,,727.0,0.0,1.0,1.0
8fdb8a92-06e5-4ac2-8974-fb6f87f7927f,math:Orz57K,698,2026-04-23T02:44:07.133241Z,2026-04-23T02:45:39.774381Z,92.64114,1,True,True,False,0.0,0.0,0.01079434039779735,0.0,0.0,,611,500,1111,91.8863214479934,91.8863214479934,,,1111.0,0.0,1.0,1.0
85afd194-4dca-4db4-9bd6-89192d2d069a,math:Orz57K,699,2026-04-23T02:44:27.558467Z,2026-04-23T02:46:03.847726Z,96.289259,1,True,True,False,0.0,0.0,0.010385374343778052,0.0,0.0,,665,4096,4761,95.55072075300268,95.55072075300268,,,4761.0,0.0,1.0,1.0
e966b985-5c37-49d2-8633-2e539e0c0a63,math:Orz57K,696,2026-04-23T02:44:30.558404Z,2026-04-23T02:46:08.766386Z,98.207982,1,True,True,True,1.0,1.0,0.01018247172617802,0.01018247172617802,0.0,,605,406,1011,97.48333555900899,97.48333555900899,,,1011.0,0.0,1.0,1.0
c5a3d6f9-6957-4846-a0bf-a0331f893841,math:Orz57K,697,2026-04-23T02:44:34.036415Z,2026-04-23T02:46:09.602457Z,95.566042,1,True,True,False,0.0,0.0,0.010463967943759773,0.0,0.0,,574,153,727,94.82229235800332,94.82229235800332,,,727.0,0.0,1.0,1.0
54c76846-7a1b-424c-88e8-9da8a80388f0,math:Orz57K,698,2026-04-23T02:44:34.398160Z,2026-04-23T02:46:12.382482Z,97.984322,1,True,True,False,0.0,0.0,0.010205714338667363,0.0,0.0,,611,500,1111,97.26055925700348,97.26055925700348,,,1111.0,0.0,1.0,1.0
571aa907-775d-433d-b24c-ef5bb30d9283,math:Orz57K,699,2026-04-23T02:44:34.691871Z,2026-04-23T02:46:36.488523Z,121.796652,1,True,True,False,0.0,0.0,0.008210406309033849,0.0,0.0,,665,4096,4761,121.05967574799433,121.05967574799433,,,4761.0,0.0,1.0,1.0
0b71d113-6aff-488b-a373-b8420e1969e5,math:Orz57K,700,2026-04-23T02:44:34.896365Z,2026-04-23T02:46:39.223983Z,124.327618,1,True,True,False,0.0,0.0,0.00804326517379268,0.0,0.0,,572,487,1059,123.57118171300681,123.57118171300681,,,1059.0,0.0,1.0,1.0
42e91554-ab88-4f57-b21b-ef386a1ab576,math:Orz57K,697,2026-04-23T02:44:37.140010Z,2026-04-23T02:46:40.024508Z,122.884498,1,True,True,False,0.0,0.0,0.008137722953468061,0.0,0.0,,574,153,727,122.14873148099286,122.14873148099286,,,727.0,0.0,1.0,1.0
25e7928d-0d5e-48dc-b3bc-99ea01849488,math:Orz57K,698,2026-04-23T02:44:37.536797Z,2026-04-23T02:46:42.791145Z,125.254348,1,True,True,False,0.0,0.0,0.007983754783506597,0.0,0.0,,611,500,1111,124.54394304999732,124.54394304999732,,,1111.0,0.0,1.0,1.0
b01ba749-0d23-45c6-b533-c70d9f86740c,math:Orz57K,699,2026-04-23T02:44:37.828212Z,2026-04-23T02:47:06.817648Z,148.989436,1,True,True,False,0.0,0.0,0.00671188526413376,0.0,0.0,,665,4096,4761,148.27723292699375,148.27723292699375,,,4761.0,0.0,1.0,1.0
88c6035b-0c3d-4cd2-a1b8-2d28835c4e11,math:Orz57K,700,2026-04-23T02:45:00.932248Z,2026-04-23T02:47:12.246661Z,131.314413,1,True,True,False,0.0,0.0,0.0076153102858556735,0.0,0.0,,572,487,1059,130.49384458099667,130.49384458099667,,,1059.0,0.0,1.0,1.0
d35f60ed-fe9b-4a95-9257-d85a22ca61e1,math:Orz57K,701,2026-04-23T02:45:01.342839Z,2026-04-23T02:47:16.046066Z,134.703227,1,True,True,False,0.0,0.0,0.007423727124221011,0.0,0.0,,582,693,1275,133.95685301801132,133.95685301801132,,,1275.0,0.0,1.0,1.0
fc0744cd-876d-4c8b-b622-7bfe8de9a147,math:Orz57K,698,2026-04-23T02:45:05.837714Z,2026-04-23T02:47:18.837887Z,133.000173,1,True,True,False,0.0,0.0,0.007518787212404604,0.0,0.0,,611,500,1111,132.26788930001203,132.26788930001203,,,1111.0,0.0,1.0,1.0
d6158d31-6214-4a4a-b0b9-380b51460589,math:Orz57K,699,2026-04-23T02:45:06.143541Z,2026-04-23T02:47:42.809683Z,156.666142,1,True,True,False,0.0,0.0,0.006383000099664163,0.0,0.0,,665,4096,4761,155.92957607000426,155.92957607000426,,,4761.0,0.0,1.0,1.0
20866e03-d12a-4ea7-bef4-61758d4333d8,math:Orz57K,700,2026-04-23T02:45:08.357573Z,2026-04-23T02:47:45.565373Z,157.2078,1,True,True,False,0.0,0.0,0.006361007532705121,0.0,0.0,,572,487,1059,156.43735810701037,156.43735810701037,,,1059.0,0.0,1.0,1.0
5323003e-5801-4d74-8e22-162bd7c33d29,math:Orz57K,701,2026-04-23T02:45:11.805633Z,2026-04-23T02:47:49.475287Z,157.669654,1,True,True,False,0.0,0.0,0.006342374544692031,0.0,0.0,,582,693,1275,156.93148084600398,156.93148084600398,,,1275.0,0.0,1.0,1.0
fb752ece-b88e-4461-8231-ecd6f576e6c8,math:Orz57K,702,2026-04-23T02:45:12.199074Z,2026-04-23T02:48:14.319311Z,182.120237,1,True,True,False,0.0,0.0,0.005490877985185139,0.0,0.0,,570,4096,4666,181.40895276000083,181.40895276000083,,,4666.0,0.0,1.0,1.0
ee6e345b-327b-4abe-8a34-754d2f224154,math:Orz57K,699,2026-04-23T02:45:12.537782Z,2026-04-23T02:48:31.899530Z,199.361748,1,True,True,True,1.0,1.0,0.005016007383723381,0.005016007383723381,0.0,,665,3050,3715,198.64287247999164,198.64287247999164,,,3715.0,0.0,1.0,1.0
439f89ab-228d-4408-bf28-58d7c409702e,math:Orz57K,700,2026-04-23T02:45:15.432376Z,2026-04-23T02:48:34.643684Z,199.211308,1,True,True,False,0.0,0.0,0.005019795362219096,0.0,0.0,,572,487,1059,198.4620111300028,198.4620111300028,,,1059.0,0.0,1.0,1.0
01633b62-7700-4f71-9f90-21ebfe3d6945,math:Orz57K,701,2026-04-23T02:45:21.549043Z,2026-04-23T02:48:39.479888Z,197.930845,1,True,True,False,0.0,0.0,0.0050522696449863585,0.0,0.0,,582,693,1275,197.21743338600209,197.21743338600209,,,1275.0,0.0,1.0,1.0
28428848-c599-4680-8683-442bb6d12bb9,math:Orz57K,702,2026-04-23T02:45:23.840726Z,2026-04-23T02:49:03.456106Z,219.61538,1,True,True,False,0.0,0.0,0.00455341515698946,0.0,0.0,,570,4096,4666,218.9138786100084,218.9138786100084,,,4666.0,0.0,1.0,1.0
4ce9e628-786b-43c8-be21-858fc90843f1,math:Orz57K,703,2026-04-23T02:45:24.120039Z,2026-04-23T02:52:17.652285Z,413.532246,1,True,True,True,1.0,1.0,0.0024181911076409748,0.0024181911076409748,0.0,,2620,555,3175,409.38035087399476,409.38035087399476,,,3175.0,0.0,1.0,1.0
ef9e8978-634f-4fb5-9701-0c025e071fd8,math:Orz57K,700,2026-04-23T02:45:24.949976Z,2026-04-23T02:49:07.694036Z,222.74406,1,True,True,False,0.0,0.0,0.0044894575415389305,0.0,0.0,,572,487,1059,221.99565938999876,221.99565938999876,,,1059.0,0.0,1.0,1.0
c648ce3e-9af2-470d-95ef-016930d4ddba,math:Orz57K,701,2026-04-23T02:45:30.416898Z,2026-04-23T02:49:12.481999Z,222.065101,1,True,True,False,0.0,0.0,0.0045031839559517275,0.0,0.0,,582,693,1275,221.3242914720031,221.3242914720031,,,1275.0,0.0,1.0,1.0
08853237-4ce1-4762-b74d-6149941eedbd,math:Orz57K,702,2026-04-23T02:45:33.883929Z,2026-04-23T02:49:36.449786Z,242.565857,1,True,True,False,0.0,0.0,0.0041225917462901635,0.0,0.0,,570,4096,4666,241.85475148400292,241.85475148400292,,,4666.0,0.0,1.0,1.0
ff84a1a3-94a9-47fe-bf07-20b35e473a33,math:Orz57K,703,2026-04-23T02:45:36.148397Z,2026-04-23T02:52:35.252587Z,419.10419,1,True,True,True,1.0,1.0,0.0023860415234693787,0.0023860415234693787,0.0,,2620,555,3175,414.82738559599966,414.82738559599966,,,3175.0,0.0,1.0,1.0
84536f31-0bca-4f7c-b4f2-3374a249b7bd,math:Orz57K,704,2026-04-23T02:45:37.022412Z,2026-04-23T02:51:25.962914Z,348.940502,1,True,True,False,0.0,0.0,0.002865818081502044,0.0,0.0,,1629,431,2060,346.4665137099946,346.4665137099946,,,2060.0,0.0,1.0,1.0
45564754-f00a-4697-a637-0572f737b504,math:Orz57K,701,2026-04-23T02:45:39.800081Z,2026-04-23T02:49:43.902239Z,244.102158,1,True,True,False,0.0,0.0,0.004096645470868799,0.0,0.0,,582,693,1275,243.3575783970009,243.3575783970009,,,1275.0,0.0,1.0,1.0
adbe84ca-d50e-4ff6-8c1c-4d6bf1ad39e5,math:Orz57K,702,2026-04-23T02:46:03.872553Z,2026-04-23T02:50:07.782855Z,243.910302,1,True,True,False,0.0,0.0,0.004099867827640999,0.0,0.0,,570,4096,4666,243.20357467100257,243.20357467100257,,,4666.0,0.0,1.0,1.0
1c9c5683-d446-41a5-a3d2-934e83690217,math:Orz57K,703,2026-04-23T02:46:08.790091Z,2026-04-23T02:52:49.422214Z,400.632123,1,True,True,True,1.0,1.0,0.0024960554648285156,0.0024960554648285156,0.0,,2620,555,3175,396.44700115900196,396.44700115900196,,,3175.0,0.0,1.0,1.0
cf68f32d-dad2-484a-b90c-1b83ee831242,math:Orz57K,704,2026-04-23T02:46:09.627376Z,2026-04-23T02:51:34.547667Z,324.920291,1,True,True,False,0.0,0.0,0.003077677903470793,0.0,0.0,,1629,431,2060,322.3504588850046,322.3504588850046,,,2060.0,0.0,1.0,1.0
553cb555-894e-43c6-b524-19c43bb6b998,math:Orz57K,705,2026-04-23T02:46:12.407798Z,2026-04-23T02:50:14.280537Z,241.872739,1,True,True,False,0.0,0.0,0.004134405572675968,0.0,0.0,,606,340,946,241.16786374700314,241.16786374700314,,,946.0,0.0,1.0,1.0
9f505cc7-73d1-43aa-a0c5-21e28bd83879,math:Orz57K,702,2026-04-23T02:46:36.514303Z,2026-04-23T02:50:38.296753Z,241.78245,1,True,True,False,0.0,0.0,0.004135949486821728,0.0,0.0,,570,4096,4666,241.04190452500188,241.04190452500188,,,4666.0,0.0,1.0,1.0
b028f92d-495a-40ba-a08a-a422f75d9442,math:Orz57K,703,2026-04-23T02:46:39.249009Z,2026-04-23T02:52:55.789119Z,376.54011,1,True,True,True,1.0,1.0,0.0026557595683498365,0.0026557595683498365,0.0,,2620,555,3175,372.3285593920009,372.3285593920009,,,3175.0,0.0,1.0,1.0
0b41e765-fd73-42ca-8673-60a8bed2ccfc,math:Orz57K,704,2026-04-23T02:46:40.049106Z,2026-04-23T02:51:39.482507Z,299.433401,1,True,True,False,0.0,0.0,0.003339640790440743,0.0,0.0,,1629,431,2060,296.9118927719974,296.9118927719974,,,2060.0,0.0,1.0,1.0
a89865d1-5775-4d27-bc1c-782852ecbc6a,math:Orz57K,705,2026-04-23T02:46:42.814207Z,2026-04-23T02:50:43.784545Z,240.970338,1,True,True,False,0.0,0.0,0.004149888356798504,0.0,0.0,,606,340,946,240.23955612900318,240.23955612900318,,,946.0,0.0,1.0,1.0
2aacb13c-c993-4d6f-baa2-a256b92a1590,math:Orz57K,706,2026-04-23T02:47:06.840503Z,2026-04-23T02:50:46.362622Z,219.522119,1,True,True,False,0.0,0.0,0.004555349613767167,0.0,0.0,,617,462,1079,218.80123034999997,218.80123034999997,,,1079.0,0.0,1.0,1.0
bb4fd93b-add8-476b-b0ed-814a6d12e8e9,math:Orz57K,703,2026-04-23T02:47:12.271566Z,2026-04-23T02:53:07.366848Z,355.095282,1,True,True,True,1.0,1.0,0.0028161455549837464,0.0028161455549837464,0.0,,2620,555,3175,350.83564068199485,350.83564068199485,,,3175.0,0.0,1.0,1.0
53882e90-5aef-4e80-884c-bd3fcd2e50cb,math:Orz57K,704,2026-04-23T02:47:16.072068Z,2026-04-23T02:51:50.287641Z,274.215573,1,True,True,False,0.0,0.0,0.003646765896844232,0.0,0.0,,1629,431,2060,271.76041083800374,271.76041083800374,,,2060.0,0.0,1.0,1.0
aee707f5-b551-48dd-8571-0fa3162a47bd,math:Orz57K,705,2026-04-23T02:47:18.862091Z,2026-04-23T02:50:52.915830Z,214.053739,1,True,True,False,0.0,0.0,0.004671724047763538,0.0,0.0,,606,340,946,213.319633815001,213.319633815001,,,946.0,0.0,1.0,1.0
f95bd383-abcd-401b-9ed7-ca193c8b418e,math:Orz57K,706,2026-04-23T02:47:42.833794Z,2026-04-23T02:50:55.495263Z,192.661469,1,True,True,False,0.0,0.0,0.005190451444133855,0.0,0.0,,617,462,1079,191.93673054600367,191.93673054600367,,,1079.0,0.0,1.0,1.0
a9bbbdc2-23a9-4bed-a2cb-83e0e5aaa1dd,math:Orz57K,707,2026-04-23T02:47:45.591047Z,2026-04-23T02:50:57.019993Z,191.428946,1,True,True,False,0.0,0.0,0.005223870375381997,0.0,0.0,,692,275,967,190.72500139199838,190.72500139199838,,,967.0,0.0,1.0,1.0
432dd367-ea13-4b68-956e-1830d23537c5,math:Orz57K,704,2026-04-23T02:47:49.500559Z,2026-04-23T02:51:57.690913Z,248.190354,1,True,True,False,0.0,0.0,0.004029165452578387,0.0,0.0,,1629,431,2060,245.605367207987,245.605367207987,,,2060.0,0.0,1.0,1.0
98dd32b7-6cef-4a3f-9a0a-eb2666d986c3,math:Orz57K,705,2026-04-23T02:47:50.457692Z,2026-04-23T02:51:01.095541Z,190.637849,1,True,True,False,0.0,0.0,0.005245548065326734,0.0,0.0,,606,340,946,189.89613078499679,189.89613078499679,,,946.0,0.0,1.0,1.0
7a60ba53-cdec-44d8-8266-910a5388d999,math:Orz57K,706,2026-04-23T02:48:14.344663Z,2026-04-23T02:51:03.656612Z,169.311949,1,True,True,False,0.0,0.0,0.005906257685333242,0.0,0.0,,617,462,1079,168.60000450701045,168.60000450701045,,,1079.0,0.0,1.0,1.0
94959c0c-deec-44a9-8ca2-55caebc3269f,math:Orz57K,707,2026-04-23T02:48:31.925338Z,2026-04-23T02:51:05.212466Z,153.287128,1,True,True,False,0.0,0.0,0.006523704978020072,0.0,0.0,,692,275,967,152.56598301199847,152.56598301199847,,,967.0,0.0,1.0,1.0
b7b2d3b4-236b-4329-88c6-ba6d8371fc6c,math:Orz57K,708,2026-04-23T02:48:34.668513Z,2026-04-23T02:51:07.004934Z,152.336421,1,True,True,True,1.0,1.0,0.006564418367161193,0.006564418367161193,0.0,,606,308,914,151.5523943540029,151.5523943540029,,,914.0,0.0,1.0,1.0
06aee141-868e-412a-9708-7a1e42ba20e0,math:Orz57K,705,2026-04-23T02:48:35.659936Z,2026-04-23T02:51:08.836928Z,153.176992,1,True,True,False,0.0,0.0,0.006528395596121903,0.0,0.0,,606,340,946,152.4654536570015,152.4654536570015,,,946.0,0.0,1.0,1.0
280e17fa-f767-4f4f-9a93-2b6fe126d597,math:Orz57K,706,2026-04-23T02:48:39.504119Z,2026-04-23T02:51:11.435688Z,151.931569,1,True,True,False,0.0,0.0,0.006581910570541137,0.0,0.0,,617,462,1079,151.21236739400774,151.21236739400774,,,1079.0,0.0,1.0,1.0
b06b51f2-a726-45c6-9fc7-5f505bbdd321,math:Orz57K,707,2026-04-23T02:49:03.481390Z,2026-04-23T02:51:12.988717Z,129.507327,1,True,True,False,0.0,0.0,0.00772157084208834,0.0,0.0,,692,275,967,128.7609081480041,128.7609081480041,,,967.0,0.0,1.0,1.0
a9a61f6c-35ad-4c9b-824d-a55d83227329,math:Orz57K,708,2026-04-23T02:49:07.718703Z,2026-04-23T02:51:16.023530Z,128.304827,1,True,True,True,1.0,1.0,0.007793939038630246,0.007793939038630246,0.0,,606,308,914,127.56860795199464,127.56860795199464,,,914.0,0.0,1.0,1.0
cbbe0029-c896-4c36-9456-7d9cdcd53d3c,math:Orz57K,709,2026-04-23T02:49:08.657025Z,2026-04-23T02:51:17.865755Z,129.20873,1,True,True,True,1.0,1.0,0.007739415130850679,0.007739415130850679,0.0,,584,327,911,128.4596066380036,128.4596066380036,,,911.0,0.0,1.0,1.0
e492a0db-c15e-4a36-81c6-d70f14d0a30c,math:Orz57K,706,2026-04-23T02:49:12.507204Z,2026-04-23T02:51:22.723881Z,130.216677,1,True,True,False,0.0,0.0,0.007679507902048521,0.0,0.0,,617,869,1486,129.47639544399863,129.47639544399863,,,1486.0,0.0,1.0,1.0
56f6e76b-9579-4631-a1f3-0f26b1a7e009,math:Orz57K,707,2026-04-23T02:49:36.474593Z,2026-04-23T02:51:24.266689Z,107.792096,1,True,True,False,0.0,0.0,0.009277118055112315,0.0,0.0,,692,275,967,107.05829786599497,107.05829786599497,,,967.0,0.0,1.0,1.0
4a6d8e46-abc6-4c68-92ef-d26ead6031d1,math:Orz57K,708,2026-04-23T02:49:43.928374Z,2026-04-23T02:51:27.673737Z,103.745363,1,True,True,True,1.0,1.0,0.009638985021431753,0.009638985021431753,0.0,,606,308,914,102.99190200699377,102.99190200699377,,,914.0,0.0,1.0,1.0
547a329f-d084-48cc-ba02-4461c3a8513d,math:Orz57K,709,2026-04-23T02:50:07.808900Z,2026-04-23T02:51:29.475150Z,81.66625,1,True,True,True,1.0,1.0,0.012244960433471598,0.012244960433471598,0.0,,584,327,911,80.94132843699481,80.94132843699481,,,911.0,0.0,1.0,1.0
093f8fb6-171f-4d90-8fa4-7fef65cae91c,math:Orz57K,710,2026-04-23T02:50:08.887295Z,2026-04-23T02:51:32.992550Z,84.105255,1,True,True,False,0.0,0.0,0.011889863481182003,0.0,0.0,,610,607,1217,83.25150540200411,83.25150540200411,,,1217.0,0.0,1.0,1.0
72e29729-2757-4358-a7ad-1f02fa346452,math:Orz57K,707,2026-04-23T02:50:14.306380Z,2026-04-23T02:51:36.089479Z,81.783099,1,True,True,False,0.0,0.0,0.012227465237041213,0.0,0.0,,692,275,967,81.05329686500772,81.05329686500772,,,967.0,0.0,1.0,1.0
15dbf890-b6bf-42c8-89d4-6548dc5a6472,math:Orz57K,708,2026-04-23T02:50:38.323101Z,2026-04-23T02:51:37.840066Z,59.516965,1,True,True,True,1.0,1.0,0.01680193202055918,0.01680193202055918,0.0,,606,308,914,58.764951699005906,58.764951699005906,,,914.0,0.0,1.0,1.0
c442f5db-089b-46cb-8f20-eb8919a42825,math:Orz57K,709,2026-04-23T02:50:43.809794Z,2026-04-23T02:51:40.252349Z,56.442555,1,True,True,False,0.0,0.0,0.01771712850348465,0.0,0.0,,584,140,724,55.7074223029922,55.7074223029922,,,724.0,0.0,1.0,1.0
f9a42951-e013-4816-81ad-d58ffa077c25,math:Orz57K,710,2026-04-23T02:50:46.388402Z,2026-04-23T02:51:43.713878Z,57.325476,1,True,True,False,0.0,0.0,0.017444251138882823,0.0,0.0,,610,607,1217,56.488846678999835,56.488846678999835,,,1217.0,0.0,1.0,1.0
29dbcbfc-4b45-4598-90ee-ccde10b15fae,math:Orz57K,711,2026-04-23T02:50:47.401342Z,2026-04-23T02:51:48.636724Z,61.235382,1,True,True,True,1.0,1.0,0.01633042805220028,0.01633042805220028,0.0,,603,898,1501,60.49205737000739,60.49205737000739,,,1501.0,0.0,1.0,1.0
09b16610-3657-440a-92bb-270ee7e854b5,math:Orz57K,708,2026-04-23T02:50:52.941362Z,2026-04-23T02:51:52.024929Z,59.083567,1,True,True,True,1.0,1.0,0.016925179889697585,0.016925179889697585,0.0,,606,308,914,58.353215538998484,58.353215538998484,,,914.0,0.0,1.0,1.0
99b4ad03-e669-44e5-a662-26a8e1cd3b08,math:Orz57K,709,2026-04-23T02:50:55.520436Z,2026-04-23T02:51:53.887249Z,58.366813,1,True,True,True,1.0,1.0,0.017133023864092083,0.017133023864092083,0.0,,584,327,911,57.60682071400515,57.60682071400515,,,911.0,0.0,1.0,1.0
f349f855-7086-4d52-8b54-bdef6183f188,math:Orz57K,710,2026-04-23T02:50:57.046529Z,2026-04-23T02:51:57.343890Z,60.297361,1,True,True,False,0.0,0.0,0.016584473738411206,0.0,0.0,,610,607,1217,59.47573823999846,59.47573823999846,,,1217.0,0.0,1.0,1.0
c379058f-59de-46ce-b12b-8c8643c0345f,math:Orz57K,711,2026-04-23T02:51:01.122076Z,2026-04-23T02:52:02.648415Z,61.526339,1,True,True,True,1.0,1.0,0.016253201738526974,0.016253201738526974,0.0,,603,898,1501,60.76718397100922,60.76718397100922,,,1501.0,0.0,1.0,1.0
d000093a-7947-4a8b-82ef-431a1d627526,math:Orz57K,712,2026-04-23T02:51:03.682552Z,2026-04-23T02:54:53.507247Z,229.824695,1,True,True,True,1.0,1.0,0.004351142508858763,0.004351142508858763,0.0,,2395,379,2774,225.53730364600779,225.53730364600779,,,2774.0,0.0,1.0,1.0
0cd21b7b-1e03-4f43-a3d2-12aa94abbad3,math:Orz57K,709,2026-04-23T02:51:05.238937Z,2026-04-23T02:52:04.829384Z,59.590447,1,True,True,False,0.0,0.0,0.016781213270643868,0.0,0.0,,584,140,724,58.76147124399722,58.76147124399722,,,724.0,0.0,1.0,1.0
2d241b56-7a0a-42ab-bf2b-b568cf8a240a,math:Orz57K,710,2026-04-23T02:51:07.030954Z,2026-04-23T02:52:08.249853Z,61.218899,1,True,True,False,0.0,0.0,0.016334824969655205,0.0,0.0,,610,607,1217,60.37498494000465,60.37498494000465,,,1217.0,0.0,1.0,1.0
5323d21d-2354-475c-bed1-bff9006243ff,math:Orz57K,711,2026-04-23T02:51:08.864384Z,2026-04-23T02:52:13.095893Z,64.231509,1,True,True,True,1.0,1.0,0.015568682965240626,0.015568682965240626,0.0,,603,898,1501,63.508657875994686,63.508657875994686,,,1501.0,0.0,1.0,1.0
a81de31b-2da4-4194-972f-ff89502e5445,math:Orz57K,712,2026-04-23T02:51:11.461752Z,2026-04-23T02:54:56.194429Z,224.732677,1,True,True,True,1.0,1.0,0.004449731179947632,0.004449731179947632,0.0,,2395,379,2774,220.47101748200657,220.47101748200657,,,2774.0,0.0,1.0,1.0
e8e4c659-8e53-4130-aef6-8786e1b24c7c,math:Orz57K,713,2026-04-23T02:51:13.014365Z,2026-04-23T02:52:17.202837Z,64.188472,1,True,True,False,0.0,0.0,0.015579121434764797,0.0,0.0,,576,497,1073,63.470030971991946,63.470030971991946,,,1073.0,0.0,1.0,1.0
2d0cf292-7ae9-4eb2-b6d0-99a3c809b492,math:Orz57K,710,2026-04-23T02:51:16.049233Z,2026-04-23T02:52:21.108650Z,65.059417,1,True,True,False,0.0,0.0,0.01537056503288371,0.0,0.0,,610,607,1217,64.25343125799554,64.25343125799554,,,1217.0,0.0,1.0,1.0
8fde12c1-a66c-4496-a8e3-00b42c8fc7f5,math:Orz57K,711,2026-04-23T02:51:17.891012Z,2026-04-23T02:52:26.035519Z,68.144507,1,True,True,True,1.0,1.0,0.014674697110949823,0.014674697110949823,0.0,,603,898,1501,67.41563331300858,67.41563331300858,,,1501.0,0.0,1.0,1.0
c5ddb2ae-2591-4bfb-9cc1-ed24345995d0,math:Orz57K,712,2026-04-23T02:51:22.747626Z,2026-04-23T02:55:15.310639Z,232.563013,1,True,True,True,1.0,1.0,0.004299909891518304,0.004299909891518304,0.0,,2395,379,2774,228.30517115099065,228.30517115099065,,,2774.0,0.0,1.0,1.0
fbe5475a-0404-494b-baf0-24a7dcaea086,math:Orz57K,713,2026-04-23T02:51:24.291983Z,2026-04-23T02:52:30.179290Z,65.887307,1,True,True,False,0.0,0.0,0.015177430153580262,0.0,0.0,,576,497,1073,65.13631257100496,65.13631257100496,,,1073.0,0.0,1.0,1.0
c08bd612-a843-423d-a413-ea8bfe75ed02,math:Orz57K,714,2026-04-23T02:51:25.988936Z,2026-04-23T02:52:34.790136Z,68.8012,1,True,True,False,0.0,0.0,0.0145346302099382,0.0,0.0,,621,830,1451,68.07907214900479,68.07907214900479,,,1451.0,0.0,1.0,1.0
95a12882-b038-4872-8754-29f64a423dd6,math:Orz57K,711,2026-04-23T02:51:27.699076Z,2026-04-23T02:52:40.259459Z,72.560383,1,True,True,True,1.0,1.0,0.013781625160385386,0.013781625160385386,0.0,,603,898,1501,71.80402988599963,71.80402988599963,,,1501.0,0.0,1.0,1.0
84f07bdb-5a4b-4607-9ea1-11eec2faf058,math:Orz57K,712,2026-04-23T02:51:29.500191Z,2026-04-23T02:55:21.846101Z,232.34591,1,True,True,True,1.0,1.0,0.004303927708475695,0.004303927708475695,0.0,,2395,379,2774,228.0958734939777,228.0958734939777,,,2774.0,0.0,1.0,1.0
ff4a5bf0-4406-42e7-a0d5-cf64b7e8de2c,math:Orz57K,713,2026-04-23T02:51:33.025092Z,2026-04-23T02:52:44.296680Z,71.271588,1,True,True,False,0.0,0.0,0.014030836523524635,0.0,0.0,,576,497,1073,70.56490279499849,70.56490279499849,,,1073.0,0.0,1.0,1.0
ae440a64-67e5-452c-9f63-f389a8c54cbd,math:Orz57K,714,2026-04-23T02:51:34.574889Z,2026-04-23T02:52:48.992707Z,74.417818,1,True,True,False,0.0,0.0,0.013437642044274934,0.0,0.0,,621,830,1451,73.67714622899075,73.67714622899075,,,1451.0,0.0,1.0,1.0
f5fb6096-16c1-4dd4-a209-0abe14c0dfdf,math:Orz57K,715,2026-04-23T02:51:36.114537Z,2026-04-23T02:52:51.237738Z,75.123201,1,True,True,False,0.0,0.0,0.013311466852963309,0.0,0.0,,632,325,957,74.39585992600769,74.39585992600769,,,957.0,0.0,1.0,1.0
dee25ec7-c3f2-4b0a-899e-f581ff5bae4f,math:Orz57K,712,2026-04-23T02:51:37.866119Z,2026-04-23T02:55:29.848238Z,231.982119,1,True,True,True,1.0,1.0,0.004310677065588835,0.004310677065588835,0.0,,2395,379,2774,227.77931051199266,227.77931051199266,,,2774.0,0.0,1.0,1.0
50fd7100-d17f-424c-8d5e-b46256dedbe3,math:Orz57K,713,2026-04-23T02:51:39.507776Z,2026-04-23T02:52:55.347039Z,75.839263,1,True,True,False,0.0,0.0,0.013185782145588625,0.0,0.0,,576,497,1073,75.12836266300292,75.12836266300292,,,1073.0,0.0,1.0,1.0
04d7a208-4b2b-4c23-b4b3-344782fbc844,math:Orz57K,714,2026-04-23T02:51:40.276678Z,2026-04-23T02:53:00.437873Z,80.161195,1,True,True,False,0.0,0.0,0.012474863928862337,0.0,0.0,,621,830,1451,79.41335234500002,79.41335234500002,,,1451.0,0.0,1.0,1.0
977ae5df-a9ee-4e1c-b41e-8ad2ce791e1f,math:Orz57K,715,2026-04-23T02:51:43.740772Z,2026-04-23T02:53:02.250531Z,78.509759,1,True,True,False,0.0,0.0,0.012737270025246161,0.0,0.0,,632,325,957,77.78320959499979,77.78320959499979,,,957.0,0.0,1.0,1.0
a810e289-81d6-464f-b14d-d166c307368a,math:Orz57K,716,2026-04-23T02:51:48.661871Z,2026-04-23T02:54:17.369962Z,148.708091,1,True,True,False,0.0,0.0,0.006724583667744077,0.0,0.0,,1617,534,2151,146.2165820359951,146.2165820359951,,,2151.0,0.0,1.0,1.0
87f5590e-fcb4-4c07-8628-a02846b22310,math:Orz57K,713,2026-04-23T02:51:50.311667Z,2026-04-23T02:53:06.952517Z,76.64085,1,True,True,False,0.0,0.0,0.013047871989937482,0.0,0.0,,576,497,1073,75.90230997100298,75.90230997100298,,,1073.0,0.0,1.0,1.0
3e29a886-dcb3-48de-be50-85ff021305b6,math:Orz57K,714,2026-04-23T02:51:52.050452Z,2026-04-23T02:53:11.997513Z,79.947061,1,True,True,False,0.0,0.0,0.01250827719608104,0.0,0.0,,621,830,1451,79.22305404300278,79.22305404300278,,,1451.0,0.0,1.0,1.0
a6194e58-3138-47ea-86e3-8e339642a127,math:Orz57K,715,2026-04-23T02:51:53.911765Z,2026-04-23T02:53:13.754748Z,79.842983,1,True,True,False,0.0,0.0,0.012524582153950836,0.0,0.0,,632,325,957,79.13360578499851,79.13360578499851,,,957.0,0.0,1.0,1.0
491dfa64-4d4f-43c9-8c84-7c69a974ca62,math:Orz57K,716,2026-04-23T02:51:57.368869Z,2026-04-23T02:54:36.075114Z,158.706245,1,True,True,False,0.0,0.0,0.0063009492789650465,0.0,0.0,,1617,534,2151,156.29775166300533,156.29775166300533,,,2151.0,0.0,1.0,1.0
e10cdff9-606d-4fb2-96c0-dfb1e4fb7866,math:Orz57K,717,2026-04-23T02:51:57.716788Z,2026-04-23T02:53:16.663638Z,78.94685,1,True,True,False,0.0,0.0,0.012666749844990648,0.0,0.0,,579,172,751,78.18528200201399,78.18528200201399,,,751.0,0.0,1.0,1.0
92e17751-8e52-448c-ad59-5b56d06dfa20,math:Orz57K,714,2026-04-23T02:52:02.675314Z,2026-04-23T02:53:21.338843Z,78.663529,1,True,True,False,0.0,0.0,0.012712371447256073,0.0,0.0,,621,830,1451,77.9287973390019,77.9287973390019,,,1451.0,0.0,1.0,1.0
f62463c8-ba2a-4645-b61c-f06f00a5872c,math:Orz57K,715,2026-04-23T02:52:04.854501Z,2026-04-23T02:53:23.148989Z,78.294488,1,True,True,False,0.0,0.0,0.012772291198838928,0.0,0.0,,632,325,957,77.58237948699389,77.58237948699389,,,957.0,0.0,1.0,1.0
99e72dff-9cd9-4f01-805d-417cceb14537,math:Orz57K,716,2026-04-23T02:52:08.274746Z,2026-04-23T02:54:55.849416Z,167.57467,1,True,True,False,0.0,0.0,0.005967489000575087,0.0,0.0,,1617,534,2151,165.02831842900196,165.02831842900196,,,2151.0,0.0,1.0,1.0
3261f7bf-ff35-44d4-ac54-ec29c6e57070,math:Orz57K,717,2026-04-23T02:52:13.123014Z,2026-04-23T02:53:26.571743Z,73.448729,1,True,True,False,0.0,0.0,0.01361493947703302,0.0,0.0,,579,172,751,72.71344538200356,72.71344538200356,,,751.0,0.0,1.0,1.0
acabb62e-c827-462d-960c-291f1870a68c,math:Orz57K,718,2026-04-23T02:52:17.234902Z,2026-04-23T02:53:28.749323Z,71.514421,1,True,True,False,0.0,0.0,0.01398319368341107,0.0,0.0,,599,276,875,70.73440660600318,70.73440660600318,,,875.0,0.0,1.0,1.0
31265ad8-5abc-43e2-8265-b17a85d7a0d5,math:Orz57K,715,2026-04-23T02:52:17.677764Z,2026-04-23T02:53:30.536436Z,72.858672,1,True,True,False,0.0,0.0,0.013725202128306703,0.0,0.0,,632,325,957,72.12515834700025,72.12515834700025,,,957.0,0.0,1.0,1.0
48f1fca5-1713-42d1-a7ca-44a6af4fd06b,math:Orz57K,716,2026-04-23T02:52:21.135502Z,2026-04-23T02:55:01.476433Z,160.340931,1,True,True,False,0.0,0.0,0.006236710699902322,0.0,0.0,,1617,585,2202,157.93058399599977,157.93058399599977,,,2202.0,0.0,1.0,1.0
0d15c49f-d936-48de-ba1f-2891141cbe3f,math:Orz57K,717,2026-04-23T02:52:26.060368Z,2026-04-23T02:53:33.414967Z,67.354599,1,True,True,False,0.0,0.0,0.014846796133401374,0.0,0.0,,579,172,751,66.59728393401019,66.59728393401019,,,751.0,0.0,1.0,1.0
bad59b33-b82f-497b-98a2-5cfd5a36ec6b,math:Orz57K,718,2026-04-23T02:52:30.204769Z,2026-04-23T02:53:35.536277Z,65.331508,1,True,True,False,0.0,0.0,0.015306550095246538,0.0,0.0,,599,276,875,64.58394776300702,64.58394776300702,,,875.0,0.0,1.0,1.0
aa0ac3a5-dc2c-4ec2-a027-4f85efd21cee,math:Orz57K,719,2026-04-23T02:52:34.815442Z,2026-04-23T02:53:36.975884Z,62.160442,1,True,True,False,0.0,0.0,0.016087401695116646,0.0,0.0,,577,261,838,61.448683509996044,61.448683509996044,,,838.0,0.0,1.0,1.0
aec03810-9a0e-48a9-b829-e09beab7bcc5,math:Orz57K,716,2026-04-23T02:52:35.276740Z,2026-04-23T02:55:19.567291Z,164.290551,1,True,True,False,0.0,0.0,0.006086777321721929,0.0,0.0,,1617,534,2151,161.85422341301455,161.85422341301455,,,2151.0,0.0,1.0,1.0
4f5d4579-0b4f-405b-a312-2237b6319ccd,math:Orz57K,717,2026-04-23T02:52:40.284943Z,2026-04-23T02:53:39.861508Z,59.576565,1,True,True,False,0.0,0.0,0.016785123479341246,0.0,0.0,,579,172,751,58.835401949007064,58.835401949007064,,,751.0,0.0,1.0,1.0
e786aa7d-99b3-4bde-ae8b-0187ddd94b1c,math:Orz57K,718,2026-04-23T02:52:44.321936Z,2026-04-23T02:53:41.972550Z,57.650614,1,True,True,False,0.0,0.0,0.01734586903098725,0.0,0.0,,599,276,875,56.92211658100132,56.92211658100132,,,875.0,0.0,1.0,1.0
35c4d0e9-5857-4fdb-b858-497d6829126d,math:Orz57K,719,2026-04-23T02:52:49.016902Z,2026-04-23T02:53:43.405593Z,54.388691,1,True,True,False,0.0,0.0,0.01838617517012866,0.0,0.0,,577,261,838,53.64186805600184,53.64186805600184,,,838.0,0.0,1.0,1.0
9e21c423-1b96-4797-ba0e-58bb9b355aa1,math:Orz57K,720,2026-04-23T02:52:49.447178Z,2026-04-23T02:53:57.059439Z,67.612261,1,True,True,False,0.0,0.0,0.014790216821768466,0.0,0.0,,715,2365,3080,66.86106246699637,66.86106246699637,,,3080.0,0.0,1.0,1.0
8ef724ee-b1bf-4757-9a25-31ed694980cb,math:Orz57K,717,2026-04-23T02:52:51.263158Z,2026-04-23T02:53:57.979654Z,66.716496,1,True,True,False,0.0,0.0,0.014988796773739434,0.0,0.0,,579,172,751,66.01418772000761,66.01418772000761,,,751.0,0.0,1.0,1.0
b267a221-7af8-44e7-95f3-bab3815272aa,math:Orz57K,718,2026-04-23T02:52:55.373392Z,2026-04-23T02:54:00.142165Z,64.768773,1,True,True,False,0.0,0.0,0.015439539050708898,0.0,0.0,,599,276,875,64.01594405199285,64.01594405199285,,,875.0,0.0,1.0,1.0
5bfa5ce7-41f5-423d-a544-e6f0c9e3bc71,math:Orz57K,719,2026-04-23T02:52:55.815014Z,2026-04-23T02:54:01.594334Z,65.77932,1,True,True,False,0.0,0.0,0.015202346269313822,0.0,0.0,,577,261,838,65.03608192999673,65.03608192999673,,,838.0,0.0,1.0,1.0
79881eb7-840c-409c-97bf-daadfd9d64d3,math:Orz57K,720,2026-04-23T02:53:00.463529Z,2026-04-23T02:54:15.106265Z,74.642736,1,True,True,False,0.0,0.0,0.013397150929730121,0.0,0.0,,715,2365,3080,73.87173080399225,73.87173080399225,,,3080.0,0.0,1.0,1.0
b34e6f58-b8ac-416e-8dab-f5331183a103,math:Orz57K,721,2026-04-23T02:53:02.276454Z,2026-04-23T02:54:16.213860Z,73.937406,1,True,True,False,0.0,0.0,0.013524953796729088,0.0,0.0,,615,203,818,73.21504872899095,73.21504872899095,,,818.0,0.0,1.0,1.0
19be812e-4b40-41ce-9995-e3d59bd19af0,math:Orz57K,718,2026-04-23T02:53:06.976601Z,2026-04-23T02:54:18.918312Z,71.941711,1,True,True,False,0.0,0.0,0.013900142019141025,0.0,0.0,,599,276,875,71.20738100601011,71.20738100601011,,,875.0,0.0,1.0,1.0
dcf06f1f-9e27-4a9c-9539-0871c290ae48,math:Orz57K,719,2026-04-23T02:53:07.392083Z,2026-04-23T02:54:20.359096Z,72.967013,1,True,True,False,0.0,0.0,0.013704823027358953,0.0,0.0,,577,261,838,72.2540658450016,72.2540658450016,,,838.0,0.0,1.0,1.0
08a8ea10-f63a-460e-a149-957414c7f95c,math:Orz57K,720,2026-04-23T02:53:12.025699Z,2026-04-23T02:54:33.851498Z,81.825799,1,True,True,False,0.0,0.0,0.012221084452838645,0.0,0.0,,715,2365,3080,81.04564732500876,81.04564732500876,,,3080.0,0.0,1.0,1.0
4cca1537-e23c-42aa-b9da-c689ac7010c0,math:Orz57K,721,2026-04-23T02:53:13.780210Z,2026-04-23T02:54:34.919034Z,81.138824,1,True,True,False,0.0,0.0,0.012324556244492772,0.0,0.0,,615,203,818,80.43953133600007,80.43953133600007,,,818.0,0.0,1.0,1.0
fc53b42e-5180-4c04-a334-28dda84ad263,math:Orz57K,722,2026-04-23T02:53:16.687541Z,2026-04-23T03:00:17.757676Z,421.070135,1,True,True,False,0.0,0.0,0.002374901273869732,0.0,0.0,,4026,1148,5174,415.09362792700995,415.09362792700995,,,5174.0,0.0,1.0,1.0
8eea8e69-724d-461e-8428-620ccec24034,math:Orz57K,719,2026-04-23T02:53:21.365987Z,2026-04-23T02:54:39.497832Z,78.131845,1,True,True,False,0.0,0.0,0.012798878613451404,0.0,0.0,,577,261,838,77.39838574400346,77.39838574400346,,,838.0,0.0,1.0,1.0
02f14861-a33e-4190-ba32-aad9252c0ae3,math:Orz57K,720,2026-04-23T02:53:23.174705Z,2026-04-23T02:54:53.156942Z,89.982237,1,True,True,False,0.0,0.0,0.011113304506977305,0.0,0.0,,715,2365,3080,89.2264703050023,89.2264703050023,,,3080.0,0.0,1.0,1.0
ab64fed0-8300-4365-b121-aa231a7d8870,math:Orz57K,721,2026-04-23T02:53:26.598962Z,2026-04-23T02:54:54.665301Z,88.066339,1,True,True,False,0.0,0.0,0.011355076313550401,0.0,0.0,,615,203,818,87.34548331900442,87.34548331900442,,,818.0,0.0,1.0,1.0
2ff4aa2b-b620-48d0-8733-b0fc449e9289,math:Orz57K,722,2026-04-23T02:53:28.772834Z,2026-04-23T03:00:55.192068Z,446.419234,1,True,True,False,0.0,0.0,0.0022400468524615587,0.0,0.0,,4026,1148,5174,440.4980718309962,440.4980718309962,,,5174.0,0.0,1.0,1.0
cabf7bd7-1874-4836-ac06-1c229ccfe4f8,math:Orz57K,723,2026-04-23T02:53:30.561431Z,2026-04-23T02:55:00.157801Z,89.59637,1,True,True,False,0.0,0.0,0.011161166462435923,0.0,0.0,,590,340,930,88.7714837139938,88.7714837139938,,,930.0,0.0,1.0,1.0
66db1e05-3480-44df-bdb4-48a6c382d241,math:Orz57K,720,2026-04-23T02:53:33.439292Z,2026-04-23T02:55:14.982042Z,101.54275,1,True,True,False,0.0,0.0,0.00984806891678628,0.0,0.0,,715,2365,3080,100.79076935700141,100.79076935700141,,,3080.0,0.0,1.0,1.0
892cc447-da24-496e-9bf9-c404df225240,math:Orz57K,721,2026-04-23T02:53:35.561307Z,2026-04-23T02:55:16.469823Z,100.908516,1,True,True,False,0.0,0.0,0.009909966369934525,0.0,0.0,,615,203,818,100.1788299609907,100.1788299609907,,,818.0,0.0,1.0,1.0
844cc888-af1d-4eae-8045-3115e0e7b9a8,math:Orz57K,722,2026-04-23T02:53:37.001087Z,2026-04-23T03:01:08.224793Z,451.223706,1,True,True,False,0.0,0.0,0.0022161956180555813,0.0,0.0,,4026,1148,5174,445.35575758300547,445.35575758300547,,,5174.0,0.0,1.0,1.0
4219d745-f829-4de8-a103-b08680c74c8c,math:Orz57K,723,2026-04-23T02:53:39.886408Z,2026-04-23T02:55:21.597321Z,101.710913,1,True,True,False,0.0,0.0,0.009831786683499733,0.0,0.0,,590,340,930,100.87012349300494,100.87012349300494,,,930.0,0.0,1.0,1.0
b5920a8b-edb9-43f8-9a22-2f13977047a4,math:Orz57K,724,2026-04-23T02:53:41.998291Z,2026-04-23T02:55:24.630849Z,102.632558,1,True,True,False,0.0,0.0,0.009743496795626978,0.0,0.0,,591,467,1058,101.73764010099694,101.73764010099694,,,1058.0,0.0,1.0,1.0
fa391e5c-1f48-47e1-857a-3c4d87db936c,math:Orz57K,721,2026-04-23T02:53:43.432536Z,2026-04-23T02:55:25.584722Z,102.152186,1,True,True,False,0.0,0.0,0.009789315717629381,0.0,0.0,,615,203,818,101.44720881199464,101.44720881199464,,,818.0,0.0,1.0,1.0
69e6e853-c077-4163-a2e5-b0356b82f9f4,math:Orz57K,722,2026-04-23T02:53:57.085800Z,2026-04-23T03:01:19.702800Z,442.617,1,True,True,False,0.0,0.0,0.0022592896341532293,0.0,0.0,,4026,1148,5174,436.63055877399165,436.63055877399165,,,5174.0,0.0,1.0,1.0
ef4586f5-8ff8-4610-ac11-effd0995fa23,math:Orz57K,723,2026-04-23T02:53:58.004801Z,2026-04-23T02:55:29.572979Z,91.568178,1,True,True,False,0.0,0.0,0.01092082448118603,0.0,0.0,,590,340,930,90.7432866320014,90.7432866320014,,,930.0,0.0,1.0,1.0
d47eb4c0-75cc-4ce3-bfff-93ccbdaf921a,math:Orz57K,724,2026-04-23T02:54:00.166563Z,2026-04-23T02:55:32.560778Z,92.394215,1,True,True,False,0.0,0.0,0.010823188443129258,0.0,0.0,,591,467,1058,91.54211155000667,91.54211155000667,,,1058.0,0.0,1.0,1.0
5b27a2ad-eaae-4b2b-b9cd-07f0fe70a7d6,math:Orz57K,725,2026-04-23T02:54:01.619142Z,2026-04-23T02:55:33.532464Z,91.913322,1,True,True,False,0.0,0.0,0.01087981565936655,0.0,0.0,,675,188,863,91.15598145499825,91.15598145499825,,,863.0,0.0,1.0,1.0
6e3999e3-33df-4f53-8131-67686c8c7367,math:Orz57K,722,2026-04-23T02:54:15.132459Z,2026-04-23T03:01:31.433797Z,436.301338,1,True,True,False,0.0,0.0,0.002291993887949067,0.0,0.0,,4026,1148,5174,430.17579122698226,430.17579122698226,,,5174.0,0.0,1.0,1.0
014219c8-c9ba-424e-9e25-0bab25e79e48,math:Orz57K,723,2026-04-23T02:54:16.240024Z,2026-04-23T02:55:37.511971Z,81.271947,1,True,True,False,0.0,0.0,0.012304368689481501,0.0,0.0,,590,340,930,80.39644984299957,80.39644984299957,,,930.0,0.0,1.0,1.0
da2509e8-2547-4183-80d9-7209e17750eb,math:Orz57K,724,2026-04-23T02:54:17.395600Z,2026-04-23T02:55:40.052934Z,82.657334,1,True,True,False,0.0,0.0,0.012098140015016695,0.0,0.0,,591,467,1058,81.85201044299174,81.85201044299174,,,1058.0,0.0,1.0,1.0
9d2634ff-ff6a-4e0f-a3e4-4e9a6a542ad7,math:Orz57K,725,2026-04-23T02:54:18.942579Z,2026-04-23T02:55:41.017833Z,82.075254,1,True,True,False,0.0,0.0,0.012183940362828483,0.0,0.0,,675,188,863,81.36430632299744,81.36430632299744,,,863.0,0.0,1.0,1.0
18559539-3c50-4d21-9f8b-5caa1105bef0,math:Orz57K,726,2026-04-23T02:54:20.384783Z,2026-04-23T02:55:42.254325Z,81.869542,1,True,True,False,0.0,0.0,0.012214554711934262,0.0,0.0,,627,215,842,81.13578358798986,81.13578358798986,,,842.0,0.0,1.0,1.0
33cfce1c-ab52-4c7b-a784-088207df26a4,math:Orz57K,723,2026-04-23T02:54:33.876474Z,2026-04-23T02:55:44.217710Z,70.341236,1,True,True,False,0.0,0.0,0.014216412119912139,0.0,0.0,,590,340,930,69.49795407798956,69.49795407798956,,,930.0,0.0,1.0,1.0
084d7d3b-d615-4d04-952f-1096c83c92fc,math:Orz57K,724,2026-04-23T02:54:34.942959Z,2026-04-23T02:55:46.824348Z,71.881389,1,True,True,False,0.0,0.0,0.01391180685170121,0.0,0.0,,591,467,1058,71.04410618598922,71.04410618598922,,,1058.0,0.0,1.0,1.0
3cd22610-a4ef-4be7-b363-4528fabe86d4,math:Orz57K,725,2026-04-23T02:54:36.098947Z,2026-04-23T02:55:47.781645Z,71.682698,1,True,True,False,0.0,0.0,0.01395036777215054,0.0,0.0,,675,188,863,70.9547445729986,70.9547445729986,,,863.0,0.0,1.0,1.0
9a56fcca-ca64-44ae-a5cf-6c6beb6d9de2,math:Orz57K,726,2026-04-23T02:54:39.522812Z,2026-04-23T02:55:50.573362Z,71.05055,1,True,True,False,0.0,0.0,0.014074486404397995,0.0,0.0,,627,215,842,70.29693933700037,70.29693933700037,,,842.0,0.0,1.0,1.0
18459466-87c2-452a-8e6c-f96930ded908,math:Orz57K,727,2026-04-23T02:54:53.183732Z,2026-04-23T02:55:51.456325Z,58.272593,1,True,True,False,0.0,0.0,0.017160725969410696,0.0,0.0,,637,154,791,57.56172746300581,57.56172746300581,,,791.0,0.0,1.0,1.0
af64dafc-854a-40bb-b306-8e6d17bc287f,math:Orz57K,724,2026-04-23T02:54:53.532672Z,2026-04-23T02:55:54.193836Z,60.661164,1,True,True,False,0.0,0.0,0.016485011728426445,0.0,0.0,,591,467,1058,59.82585065900639,59.82585065900639,,,1058.0,0.0,1.0,1.0
d4bf88e9-7a2d-42e0-ad40-dadfd0745e4e,math:Orz57K,725,2026-04-23T02:54:54.690881Z,2026-04-23T02:55:55.171150Z,60.480269,1,True,True,False,0.0,0.0,0.016534317993856806,0.0,0.0,,675,188,863,59.74233045500296,59.74233045500296,,,863.0,0.0,1.0,1.0
99460c12-9ea8-441f-8594-1c424af2a81b,math:Orz57K,726,2026-04-23T02:54:55.883123Z,2026-04-23T02:55:56.347477Z,60.464354,1,True,True,False,0.0,0.0,0.01653867004020253,0.0,0.0,,627,215,842,59.76585018899641,59.76585018899641,,,842.0,0.0,1.0,1.0
127f822a-51e4-48d5-aece-3f32dfd0413f,math:Orz57K,727,2026-04-23T02:54:56.220350Z,2026-04-23T02:55:57.256814Z,61.036464,1,True,True,False,0.0,0.0,0.016383648961053838,0.0,0.0,,637,154,791,60.30543505201058,60.30543505201058,,,791.0,0.0,1.0,1.0
df13bf92-d118-486c-99b6-4b7c8f9ec1bb,math:Orz57K,728,2026-04-23T02:55:00.184035Z,2026-04-23T02:56:04.964701Z,64.780666,1,True,True,True,1.0,1.0,0.015436704525390338,0.015436704525390338,0.0,,663,1087,1750,64.05015531901154,64.05015531901154,,,1750.0,0.0,1.0,1.0
a9759322-b066-4ee3-bc70-5ddeb6e36c02,math:Orz57K,725,2026-04-23T02:55:01.501983Z,2026-04-23T02:56:06.031606Z,64.529623,1,True,True,False,0.0,0.0,0.01549675875217805,0.0,0.0,,675,188,863,63.808661866001785,63.808661866001785,,,863.0,0.0,1.0,1.0
dffbf0aa-b2de-4313-8963-b79b198e52e4,math:Orz57K,726,2026-04-23T02:55:15.007705Z,2026-04-23T02:56:07.263211Z,52.255506,1,True,True,False,0.0,0.0,0.01913673938972096,0.0,0.0,,627,215,842,51.519375733012566,51.519375733012566,,,842.0,0.0,1.0,1.0
465c25b3-5ae7-4657-ae55-56e66cb233ce,math:Orz57K,727,2026-04-23T02:55:15.335751Z,2026-04-23T02:56:08.114875Z,52.779124,1,True,True,False,0.0,0.0,0.01894688513587304,0.0,0.0,,637,154,791,52.064156343985815,52.064156343985815,,,791.0,0.0,1.0,1.0
3b97cc88-b771-496c-9d9d-90cafc3fdcb9,math:Orz57K,728,2026-04-23T02:55:16.495447Z,2026-04-23T02:56:14.180269Z,57.684822,1,True,True,True,1.0,1.0,0.017335582659854614,0.017335582659854614,0.0,,663,1087,1750,56.93842598699848,56.93842598699848,,,1750.0,0.0,1.0,1.0
6031e828-8247-4a27-a75d-4276dec80ba2,math:Orz57K,729,2026-04-23T02:55:19.591533Z,2026-04-23T02:56:20.174449Z,60.582916,1,True,True,True,1.0,1.0,0.01650630352622842,0.01650630352622842,0.0,,565,799,1364,59.87045508000301,59.87045508000301,,,1364.0,0.0,1.0,1.0
fe9a737f-9a6e-447f-b9aa-4123dacdfd23,math:Orz57K,726,2026-04-23T02:55:21.623056Z,2026-04-23T02:56:21.372928Z,59.749872,1,True,True,False,0.0,0.0,0.01673643752743102,0.0,0.0,,627,215,842,59.04926186699595,59.04926186699595,,,842.0,0.0,1.0,1.0
1cad3d38-b426-4813-9dd6-57ad38e53630,math:Orz57K,727,2026-04-23T02:55:21.870958Z,2026-04-23T02:56:22.285052Z,60.414094,1,True,True,False,0.0,0.0,0.016552428974603177,0.0,0.0,,637,154,791,59.68207714200253,59.68207714200253,,,791.0,0.0,1.0,1.0
87f9ecbd-996b-4b37-9111-dd0b878d6182,math:Orz57K,728,2026-04-23T02:55:24.656296Z,2026-04-23T02:56:28.392625Z,63.736329,1,True,True,True,1.0,1.0,0.01568963910676437,0.01568963910676437,0.0,,663,1087,1750,63.01313762900827,63.01313762900827,,,1750.0,0.0,1.0,1.0
b7d6b0f3-186e-4957-94a2-f38546412f1a,math:Orz57K,729,2026-04-23T02:55:25.609584Z,2026-04-23T02:56:32.869984Z,67.2604,1,True,True,True,1.0,1.0,0.014867589250138268,0.014867589250138268,0.0,,565,799,1364,66.51640961699013,66.51640961699013,,,1364.0,0.0,1.0,1.0
48dca405-e0cb-4753-9ab7-94bdf25e298b,math:Orz57K,730,2026-04-23T02:55:29.599302Z,2026-04-23T02:56:58.829485Z,89.230183,1,True,True,False,0.0,0.0,0.011206970179585982,0.0,0.0,,901,4096,4997,88.48348206099763,88.48348206099763,,,4997.0,0.0,1.0,1.0
0bebab2b-60df-4178-852f-0b633b9adef6,math:Orz57K,727,2026-04-23T02:55:29.871986Z,2026-04-23T02:56:59.708472Z,89.836486,1,True,True,False,0.0,0.0,0.011131334767479665,0.0,0.0,,637,154,791,89.08210110600339,89.08210110600339,,,791.0,0.0,1.0,1.0
0760a98e-434c-4883-8ae3-de4996af5f10,math:Orz57K,728,2026-04-23T02:55:32.586062Z,2026-04-23T02:57:05.772472Z,93.18641,1,True,True,True,1.0,1.0,0.010731178505535304,0.010731178505535304,0.0,,663,1087,1750,92.44844812699012,92.44844812699012,,,1750.0,0.0,1.0,1.0
d3e7dcb7-6972-4b0a-9a08-d14a5c2fca00,math:Orz57K,729,2026-04-23T02:55:33.557288Z,2026-04-23T02:57:10.198201Z,96.640913,1,True,True,True,1.0,1.0,0.010347584361087318,0.010347584361087318,0.0,,565,799,1364,95.9319648029923,95.9319648029923,,,1364.0,0.0,1.0,1.0
208aaf88-323e-42d8-975f-77dc7a2e7c67,math:Orz57K,730,2026-04-23T02:55:37.537557Z,2026-04-23T02:57:36.142230Z,118.604673,1,True,True,False,0.0,0.0,0.008431370996655418,0.0,0.0,,901,4096,4997,117.87569709500531,117.87569709500531,,,4997.0,0.0,1.0,1.0
db3b8c64-2d1a-4b5b-8d1a-edb0f22e120d,math:Orz57K,731,2026-04-23T02:55:40.076888Z,2026-04-23T02:57:41.111946Z,121.035058,1,True,True,False,0.0,0.0,0.008262068994918811,0.0,0.0,,637,879,1516,120.24148038300336,120.24148038300336,,,1516.0,0.0,1.0,1.0
b5f83192-34e9-44b0-8242-19e2ba00a062,math:Orz57K,728,2026-04-23T02:55:41.042739Z,2026-04-23T02:57:47.114450Z,126.071711,1,True,True,True,1.0,1.0,0.007931993561981562,0.007931993561981562,0.0,,663,1087,1750,125.35534214199288,125.35534214199288,,,1750.0,0.0,1.0,1.0
b50c08a4-7efc-499d-87d7-4fbead902c31,math:Orz57K,729,2026-04-23T02:55:42.280025Z,2026-04-23T02:57:51.568379Z,129.288354,1,True,True,True,1.0,1.0,0.007734648706255476,0.007734648706255476,0.0,,565,799,1364,128.57510942399676,128.57510942399676,,,1364.0,0.0,1.0,1.0
aec146cf-3977-408f-a6bd-342148e59121,math:Orz57K,730,2026-04-23T02:55:44.243558Z,2026-04-23T02:58:15.695746Z,151.452188,1,True,True,False,0.0,0.0,0.006602743830944191,0.0,0.0,,901,4096,4997,150.74023696299992,150.74023696299992,,,4997.0,0.0,1.0,1.0
f38e0772-7be4-4189-a8a6-8e19fcaa7eb5,math:Orz57K,731,2026-04-23T02:55:46.847998Z,2026-04-23T02:58:20.696842Z,153.848844,1,True,True,False,0.0,0.0,0.006499886342987406,0.0,0.0,,637,879,1516,153.0754587679985,153.0754587679985,,,1516.0,0.0,1.0,1.0
4601be3b-27e3-4e0e-948f-46a69fe43cd7,math:Orz57K,732,2026-04-23T02:55:47.807292Z,2026-04-23T02:58:22.756614Z,154.949322,1,True,True,False,0.0,0.0,0.006453722979181542,0.0,0.0,,581,376,957,154.22480854399328,154.22480854399328,,,957.0,0.0,1.0,1.0
63981d83-7132-47b9-8d17-c7f3c1e8d69a,math:Orz57K,729,2026-04-23T02:55:50.599665Z,2026-04-23T02:58:28.850775Z,158.25111,1,True,True,True,1.0,1.0,0.006319071000513045,0.006319071000513045,0.0,,565,799,1364,157.51813442001003,157.51813442001003,,,1364.0,0.0,1.0,1.0
5016505c-b8bc-4fe4-9fa3-7374cae3e474,math:Orz57K,730,2026-04-23T02:55:51.480398Z,2026-04-23T02:58:53.299037Z,181.818639,1,True,True,False,0.0,0.0,0.005499986170284775,0.0,0.0,,901,4096,4997,181.07559817499714,181.07559817499714,,,4997.0,0.0,1.0,1.0
c52a355d-52b4-44d9-bd65-175b3da4ee6a,math:Orz57K,731,2026-04-23T02:55:54.218326Z,2026-04-23T02:58:58.271684Z,184.053358,1,True,True,False,0.0,0.0,0.005433207037711314,0.0,0.0,,637,879,1516,183.28384124700096,183.28384124700096,,,1516.0,0.0,1.0,1.0
7c6506a9-d6c0-4c39-951b-43a6dd3e94d6,math:Orz57K,732,2026-04-23T02:55:55.195783Z,2026-04-23T02:59:00.312478Z,185.116695,1,True,True,False,0.0,0.0,0.005401997912722027,0.0,0.0,,581,376,957,184.40737405099208,184.40737405099208,,,957.0,0.0,1.0,1.0
21c92614-167e-47fa-a407-32bfa467beae,math:Orz57K,733,2026-04-23T02:55:56.372968Z,2026-04-23T02:59:01.913579Z,185.540611,1,True,True,True,1.0,1.0,0.005389655637169374,0.005389655637169374,0.0,,592,286,878,184.82929128799879,184.82929128799879,,,878.0,0.0,1.0,1.0
65ac66b5-f5c0-424d-834c-4ed2676dbbb2,math:Orz57K,730,2026-04-23T02:55:57.282971Z,2026-04-23T02:59:26.278197Z,208.995226,1,True,True,False,0.0,0.0,0.004784798290081516,0.0,0.0,,901,4096,4997,208.24391216000367,208.24391216000367,,,4997.0,0.0,1.0,1.0
1d4b22a7-c7eb-4a6c-9458-2dccb8876a0f,math:Orz57K,731,2026-04-23T02:56:04.987627Z,2026-04-23T02:59:32.859782Z,207.872155,1,True,True,False,0.0,0.0,0.00481064912229346,0.0,0.0,,637,879,1516,207.07878945399716,207.07878945399716,,,1516.0,0.0,1.0,1.0
8e28f752-32db-443a-b6ee-d7d82b0108ca,math:Orz57K,732,2026-04-23T02:56:06.058137Z,2026-04-23T02:59:34.883968Z,208.825831,1,True,True,False,0.0,0.0,0.004788679615023297,0.0,0.0,,581,376,957,208.11287688699667,208.11287688699667,,,957.0,0.0,1.0,1.0
1cf3767f-c841-4337-8322-2a16e301d0ac,math:Orz57K,733,2026-04-23T02:56:07.287573Z,2026-04-23T02:59:36.524078Z,209.236505,1,True,True,True,1.0,1.0,0.004779280747401129,0.004779280747401129,0.0,,592,286,878,208.48370673300815,208.48370673300815,,,878.0,0.0,1.0,1.0
5250d741-c274-4c35-b79d-727ef79b94d3,math:Orz57K,734,2026-04-23T02:56:08.142573Z,2026-04-23T02:59:37.950206Z,209.807633,1,True,True,False,0.0,0.0,0.004766270824856024,0.0,0.0,,568,256,824,209.06815382400237,209.06815382400237,,,824.0,0.0,1.0,1.0
21a96057-8c38-4855-874f-f7a9c5780fb7,math:Orz57K,731,2026-04-23T02:56:14.204262Z,2026-04-23T02:59:42.859721Z,208.655459,1,True,True,False,0.0,0.0,0.004792589682496636,0.0,0.0,,637,879,1516,207.91813439899124,207.91813439899124,,,1516.0,0.0,1.0,1.0
35648f11-ee9f-427a-9b91-f9b577bd9e9a,math:Orz57K,732,2026-04-23T02:56:20.198186Z,2026-04-23T02:59:46.476927Z,206.278741,1,True,True,False,0.0,0.0,0.004847809304789193,0.0,0.0,,581,376,957,205.54746568200062,205.54746568200062,,,957.0,0.0,1.0,1.0
60d0d89b-0946-4bc2-8195-93b2ce41fe20,math:Orz57K,733,2026-04-23T02:56:21.397150Z,2026-04-23T02:59:48.081986Z,206.684836,1,True,True,True,1.0,1.0,0.004838284314191294,0.004838284314191294,0.0,,592,286,878,205.9466505809978,205.9466505809978,,,878.0,0.0,1.0,1.0
b9f8f761-b8ee-4336-a666-4846cc0d52da,math:Orz57K,734,2026-04-23T02:56:22.310405Z,2026-04-23T02:59:49.485032Z,207.174627,1,True,True,False,0.0,0.0,0.00482684590521792,0.0,0.0,,568,256,824,206.47427762000007,206.47427762000007,,,824.0,0.0,1.0,1.0
e7578d3d-a21d-4969-9022-55432a9bf784,math:Orz57K,735,2026-04-23T02:56:28.417887Z,2026-04-23T02:59:51.212724Z,202.794837,1,True,True,False,0.0,0.0,0.004931092008027798,0.0,0.0,,600,298,898,202.03881314999308,202.03881314999308,,,898.0,0.0,1.0,1.0
360e3cf1-9168-453f-a6f7-0b110f112342,math:Orz57K,732,2026-04-23T02:56:32.893860Z,2026-04-23T02:59:53.319080Z,200.42522,1,True,True,False,0.0,0.0,0.004989392053554937,0.0,0.0,,581,376,957,199.67982241598656,199.67982241598656,,,957.0,0.0,1.0,1.0
a6ced785-1ce9-4e54-bb42-3812d2b09f5e,math:Orz57K,733,2026-04-23T02:56:58.853349Z,2026-04-23T02:59:56.514692Z,177.661343,1,True,True,True,1.0,1.0,0.005628686483586922,0.005628686483586922,0.0,,592,286,878,176.92470930000127,176.92470930000127,,,878.0,0.0,1.0,1.0
245024a2-6d75-49e2-83b9-e41d3c1f8010,math:Orz57K,734,2026-04-23T02:56:59.733918Z,2026-04-23T02:59:57.935088Z,178.20117,1,True,True,False,0.0,0.0,0.005611635434267913,0.0,0.0,,568,256,824,177.49406106000242,177.49406106000242,,,824.0,0.0,1.0,1.0
c99d9a4a-58f8-4818-b320-2d22dea1c9ab,math:Orz57K,735,2026-04-23T02:57:05.798314Z,2026-04-23T02:59:59.679133Z,173.880819,1,True,True,False,0.0,0.0,0.005751065619261892,0.0,0.0,,600,298,898,173.10479288300849,173.10479288300849,,,898.0,0.0,1.0,1.0
67127a19-7915-48ec-9e57-6b2a81b72388,math:Orz57K,736,2026-04-23T02:57:10.221888Z,2026-04-23T03:00:02.236056Z,172.014168,1,True,True,False,0.0,0.0,0.005813474620299881,0.0,0.0,,599,467,1066,171.3029172999959,171.3029172999959,,,1066.0,0.0,1.0,1.0
11edeb9a-054f-44d5-9c8c-dbc061d67d0f,math:Orz57K,733,2026-04-23T02:57:36.169031Z,2026-04-23T03:00:05.462572Z,149.293541,1,True,True,True,1.0,1.0,0.006698213421034738,0.006698213421034738,0.0,,592,286,878,148.53978592199564,148.53978592199564,,,878.0,0.0,1.0,1.0
3d24a1eb-d122-4c9a-8880-9a47b9e3dcce,math:Orz57K,734,2026-04-23T02:57:41.137865Z,2026-04-23T03:00:06.891926Z,145.754061,1,True,True,False,0.0,0.0,0.006860872301870203,0.0,0.0,,568,256,824,145.00796053899103,145.00796053899103,,,824.0,0.0,1.0,1.0
6f5f9118-59fc-4d51-9c98-0b4001a6719d,math:Orz57K,735,2026-04-23T02:57:47.139707Z,2026-04-23T03:00:08.561463Z,141.421756,1,True,True,False,0.0,0.0,0.007071047823787453,0.0,0.0,,600,298,898,140.67452969799342,140.67452969799342,,,898.0,0.0,1.0,1.0
4436e526-3d71-402a-aca1-b84c6ca0b084,math:Orz57K,736,2026-04-23T02:57:51.594190Z,2026-04-23T03:00:11.175004Z,139.580814,1,True,True,False,0.0,0.0,0.0071643084127593635,0.0,0.0,,599,467,1066,138.8423799650045,138.8423799650045,,,1066.0,0.0,1.0,1.0
ff0c9754-846e-4bb8-a48b-da36291ea452,math:Orz57K,737,2026-04-23T02:58:15.722561Z,2026-04-23T03:00:13.085864Z,117.363303,1,True,True,False,0.0,0.0,0.008520550925530786,0.0,0.0,,601,345,946,116.65275416000804,116.65275416000804,,,946.0,0.0,1.0,1.0
8676846e-0d6f-4c53-9923-a9b5e0ea913f,math:Orz57K,734,2026-04-23T02:58:20.722879Z,2026-04-23T03:00:14.543925Z,113.821046,1,True,True,False,0.0,0.0,0.008785721403403725,0.0,0.0,,568,256,824,113.08506003199727,113.08506003199727,,,824.0,0.0,1.0,1.0
875efb4c-f9c5-415c-8177-6e169a7b38f7,math:Orz57K,735,2026-04-23T02:58:22.782887Z,2026-04-23T03:00:16.205558Z,113.422671,1,True,True,False,0.0,0.0,0.00881657953549692,0.0,0.0,,600,298,898,112.65515422799217,112.65515422799217,,,898.0,0.0,1.0,1.0
f4ed3a1e-e021-40b3-b72f-e8a5000928e4,math:Orz57K,736,2026-04-23T02:58:28.874749Z,2026-04-23T03:00:19.809009Z,110.93426,1,True,True,False,0.0,0.0,0.009014347776782394,0.0,0.0,,599,362,961,110.2173990339943,110.2173990339943,,,961.0,0.0,1.0,1.0
8311d13d-180d-475b-877f-2366d242fd8d,math:Orz57K,737,2026-04-23T02:58:53.324796Z,2026-04-23T03:00:43.938043Z,110.613247,1,True,True,False,0.0,0.0,0.009040508502566606,0.0,0.0,,601,4096,4697,109.8950131409947,109.8950131409947,,,4697.0,0.0,1.0,1.0
90e1bc77-2a15-4f0d-a86c-32ae31cd383e,math:Orz57K,738,2026-04-23T02:58:58.296950Z,2026-04-23T03:00:47.320011Z,109.023061,1,True,True,True,1.0,1.0,0.00917237133894085,0.00917237133894085,0.0,,567,615,1182,108.31078527800855,108.31078527800855,,,1182.0,0.0,1.0,1.0
bb4a96dc-4ae1-4d68-8f02-7094959291ec,math:Orz57K,735,2026-04-23T02:59:00.339686Z,2026-04-23T03:00:49.024109Z,108.684423,1,True,True,False,0.0,0.0,0.0092009505354783,0.0,0.0,,600,298,898,107.9434513990127,107.9434513990127,,,898.0,0.0,1.0,1.0
67459c99-cd77-43db-8809-1a963d334abd,math:Orz57K,736,2026-04-23T02:59:01.938636Z,2026-04-23T03:00:51.672931Z,109.734295,1,True,True,False,0.0,0.0,0.0091129213524359,0.0,0.0,,599,467,1066,108.97381773400411,108.97381773400411,,,1066.0,0.0,1.0,1.0
44853924-187c-45ab-95aa-b0ce4b7c0394,math:Orz57K,737,2026-04-23T02:59:26.302327Z,2026-04-23T03:00:53.570264Z,87.267937,1,True,True,False,0.0,0.0,0.011458962299062942,0.0,0.0,,601,345,946,86.54823062600917,86.54823062600917,,,946.0,0.0,1.0,1.0
991f2f32-a0e8-4f44-ad04-9a0d2b6a6578,math:Orz57K,738,2026-04-23T02:59:32.883896Z,2026-04-23T03:00:58.666359Z,85.782463,1,True,True,True,1.0,1.0,0.011657394355767098,0.011657394355767098,0.0,,567,615,1182,85.05078912999306,85.05078912999306,,,1182.0,0.0,1.0,1.0
735bf04f-c526-4ff4-bdba-23fb27eaf9fa,math:Orz57K,739,2026-04-23T02:59:34.907290Z,2026-04-23T03:02:21.175933Z,166.268643,1,True,True,True,1.0,1.0,0.006014363153249528,0.006014363153249528,0.0,,1259,139,1398,163.78230354000698,163.78230354000698,,,1398.0,0.0,1.0,1.0
98694292-cc82-4dbe-8781-7d82bea478fa,math:Orz57K,736,2026-04-23T02:59:36.548648Z,2026-04-23T03:01:00.508018Z,83.95937,1,True,True,False,0.0,0.0,0.011910522911260529,0.0,0.0,,599,228,827,83.21397945399804,83.21397945399804,,,827.0,0.0,1.0,1.0
1611ec5c-fc8d-4ff7-9bbc-164772a667a5,math:Orz57K,737,2026-04-23T02:59:37.977207Z,2026-04-23T03:01:03.819916Z,85.842709,1,True,True,False,0.0,0.0,0.01164921298091839,0.0,0.0,,601,583,1184,85.06430030400224,85.06430030400224,,,1184.0,0.0,1.0,1.0
a33813f0-6a4f-420d-9864-74f93aa25df1,math:Orz57K,738,2026-04-23T02:59:42.883494Z,2026-04-23T03:01:06.660104Z,83.77661,1,True,True,True,1.0,1.0,0.01193650590540725,0.01193650590540725,0.0,,567,517,1084,83.05068258200481,83.05068258200481,,,1084.0,0.0,1.0,1.0
642b5073-3d60-49a1-8063-ca8a2ac4b51c,math:Orz57K,739,2026-04-23T02:59:46.502618Z,2026-04-23T03:02:32.390110Z,165.887492,1,True,True,True,1.0,1.0,0.0060281820403915685,0.0060281820403915685,0.0,,1259,139,1398,163.4500687260006,163.4500687260006,,,1398.0,0.0,1.0,1.0
06ee7bce-4fb0-442c-94ae-db1fea368d53,math:Orz57K,740,2026-04-23T02:59:48.107461Z,2026-04-23T03:01:12.213463Z,84.106002,1,True,True,False,0.0,0.0,0.011889757879586287,0.0,0.0,,626,609,1235,83.39505425500101,83.39505425500101,,,1235.0,0.0,1.0,1.0
5fb50878-9da0-40e9-999d-bb65ab437807,math:Orz57K,737,2026-04-23T02:59:49.510543Z,2026-04-23T03:01:14.158428Z,84.647885,1,True,True,False,0.0,0.0,0.011813644251123344,0.0,0.0,,601,345,946,83.92455866499222,83.92455866499222,,,946.0,0.0,1.0,1.0
f2e508ef-b178-4b69-aa70-73dc73bac331,math:Orz57K,738,2026-04-23T02:59:51.238622Z,2026-04-23T03:01:17.564731Z,86.326109,1,True,True,True,1.0,1.0,0.011583980925168305,0.011583980925168305,0.0,,567,615,1182,85.57718598500651,85.57718598500651,,,1182.0,0.0,1.0,1.0
4759901a-5b36-4019-a1c5-84d4f467b614,math:Orz57K,739,2026-04-23T02:59:53.344330Z,2026-04-23T03:02:39.938097Z,166.593767,1,True,True,True,1.0,1.0,0.006002625536404372,0.006002625536404372,0.0,,1259,139,1398,164.08519785199314,164.08519785199314,,,1398.0,0.0,1.0,1.0
47795b30-0790-4697-99cd-7436ce058bb7,math:Orz57K,740,2026-04-23T02:59:56.539797Z,2026-04-23T03:01:23.422055Z,86.882258,1,True,True,True,1.0,1.0,0.011509829774451766,0.011509829774451766,0.0,,626,664,1290,86.1772845099913,86.1772845099913,,,1290.0,0.0,1.0,1.0
84d106f3-647d-4920-870e-a9ef3e2ee93a,math:Orz57K,741,2026-04-23T02:59:57.960020Z,2026-04-23T03:01:25.851849Z,87.891829,1,True,True,False,0.0,0.0,0.011377621917504983,0.0,0.0,,763,421,1184,87.14145908800128,87.14145908800128,,,1184.0,0.0,1.0,1.0
a12acdb3-5d79-4348-a4c2-06f1d7626e12,math:Orz57K,738,2026-04-23T02:59:59.703028Z,2026-04-23T03:01:29.305120Z,89.602092,1,True,True,True,1.0,1.0,0.011160453709049561,0.011160453709049561,0.0,,567,615,1182,88.86256570399564,88.86256570399564,,,1182.0,0.0,1.0,1.0
8d3ce790-8043-4dd9-bd97-8b5784337c31,math:Orz57K,739,2026-04-23T03:00:02.262221Z,2026-04-23T03:02:51.196346Z,168.934125,1,True,True,True,1.0,1.0,0.0059194671295689965,0.0059194671295689965,0.0,,1259,139,1398,166.50379872399208,166.50379872399208,,,1398.0,0.0,1.0,1.0
031a3b25-8dd2-4117-bf5f-3af3cdc728b0,math:Orz57K,740,2026-04-23T03:00:05.487870Z,2026-04-23T03:01:35.189809Z,89.701939,1,True,True,True,1.0,1.0,0.01114803103643055,0.01114803103643055,0.0,,626,664,1290,88.96401627500018,88.96401627500018,,,1290.0,0.0,1.0,1.0
360b34df-5e26-4b64-88a7-d946ce239e16,math:Orz57K,741,2026-04-23T03:00:06.916171Z,2026-04-23T03:01:37.564655Z,90.648484,1,True,True,False,0.0,0.0,0.011031624092025632,0.0,0.0,,763,421,1184,89.90517483300937,89.90517483300937,,,1184.0,0.0,1.0,1.0
4af0336e-1898-4f9e-a264-fff4cd171a60,math:Orz57K,742,2026-04-23T03:00:08.588447Z,2026-04-23T03:01:41.453921Z,92.865474,1,True,True,False,0.0,0.0,0.010768264640527221,0.0,0.0,,582,694,1276,92.10752883600071,92.10752883600071,,,1276.0,0.0,1.0,1.0
89a54dd9-00fe-4482-b659-831cffc36034,math:Orz57K,739,2026-04-23T03:00:11.200610Z,2026-04-23T03:03:01.990731Z,170.790121,1,True,True,True,1.0,1.0,0.0058551395955741495,0.0058551395955741495,0.0,,1259,139,1398,168.2963585270045,168.2963585270045,,,1398.0,0.0,1.0,1.0
f6260be7-81c9-4605-b66e-1dfb8c85e296,math:Orz57K,740,2026-04-23T03:00:13.111255Z,2026-04-23T03:01:45.728968Z,92.617713,1,True,True,True,1.0,1.0,0.010797070750386592,0.010797070750386592,0.0,,626,664,1290,91.86798734900367,91.86798734900367,,,1290.0,0.0,1.0,1.0
3300ce81-0b04-4357-b7ca-4b54ed0f25fa,math:Orz57K,741,2026-04-23T03:00:14.569481Z,2026-04-23T03:01:48.016692Z,93.447211,1,True,True,False,0.0,0.0,0.010701228953745876,0.0,0.0,,763,421,1184,92.74769223600742,92.74769223600742,,,1184.0,0.0,1.0,1.0
3c17f29b-7091-4b7c-b369-4ea01b39611b,math:Orz57K,742,2026-04-23T03:00:16.231279Z,2026-04-23T03:01:51.942731Z,95.711452,1,True,True,False,0.0,0.0,0.010448070519293763,0.0,0.0,,582,694,1276,94.97334713900636,94.97334713900636,,,1276.0,0.0,1.0,1.0
0a4eafe0-bb69-4d96-a78f-677c8bdcda5f,math:Orz57K,743,2026-04-23T03:00:17.782490Z,2026-04-23T03:01:55.834185Z,98.051695,1,True,True,False,0.0,0.0,0.01019870181744436,0.0,0.0,,559,688,1247,97.28679234700394,97.28679234700394,,,1247.0,0.0,1.0,1.0
fe320258-4eb4-4784-92df-2b0f71be62b7,math:Orz57K,740,2026-04-23T03:00:19.834057Z,2026-04-23T03:01:59.545492Z,99.711435,1,True,True,True,1.0,1.0,0.010028940010741998,0.010028940010741998,0.0,,626,664,1290,98.96252924200962,98.96252924200962,,,1290.0,0.0,1.0,1.0
6987d8b3-3093-4cd1-b97a-b02ea749a9f0,math:Orz57K,741,2026-04-23T03:00:43.964266Z,2026-04-23T03:02:01.889868Z,77.925602,1,True,True,False,0.0,0.0,0.012832752963525389,0.0,0.0,,763,421,1184,77.1911533389939,77.1911533389939,,,1184.0,0.0,1.0,1.0
3450b8ee-dafd-4410-8237-6ae7599b8d83,math:Orz57K,742,2026-04-23T03:00:47.345237Z,2026-04-23T03:02:05.741738Z,78.396501,1,True,True,False,0.0,0.0,0.012755671327729283,0.0,0.0,,582,694,1276,77.67756506099249,77.67756506099249,,,1276.0,0.0,1.0,1.0
508a1fa0-6ad0-4a4b-ab32-c13c07daefdc,math:Orz57K,743,2026-04-23T03:00:49.047554Z,2026-04-23T03:02:09.610998Z,80.563444,1,True,True,False,0.0,0.0,0.01241257759536695,0.0,0.0,,559,688,1247,79.81789759499952,79.81789759499952,,,1247.0,0.0,1.0,1.0
57acd1c6-5b14-475b-969d-7132687f97fa,math:Orz57K,744,2026-04-23T03:00:51.697243Z,2026-04-23T03:02:10.840045Z,79.142802,1,True,True,False,0.0,0.0,0.012635387865089739,0.0,0.0,,579,227,806,78.44272286799969,78.44272286799969,,,806.0,0.0,1.0,1.0
7b82f915-ded4-4e22-9d26-7eae6db1cd85,math:Orz57K,741,2026-04-23T03:00:53.595438Z,2026-04-23T03:02:13.212809Z,79.617371,1,True,True,False,0.0,0.0,0.012560073102639874,0.0,0.0,,763,421,1184,78.91246556499391,78.91246556499391,,,1184.0,0.0,1.0,1.0
94a5c6c9-c4a4-4163-891c-fb5c7ded2c91,math:Orz57K,742,2026-04-23T03:00:55.218518Z,2026-04-23T03:02:17.048322Z,81.829804,1,True,True,False,0.0,0.0,0.012220486315719392,0.0,0.0,,582,694,1276,81.11097878300643,81.11097878300643,,,1276.0,0.0,1.0,1.0
755fa38e-bf85-4935-b8aa-80124d927d40,math:Orz57K,743,2026-04-23T03:00:58.692204Z,2026-04-23T03:02:20.926426Z,82.234222,1,True,True,False,0.0,0.0,0.01216038743578069,0.0,0.0,,559,688,1247,81.48174467800709,81.48174467800709,,,1247.0,0.0,1.0,1.0
7d65660f-0eec-4678-a4ed-1d354afa3fda,math:Orz57K,744,2026-04-23T03:01:00.534341Z,2026-04-23T03:02:22.424356Z,81.890015,1,True,True,False,0.0,0.0,0.012211500999236596,0.0,0.0,,579,227,806,81.17394064100517,81.17394064100517,,,806.0,0.0,1.0,1.0
8ae0cf55-1be7-4963-80b3-0bb2e304925e,math:Orz57K,745,2026-04-23T03:01:03.845024Z,2026-04-23T03:02:24.420399Z,80.575375,1,True,True,False,0.0,0.0,0.012410739633541886,0.0,0.0,,592,356,948,79.85865130499587,79.85865130499587,,,948.0,0.0,1.0,1.0
1ba37129-e6e1-496d-8853-e2133e482466,math:Orz57K,742,2026-04-23T03:01:06.687015Z,2026-04-23T03:02:28.298547Z,81.611532,1,True,True,False,0.0,0.0,0.012253170299511104,0.0,0.0,,582,694,1276,80.88870145799592,80.88870145799592,,,1276.0,0.0,1.0,1.0
7bdf48e1-3bc8-41aa-abec-063d9fa51b37,math:Orz57K,743,2026-04-23T03:01:08.249299Z,2026-04-23T03:02:32.174430Z,83.925131,1,True,True,False,0.0,0.0,0.011915382056418835,0.0,0.0,,559,688,1247,83.15959099298925,83.15959099298925,,,1247.0,0.0,1.0,1.0
c5af4d63-5d24-402f-bf85-730f7caf6a7f,math:Orz57K,744,2026-04-23T03:01:12.237291Z,2026-04-23T03:02:33.670700Z,81.433409,1,True,True,False,0.0,0.0,0.012279972216317261,0.0,0.0,,579,227,806,80.69936868800141,80.69936868800141,,,806.0,0.0,1.0,1.0
ee59e832-023b-4b2e-a84f-f1efdcad154e,math:Orz57K,745,2026-04-23T03:01:14.181788Z,2026-04-23T03:02:35.669039Z,81.487251,1,True,True,False,0.0,0.0,0.01227185833032949,0.0,0.0,,592,356,948,80.75065312899824,80.75065312899824,,,948.0,0.0,1.0,1.0
af19a21d-43b9-4620-b265-b5f66ec28e4d,math:Orz57K,746,2026-04-23T03:01:17.591857Z,2026-04-23T03:02:39.650707Z,82.05885,1,True,True,True,1.0,1.0,0.01218637599722638,0.01218637599722638,0.0,,656,712,1368,81.33023949600465,81.33023949600465,,,1368.0,0.0,1.0,1.0
41f3beee-2d0e-4cba-95f8-3c0052264c3d,math:Orz57K,743,2026-04-23T03:01:19.726386Z,2026-04-23T03:02:43.817007Z,84.090621,1,True,True,False,0.0,0.0,0.011891932633010286,0.0,0.0,,559,688,1247,83.29059822000272,83.29059822000272,,,1247.0,0.0,1.0,1.0
22224f34-810d-430f-9099-f10abf1a658d,math:Orz57K,744,2026-04-23T03:01:23.447026Z,2026-04-23T03:02:44.998818Z,81.551792,1,True,True,False,0.0,0.0,0.012262146244438134,0.0,0.0,,579,227,806,80.84134540800005,80.84134540800005,,,806.0,0.0,1.0,1.0
527ec8a0-cf7c-4b5b-9016-4422cbe27888,math:Orz57K,745,2026-04-23T03:01:25.877547Z,2026-04-23T03:02:46.969339Z,81.091792,1,True,True,False,0.0,0.0,0.012331704298753196,0.0,0.0,,592,356,948,80.36525726498803,80.36525726498803,,,948.0,0.0,1.0,1.0
7ce8ab7f-8d88-4ebf-bd91-dd666c567248,math:Orz57K,746,2026-04-23T03:01:29.331003Z,2026-04-23T03:02:50.929460Z,81.598457,1,True,True,True,1.0,1.0,0.012255133696952138,0.012255133696952138,0.0,,656,712,1368,80.88581012899522,80.88581012899522,,,1368.0,0.0,1.0,1.0
f6997a42-a489-42c4-9990-d443a0f19f5a,math:Orz57K,747,2026-04-23T03:01:31.459200Z,2026-04-23T03:02:54.512926Z,83.053726,1,True,True,True,1.0,1.0,0.012040399006301054,0.012040399006301054,0.0,,919,584,1503,82.30844352900749,82.30844352900749,,,1503.0,0.0,1.0,1.0
8b5febd1-5f35-4684-80a6-28733f6fcf5d,math:Orz57K,744,2026-04-23T03:01:35.214979Z,2026-04-23T03:02:55.748415Z,80.533436,1,True,True,False,0.0,0.0,0.012417202713168728,0.0,0.0,,579,227,806,79.82348689700302,79.82348689700302,,,806.0,0.0,1.0,1.0
c75a1e50-4816-42a9-8f43-c49ee015b67f,math:Orz57K,745,2026-04-23T03:01:37.590077Z,2026-04-23T03:02:57.769980Z,80.179903,1,True,True,False,0.0,0.0,0.012471953227481456,0.0,0.0,,592,356,948,79.442834002999,79.442834002999,,,948.0,0.0,1.0,1.0
e039f798-b58d-4409-a7e3-dab033ee2133,math:Orz57K,746,2026-04-23T03:01:41.480130Z,2026-04-23T03:03:01.731003Z,80.250873,1,True,True,True,1.0,1.0,0.012460923633815174,0.012460923633815174,0.0,,656,712,1368,79.53069169500668,79.53069169500668,,,1368.0,0.0,1.0,1.0
1e2a7a6b-86c7-4938-901b-655791c4e4c4,math:Orz57K,747,2026-04-23T03:01:45.753266Z,2026-04-23T03:03:05.286368Z,79.533102,1,True,True,True,1.0,1.0,0.012573381080999457,0.012573381080999457,0.0,,919,584,1503,78.8046106390102,78.8046106390102,,,1503.0,0.0,1.0,1.0
507487d3-87e5-4974-98b1-e4f459455c6b,math:Orz57K,748,2026-04-23T03:01:48.041838Z,2026-04-23T03:03:29.504715Z,101.462877,1,True,True,False,0.0,0.0,0.009855821454777002,0.0,0.0,,615,4096,4711,100.7033932839986,100.7033932839986,,,4711.0,0.0,1.0,1.0
6b1885ba-9bd9-426c-a7a6-aaf0f97c4dea,math:Orz57K,745,2026-04-23T03:01:51.968569Z,2026-04-23T03:03:31.457004Z,99.488435,1,True,True,False,0.0,0.0,0.010051419544392272,0.0,0.0,,592,356,948,98.77718310800265,98.77718310800265,,,948.0,0.0,1.0,1.0
f3946a9d-5df1-4706-aabb-fde21340925b,math:Orz57K,746,2026-04-23T03:01:55.859625Z,2026-04-23T03:03:35.455925Z,99.5963,1,True,True,True,1.0,1.0,0.010040533634281595,0.010040533634281595,0.0,,656,712,1368,98.87068126500526,98.87068126500526,,,1368.0,0.0,1.0,1.0
a592f465-b1e3-4f2f-b5bb-2bd5252c6210,math:Orz57K,747,2026-04-23T03:01:59.571599Z,2026-04-23T03:03:38.788177Z,99.216578,1,True,True,True,1.0,1.0,0.010078960796249191,0.010078960796249191,0.0,,919,584,1503,98.4712944769999,98.4712944769999,,,1503.0,0.0,1.0,1.0
ced1055e-4f72-4d74-a87b-cf0a36b95400,math:Orz57K,748,2026-04-23T03:02:01.914677Z,2026-04-23T03:04:02.890777Z,120.9761,1,True,True,False,0.0,0.0,0.008266095534572531,0.0,0.0,,615,4096,4711,120.26081660699856,120.26081660699856,,,4711.0,0.0,1.0,1.0
e261b6c2-95e7-4418-a89e-2462b1b13c9a,math:Orz57K,749,2026-04-23T03:02:05.767383Z,2026-04-23T03:04:05.825070Z,120.057687,1,True,True,False,0.0,0.0,0.00832932921654571,0.0,0.0,,627,510,1137,119.29288673200062,119.29288673200062,,,1137.0,0.0,1.0,1.0
e6ae7066-05c0-4c44-998a-a9d2fafc1f40,math:Orz57K,746,2026-04-23T03:02:09.634520Z,2026-04-23T03:04:09.807666Z,120.173146,1,True,True,True,1.0,1.0,0.008321326629827932,0.008321326629827932,0.0,,656,712,1368,119.44394634799391,119.44394634799391,,,1368.0,0.0,1.0,1.0
eef5979a-0ebf-4993-8330-0ac11c2be676,math:Orz57K,747,2026-04-23T03:02:10.862746Z,2026-04-23T03:04:13.085383Z,122.222637,1,True,True,True,1.0,1.0,0.008181790415796707,0.008181790415796707,0.0,,919,584,1503,121.51063058999716,121.51063058999716,,,1503.0,0.0,1.0,1.0
946ae1c1-11df-48d1-b74e-6efb8fbebad8,math:Orz57K,748,2026-04-23T03:02:13.238460Z,2026-04-23T03:04:37.257088Z,144.018628,1,True,True,False,0.0,0.0,0.006943546219590427,0.0,0.0,,615,4096,4711,143.31329094000102,143.31329094000102,,,4711.0,0.0,1.0,1.0
e604a4b5-58a9-451d-98a5-c285c50bd86c,math:Orz57K,749,2026-04-23T03:02:17.072259Z,2026-04-23T03:04:40.141698Z,143.069439,1,True,True,False,0.0,0.0,0.0069896129249517784,0.0,0.0,,627,510,1137,142.33557756298978,142.33557756298978,,,1137.0,0.0,1.0,1.0
f143df5f-34d8-472c-a8f7-25ff1ce3bf36,math:Orz57K,750,2026-04-23T03:02:20.951681Z,2026-04-23T03:04:50.744491Z,149.79281,1,True,True,False,0.0,0.0,0.006675887848021544,0.0,0.0,,576,1874,2450,148.98314851999748,148.98314851999748,,,2450.0,0.0,1.0,1.0
ee76a31b-fa1e-40e9-8073-bd38ff19d8e0,math:Orz57K,747,2026-04-23T03:02:21.198420Z,2026-04-23T03:04:53.983674Z,152.785254,1,True,True,True,1.0,1.0,0.006545134257524616,0.006545134257524616,0.0,,919,584,1503,152.03071066600387,152.03071066600387,,,1503.0,0.0,1.0,1.0
7d881cd3-8a2c-4366-9745-bc46325c9af2,math:Orz57K,748,2026-04-23T03:02:22.450033Z,2026-04-23T03:05:18.031614Z,175.581581,1,True,True,False,0.0,0.0,0.005695358216417928,0.0,0.0,,615,4096,4711,174.86152160199708,174.86152160199708,,,4711.0,0.0,1.0,1.0
a0f1257e-38d0-43ab-8793-6cb1578091d0,math:Orz57K,749,2026-04-23T03:02:24.445730Z,2026-04-23T03:05:20.875478Z,176.429748,1,True,True,False,0.0,0.0,0.005667978395570797,0.0,0.0,,627,510,1137,175.70701435999945,175.70701435999945,,,1137.0,0.0,1.0,1.0
e4ab7930-9383-430b-a1c1-e968e2cca8fa,math:Orz57K,750,2026-04-23T03:02:28.323962Z,2026-04-23T03:05:31.624076Z,183.300114,1,True,True,False,0.0,0.0,0.005455533977463865,0.0,0.0,,576,1874,2450,182.49629663200176,182.49629663200176,,,2450.0,0.0,1.0,1.0
e7276953-6287-46f8-9bfd-8bf9017d6120,math:Orz57K,751,2026-04-23T03:02:32.199370Z,2026-04-23T03:05:33.772458Z,181.573088,1,True,True,True,1.0,1.0,0.005507424095799923,0.005507424095799923,0.0,,712,391,1103,180.81837573200755,180.81837573200755,,,1103.0,0.0,1.0,1.0
a4fb4a5b-36fe-4e9f-b4ea-b064ba7f9b13,math:Orz57K,748,2026-04-23T03:02:32.415009Z,2026-04-23T03:05:57.726911Z,205.311902,1,True,True,False,0.0,0.0,0.0048706382350887775,0.0,0.0,,615,4096,4711,204.5759382709948,204.5759382709948,,,4711.0,0.0,1.0,1.0
cec298be-ae97-47b3-bc5b-db88e29b9a92,math:Orz57K,749,2026-04-23T03:02:33.696600Z,2026-04-23T03:06:00.583459Z,206.886859,1,True,True,False,0.0,0.0,0.004833559776747348,0.0,0.0,,627,510,1137,206.15669165400323,206.15669165400323,,,1137.0,0.0,1.0,1.0
44259546-369c-4c5c-87ae-015e4e00c6ff,math:Orz57K,750,2026-04-23T03:02:35.692755Z,2026-04-23T03:06:11.249949Z,215.557194,1,True,True,False,0.0,0.0,0.004639139995485374,0.0,0.0,,576,1874,2450,214.74886351299938,214.74886351299938,,,2450.0,0.0,1.0,1.0
c2845d20-1158-4110-be44-758223702700,math:Orz57K,751,2026-04-23T03:02:39.677646Z,2026-04-23T03:06:13.349880Z,213.672234,1,True,True,True,1.0,1.0,0.004680065262948484,0.004680065262948484,0.0,,712,391,1103,212.96250470999803,212.96250470999803,,,1103.0,0.0,1.0,1.0
683a9556-5d88-42d1-a93a-ebc1a5672231,math:Orz57K,752,2026-04-23T03:02:39.961830Z,2026-04-23T03:06:16.412087Z,216.450257,1,True,True,True,1.0,1.0,0.004619999134489362,0.004619999134489362,0.0,,695,536,1231,215.67778669600375,215.67778669600375,,,1231.0,0.0,1.0,1.0
515dc73f-132e-4f95-8c59-503ff14fc098,math:Orz57K,749,2026-04-23T03:02:43.843453Z,2026-04-23T03:06:19.163075Z,215.319622,1,True,True,False,0.0,0.0,0.004644258571102265,0.0,0.0,,627,510,1137,214.60343014799582,214.60343014799582,,,1137.0,0.0,1.0,1.0
b0817584-e6c6-412f-8189-653fd2208385,math:Orz57K,750,2026-04-23T03:02:45.022441Z,2026-04-23T03:06:29.903489Z,224.881048,1,True,True,False,0.0,0.0,0.004446795356449958,0.0,0.0,,576,1874,2450,224.07627445699472,224.07627445699472,,,2450.0,0.0,1.0,1.0
31a85fab-0493-4719-9160-ba9701ec1e82,math:Orz57K,751,2026-04-23T03:02:46.993255Z,2026-04-23T03:06:32.054624Z,225.061369,1,True,True,True,1.0,1.0,0.004443232547830098,0.004443232547830098,0.0,,712,391,1103,224.31916772499972,224.31916772499972,,,1103.0,0.0,1.0,1.0
88008c5f-a46e-47c4-bb35-9b74ce21199b,math:Orz57K,752,2026-04-23T03:02:50.953688Z,2026-04-23T03:06:35.024870Z,224.071182,1,True,True,True,1.0,1.0,0.004462867518590588,0.004462867518590588,0.0,,695,536,1231,223.36051533299906,223.36051533299906,,,1231.0,0.0,1.0,1.0
a3808380-7610-408d-90af-7ffe91c04417,math:Orz57K,753,2026-04-23T03:02:51.219664Z,2026-04-23T03:06:36.174018Z,224.954354,1,True,True,False,0.0,0.0,0.004445346276782889,0.0,0.0,,562,205,767,224.24143066300894,224.24143066300894,,,767.0,0.0,1.0,1.0
6232a74d-6c3b-40eb-b314-e6f3a0e10d8b,math:Orz57K,750,2026-04-23T03:02:54.537489Z,2026-04-23T03:06:46.828680Z,232.291191,1,True,True,False,0.0,0.0,0.004304941550710806,0.0,0.0,,576,1874,2450,231.46623473899672,231.46623473899672,,,2450.0,0.0,1.0,1.0
2ed2bfe4-039a-40e5-b283-8aab50662e7b,math:Orz57K,751,2026-04-23T03:02:55.773328Z,2026-04-23T03:06:48.887396Z,233.114068,1,True,True,True,1.0,1.0,0.004289745396232372,0.004289745396232372,0.0,,712,391,1103,232.3808342669945,232.3808342669945,,,1103.0,0.0,1.0,1.0
6b89a895-171d-4f1d-876f-4ba41659e0e3,math:Orz57K,752,2026-04-23T03:02:57.801636Z,2026-04-23T03:06:51.897803Z,234.096167,1,True,True,True,1.0,1.0,0.004271748712570762,0.004271748712570762,0.0,,695,536,1231,233.3683985719981,233.3683985719981,,,1231.0,0.0,1.0,1.0
36e46f6b-1687-4c9b-8dc8-42376f06f59a,math:Orz57K,753,2026-04-23T03:03:01.754620Z,2026-04-23T03:06:53.045022Z,231.290402,1,True,True,False,0.0,0.0,0.004323568947750802,0.0,0.0,,562,205,767,230.56581981400086,230.56581981400086,,,767.0,0.0,1.0,1.0
17912c15-2c45-4f45-86cc-a62909ed42f5,math:Orz57K,754,2026-04-23T03:03:02.014195Z,2026-04-23T03:06:53.569481Z,231.555286,1,True,True,False,0.0,0.0,0.00431862306956793,0.0,0.0,,559,94,653,230.83877363600186,230.83877363600186,,,653.0,0.0,1.0,1.0
5bf9d45a-0083-4d48-a602-502d04e2dd55,math:Orz57K,751,2026-04-23T03:03:05.312176Z,2026-04-23T03:06:55.784992Z,230.472816,1,True,True,True,1.0,1.0,0.004338906502535206,0.004338906502535206,0.0,,712,391,1103,229.7421117269987,229.7421117269987,,,1103.0,0.0,1.0,1.0
03909daa-4854-47b8-815f-8ce2b7b530cc,math:Orz57K,752,2026-04-23T03:03:29.531041Z,2026-04-23T03:06:58.776675Z,209.245634,1,True,True,True,1.0,1.0,0.004779072236221665,0.004779072236221665,0.0,,695,536,1231,208.52788905300258,208.52788905300258,,,1231.0,0.0,1.0,1.0
293911fe-8d5b-4f71-b6a1-dda814c2d943,math:Orz57K,753,2026-04-23T03:03:31.482697Z,2026-04-23T03:06:59.937019Z,208.454322,1,True,True,False,0.0,0.0,0.004797214039054561,0.0,0.0,,562,205,767,207.73795193299884,207.73795193299884,,,767.0,0.0,1.0,1.0
e5eff188-d35f-4b69-93d3-29561ae8863f,math:Orz57K,754,2026-04-23T03:03:35.480851Z,2026-04-23T03:07:00.508788Z,205.027937,1,True,True,False,0.0,0.0,0.0048773841000994906,0.0,0.0,,559,94,653,204.2730251650064,204.2730251650064,,,653.0,0.0,1.0,1.0
fab2d4ce-c193-48a2-a078-7d5fb400f28e,math:Orz57K,755,2026-04-23T03:03:38.814423Z,2026-04-23T03:07:02.876054Z,204.061631,1,True,True,False,0.0,0.0,0.004900480286761993,0.0,0.0,,581,428,1009,203.34457351299352,203.34457351299352,,,1009.0,0.0,1.0,1.0
46760093-db0f-4235-86ff-1612a14d5dbb,math:Orz57K,752,2026-04-23T03:04:02.914731Z,2026-04-23T03:07:05.905941Z,182.99121,1,True,True,True,1.0,1.0,0.0054647433611701894,0.0054647433611701894,0.0,,695,536,1231,182.24034648400266,182.24034648400266,,,1231.0,0.0,1.0,1.0
e518d4ff-012f-476d-804f-3ba798403b6c,math:Orz57K,753,2026-04-23T03:04:05.850269Z,2026-04-23T03:07:07.079267Z,181.228998,1,True,True,False,0.0,0.0,0.005517880753277685,0.0,0.0,,562,205,767,180.45897895700182,180.45897895700182,,,767.0,0.0,1.0,1.0
9e0fa788-4ea8-4a3b-ae1e-5aa2094d326e,math:Orz57K,754,2026-04-23T03:04:09.832848Z,2026-04-23T03:07:07.575061Z,177.742213,1,True,True,False,0.0,0.0,0.005626125516958653,0.0,0.0,,559,94,653,177.0099355209968,177.0099355209968,,,653.0,0.0,1.0,1.0
4f13dc2f-7f74-446a-ad73-0ffe4c3424df,math:Orz57K,755,2026-04-23T03:04:13.111148Z,2026-04-23T03:07:09.946768Z,176.83562,1,True,True,False,0.0,0.0,0.005654969287296303,0.0,0.0,,581,428,1009,176.12173125101253,176.12173125101253,,,1009.0,0.0,1.0,1.0
9b61f4e5-99ad-48d4-9708-7b9cf2535c1a,math:Orz57K,756,2026-04-23T03:04:37.280945Z,2026-04-23T03:07:10.664097Z,153.383152,1,True,True,False,0.0,0.0,0.006519620877265582,0.0,0.0,,560,127,687,152.667857997003,152.667857997003,,,687.0,0.0,1.0,1.0
9c52302f-67f4-4e98-ad0e-990d4621d61a,math:Orz57K,753,2026-04-23T03:04:40.167097Z,2026-04-23T03:07:11.813233Z,151.646136,1,True,True,False,0.0,0.0,0.006594299244129767,0.0,0.0,,562,205,767,150.93098025598738,150.93098025598738,,,767.0,0.0,1.0,1.0
7d2641d8-fedd-4287-b4f1-f06f195f0d00,math:Orz57K,754,2026-04-23T03:04:50.770616Z,2026-04-23T03:07:12.350712Z,141.580096,1,True,True,False,0.0,0.0,0.007063139722690964,0.0,0.0,,559,94,653,140.86207096499857,140.86207096499857,,,653.0,0.0,1.0,1.0
f7a492b1-3eab-4be3-ad2c-8eb7c421cb02,math:Orz57K,755,2026-04-23T03:04:54.010606Z,2026-04-23T03:07:14.781278Z,140.770672,1,True,True,False,0.0,0.0,0.007103752406609241,0.0,0.0,,581,428,1009,140.0158673429978,140.0158673429978,,,1009.0,0.0,1.0,1.0
3e102343-6886-4a74-accc-a5264a87a4ca,math:Orz57K,756,2026-04-23T03:05:18.056718Z,2026-04-23T03:07:15.459400Z,117.402682,1,True,True,False,0.0,0.0,0.008517692977405747,0.0,0.0,,560,127,687,116.6871148890059,116.6871148890059,,,687.0,0.0,1.0,1.0
25036a22-6afd-4d0c-b375-9ed53e596b7e,math:Orz57K,757,2026-04-23T03:05:20.900236Z,2026-04-23T03:07:19.842798Z,118.942562,1,True,True,False,0.0,0.0,0.008407419372722104,0.0,0.0,,672,785,1457,118.18910256400704,118.18910256400704,,,1457.0,0.0,1.0,1.0
4db14ade-57f8-4f28-ae92-0ac85b33a04f,math:Orz57K,754,2026-04-23T03:05:31.648736Z,2026-04-23T03:07:20.363319Z,108.714583,1,True,True,False,0.0,0.0,0.009198397973894634,0.0,0.0,,559,94,653,107.97319163299107,107.97319163299107,,,653.0,0.0,1.0,1.0
c8370592-2392-4d61-92c1-7f6776d2ccb7,math:Orz57K,755,2026-04-23T03:05:33.797631Z,2026-04-23T03:07:22.779785Z,108.982154,1,True,True,False,0.0,0.0,0.009175814234686535,0.0,0.0,,581,428,1009,108.229330992006,108.229330992006,,,1009.0,0.0,1.0,1.0
6322763e-ad2d-4e13-b240-fe840e3603d8,math:Orz57K,756,2026-04-23T03:05:57.752684Z,2026-04-23T03:07:23.458628Z,85.705944,1,True,True,False,0.0,0.0,0.011667802177174549,0.0,0.0,,560,127,687,84.99079820899351,84.99079820899351,,,687.0,0.0,1.0,1.0
cf997532-619f-4cfd-8eae-895e18ed7102,math:Orz57K,757,2026-04-23T03:06:00.611025Z,2026-04-23T03:07:27.896783Z,87.285758,1,True,True,False,0.0,0.0,0.011456622740218398,0.0,0.0,,672,785,1457,86.53544864599826,86.53544864599826,,,1457.0,0.0,1.0,1.0
2f0e938c-2a9e-4d5b-b543-c77b0d59c09e,math:Orz57K,758,2026-04-23T03:06:11.275020Z,2026-04-23T03:07:29.076951Z,77.801931,1,True,True,False,0.0,0.0,0.012853151421138893,0.0,0.0,,601,214,815,77.08317626899225,77.08317626899225,,,815.0,0.0,1.0,1.0
5bcfac31-dbb1-4c54-b743-cae6629dd243,math:Orz57K,755,2026-04-23T03:06:13.374563Z,2026-04-23T03:07:31.473151Z,78.098588,1,True,True,False,0.0,0.0,0.01280432880553487,0.0,0.0,,581,428,1009,77.37465911499748,77.37465911499748,,,1009.0,0.0,1.0,1.0
32c26082-0662-4cf3-ba75-a9157281d2f2,math:Orz57K,756,2026-04-23T03:06:16.437382Z,2026-04-23T03:07:32.206371Z,75.768989,1,True,True,False,0.0,0.0,0.013198011656193538,0.0,0.0,,560,127,687,75.02955854199536,75.02955854199536,,,687.0,0.0,1.0,1.0
f792f2c4-02a3-49e8-9703-8b7c2df4b332,math:Orz57K,757,2026-04-23T03:06:19.188744Z,2026-04-23T03:07:36.627397Z,77.438653,1,True,True,False,0.0,0.0,0.012913447758446935,0.0,0.0,,672,785,1457,76.66256708098808,76.66256708098808,,,1457.0,0.0,1.0,1.0
8d021661-776d-4519-a69b-feebebb08b72,math:Orz57K,758,2026-04-23T03:06:29.929983Z,2026-04-23T03:07:37.757231Z,67.827248,1,True,True,False,0.0,0.0,0.014743337367896748,0.0,0.0,,601,214,815,67.12692854899797,67.12692854899797,,,815.0,0.0,1.0,1.0
0a24b746-077f-4183-9962-679c69d5bacb,math:Orz57K,759,2026-04-23T03:06:32.079413Z,2026-04-23T03:07:38.902904Z,66.823491,1,True,True,False,0.0,0.0,0.014964797334518186,0.0,0.0,,580,198,778,66.094348514991,66.094348514991,,,778.0,0.0,1.0,1.0
8e4fa486-83ec-4ede-a871-ee44f36950c0,math:Orz57K,756,2026-04-23T03:06:35.048754Z,2026-04-23T03:07:39.631431Z,64.582677,1,True,True,False,0.0,0.0,0.015484028325428504,0.0,0.0,,560,127,687,63.842338126996765,63.842338126996765,,,687.0,0.0,1.0,1.0
2d50dc41-e2e8-418a-99af-9aecc286ef3d,math:Orz57K,757,2026-04-23T03:06:36.198892Z,2026-04-23T03:07:44.067874Z,67.868982,1,True,True,False,0.0,0.0,0.014734271393668464,0.0,0.0,,672,785,1457,67.0854108880012,67.0854108880012,,,1457.0,0.0,1.0,1.0
be54282d-09a2-4d61-8ece-7e7b3b01e252,math:Orz57K,758,2026-04-23T03:06:46.854167Z,2026-04-23T03:07:45.228171Z,58.374004,1,True,True,False,0.0,0.0,0.017130913274340406,0.0,0.0,,601,214,815,57.62974657998711,57.62974657998711,,,815.0,0.0,1.0,1.0
4d3e98b7-5394-465b-b28a-668fd86a5d3b,math:Orz57K,759,2026-04-23T03:06:48.912437Z,2026-04-23T03:07:46.329140Z,57.416703,1,True,True,False,0.0,0.0,0.017416534697229133,0.0,0.0,,580,198,778,56.68299943699094,56.68299943699094,,,778.0,0.0,1.0,1.0
91ff2282-4ad8-487e-bf77-b7d8a42469f2,math:Orz57K,760,2026-04-23T03:06:51.923532Z,2026-04-23T03:08:49.808013Z,117.884481,1,True,True,True,1.0,1.0,0.008482880795819088,0.008482880795819088,0.0,,1357,190,1547,115.4228750080074,115.4228750080074,,,1547.0,0.0,1.0,1.0
189e4ad7-920f-4cf8-b885-eee514850920,math:Orz57K,757,2026-04-23T03:06:53.069404Z,2026-04-23T03:07:51.585863Z,58.516459,1,True,True,False,0.0,0.0,0.017089209037751244,0.0,0.0,,672,785,1457,57.74446418200387,57.74446418200387,,,1457.0,0.0,1.0,1.0
9cc328c0-ce45-4a90-87ec-44240e31012e,math:Orz57K,758,2026-04-23T03:06:53.596073Z,2026-04-23T03:07:52.757122Z,59.161049,1,True,True,False,0.0,0.0,0.016903013332302475,0.0,0.0,,601,214,815,58.42176649499743,58.42176649499743,,,815.0,0.0,1.0,1.0
acc1e6cd-a6ee-4061-8260-6e3ccd3b90e8,math:Orz57K,759,2026-04-23T03:06:55.809151Z,2026-04-23T03:07:53.830257Z,58.021106,1,True,True,False,0.0,0.0,0.01723510751415183,0.0,0.0,,580,198,778,57.320786438009236,57.320786438009236,,,778.0,0.0,1.0,1.0
825a0535-43ca-4e92-b08c-41b5e9c70faf,math:Orz57K,760,2026-04-23T03:06:58.801603Z,2026-04-23T03:08:57.455191Z,118.653588,1,True,True,True,1.0,1.0,0.008427895159815985,0.008427895159815985,0.0,,1357,190,1547,116.15040135200252,116.15040135200252,,,1547.0,0.0,1.0,1.0
29454eb8-3b9b-48a6-b95d-d9ee385954e2,math:Orz57K,761,2026-04-23T03:06:59.963255Z,2026-04-23T03:07:55.877799Z,55.914544,1,True,True,False,0.0,0.0,0.017884434504196262,0.0,0.0,,612,197,809,55.14033824100625,55.14033824100625,,,809.0,0.0,1.0,1.0
4b8026a8-9fa3-403b-86a6-3a9822d0e0f9,math:Orz57K,758,2026-04-23T03:07:00.534693Z,2026-04-23T03:07:57.060235Z,56.525542,1,True,True,False,0.0,0.0,0.017691117406711466,0.0,0.0,,601,214,815,55.80757774399535,55.80757774399535,,,815.0,0.0,1.0,1.0
983ae1e7-5f37-43b7-892f-57453172d72b,math:Orz57K,759,2026-04-23T03:07:02.899894Z,2026-04-23T03:07:58.191405Z,55.291511,1,True,True,False,0.0,0.0,0.01808595898202167,0.0,0.0,,580,198,778,54.558197475009365,54.558197475009365,,,778.0,0.0,1.0,1.0
85eb196b-612d-40a7-b971-1ad86512b65d,math:Orz57K,760,2026-04-23T03:07:05.931408Z,2026-04-23T03:09:03.939361Z,118.007953,1,True,True,True,1.0,1.0,0.008474005137602887,0.008474005137602887,0.0,,1357,190,1547,115.4031964949827,115.4031964949827,,,1547.0,0.0,1.0,1.0
4b48dc35-80ce-494f-9f19-fc3f8f53be58,math:Orz57K,761,2026-04-23T03:07:07.103112Z,2026-04-23T03:08:00.180614Z,53.077502,1,True,True,False,0.0,0.0,0.01884037421354155,0.0,0.0,,612,197,809,52.33365104200493,52.33365104200493,,,809.0,0.0,1.0,1.0
343ede1e-e16e-4636-9fe2-7016bad02b3e,math:Orz57K,762,2026-04-23T03:07:07.600337Z,2026-04-23T03:08:04.224427Z,56.62409,1,True,True,False,0.0,0.0,0.01766032796288647,0.0,0.0,,669,716,1385,55.86871023400454,55.86871023400454,,,1385.0,0.0,1.0,1.0
5ebd15ac-d998-4cb0-b27a-752072671f2e,math:Orz57K,759,2026-04-23T03:07:09.973439Z,2026-04-23T03:08:05.297414Z,55.323975,1,True,True,False,0.0,0.0,0.01807534617677056,0.0,0.0,,580,198,778,54.606060371996136,54.606060371996136,,,778.0,0.0,1.0,1.0
26f9a542-a9c5-4537-8782-fa5e6ec1e31f,math:Orz57K,760,2026-04-23T03:07:10.689671Z,2026-04-23T03:09:13.572745Z,122.883074,1,True,True,True,1.0,1.0,0.008137817255450494,0.008137817255450494,0.0,,1357,190,1547,120.42610257898923,120.42610257898923,,,1547.0,0.0,1.0,1.0
8eaa403c-dee5-485d-be24-43fea1458538,math:Orz57K,761,2026-04-23T03:07:11.840565Z,2026-04-23T03:08:07.304979Z,55.464414,1,True,True,False,0.0,0.0,0.018029578388766534,0.0,0.0,,612,197,809,54.70694921100221,54.70694921100221,,,809.0,0.0,1.0,1.0
2ce2e0d9-df31-4b7a-bccb-069cff5595ce,math:Orz57K,762,2026-04-23T03:07:12.376042Z,2026-04-23T03:08:11.330224Z,58.954182,1,True,True,False,0.0,0.0,0.01696232508153535,0.0,0.0,,669,716,1385,58.200929472994176,58.200929472994176,,,1385.0,0.0,1.0,1.0
f8dcc15b-02f2-47c7-8888-3e58f7c5c4b9,math:Orz57K,763,2026-04-23T03:07:14.807235Z,2026-04-23T03:08:13.243155Z,58.43592,1,True,True,False,0.0,0.0,0.01711276215040338,0.0,0.0,,607,342,949,57.69188621100329,57.69188621100329,,,949.0,0.0,1.0,1.0
79fe4102-6936-4824-bff4-7a152346d23c,math:Orz57K,760,2026-04-23T03:07:15.484690Z,2026-04-23T03:09:21.196241Z,125.711551,1,True,True,True,1.0,1.0,0.007954718496791118,0.007954718496791118,0.0,,1357,190,1547,123.26259791600751,123.26259791600751,,,1547.0,0.0,1.0,1.0
015bec86-7930-41bc-999a-a7a6e3301c1c,math:Orz57K,761,2026-04-23T03:07:19.868015Z,2026-04-23T03:08:15.205986Z,55.337971,1,True,True,False,0.0,0.0,0.018070774586223987,0.0,0.0,,612,197,809,54.60293131299841,54.60293131299841,,,809.0,0.0,1.0,1.0
d64b1063-3f2c-43bc-b945-976bcc7fbec9,math:Orz57K,762,2026-04-23T03:07:20.389033Z,2026-04-23T03:08:19.269152Z,58.880119,1,True,True,False,0.0,0.0,0.01698366132717904,0.0,0.0,,669,716,1385,58.10390829401149,58.10390829401149,,,1385.0,0.0,1.0,1.0
707e2651-5e3d-4333-9024-c13dc1f86deb,math:Orz57K,763,2026-04-23T03:07:22.806014Z,2026-04-23T03:08:21.149622Z,58.343608,1,True,True,False,0.0,0.0,0.017139838180730955,0.0,0.0,,607,342,949,57.558972447994165,57.558972447994165,,,949.0,0.0,1.0,1.0
0e7333c5-53df-4214-a2d9-b1d60d844f24,math:Orz57K,764,2026-04-23T03:07:23.485270Z,2026-04-23T03:08:23.861475Z,60.376205,1,True,True,True,1.0,1.0,0.016562816427431966,0.016562816427431966,0.0,,783,484,1267,59.62547770899255,59.62547770899255,,,1267.0,0.0,1.0,1.0
175ca3a7-cc50-46b8-9052-1c085c7c2c9f,math:Orz57K,761,2026-04-23T03:07:27.922246Z,2026-04-23T03:08:24.937439Z,57.015193,1,True,True,False,0.0,0.0,0.017539184687141197,0.0,0.0,,612,197,809,56.31183346400212,56.31183346400212,,,809.0,0.0,1.0,1.0
07f7a7f0-d239-4a68-bf37-487ead7f04ee,math:Orz57K,762,2026-04-23T03:07:29.101396Z,2026-04-23T03:08:29.033459Z,59.932063,1,True,True,False,0.0,0.0,0.016685559447536455,0.0,0.0,,669,716,1385,59.17741431199829,59.17741431199829,,,1385.0,0.0,1.0,1.0
a9ae52da-8a53-498c-9db4-7c03731e58b0,math:Orz57K,763,2026-04-23T03:07:31.499036Z,2026-04-23T03:08:30.961958Z,59.462922,1,True,True,False,0.0,0.0,0.016817202491327284,0.0,0.0,,607,342,949,58.70076737999625,58.70076737999625,,,949.0,0.0,1.0,1.0
f374f2f1-b9a8-44b3-9291-252275ae98f1,math:Orz57K,764,2026-04-23T03:07:32.231615Z,2026-04-23T03:08:33.674315Z,61.4427,1,True,True,True,1.0,1.0,0.016275326442360117,0.016275326442360117,0.0,,783,484,1267,60.71834514901275,60.71834514901275,,,1267.0,0.0,1.0,1.0
3cc60a78-d2e6-4b1f-9065-c18cd264935c,math:Orz57K,765,2026-04-23T03:07:36.653258Z,2026-04-23T03:08:34.398542Z,57.745284,1,True,True,False,0.0,0.0,0.017317431497955747,0.0,0.0,,649,124,773,57.00436947699927,57.00436947699927,,,773.0,0.0,1.0,1.0
fca1af76-ffd4-40f6-a84e-3051b9c3f051,math:Orz57K,762,2026-04-23T03:07:37.784209Z,2026-04-23T03:08:38.482504Z,60.698295,1,True,True,False,0.0,0.0,0.01647492734351105,0.0,0.0,,669,716,1385,59.89927610299492,59.89927610299492,,,1385.0,0.0,1.0,1.0
389b1e6e-911f-45dd-89bf-7e2b38a5a4fd,math:Orz57K,763,2026-04-23T03:07:38.925771Z,2026-04-23T03:08:40.360769Z,61.434998,1,True,True,False,0.0,0.0,0.016277366852034406,0.0,0.0,,607,342,949,60.679425084003014,60.679425084003014,,,949.0,0.0,1.0,1.0
61c58d46-5805-4061-979b-9c35c98f01c9,math:Orz57K,764,2026-04-23T03:07:39.655503Z,2026-04-23T03:08:43.070469Z,63.414966,1,True,True,True,1.0,1.0,0.015769148248064975,0.015769148248064975,0.0,,783,484,1267,62.672754443992744,62.672754443992744,,,1267.0,0.0,1.0,1.0
cf980abf-dbac-476a-a085-753c906c3a17,math:Orz57K,765,2026-04-23T03:07:44.092556Z,2026-04-23T03:08:43.751494Z,59.658938,1,True,True,False,0.0,0.0,0.016761947723574967,0.0,0.0,,649,124,773,58.94375442599994,58.94375442599994,,,773.0,0.0,1.0,1.0
b2b29d0f-9faa-4f84-b336-076e244ef52b,math:Orz57K,766,2026-04-23T03:07:45.252182Z,2026-04-23T03:08:47.729373Z,62.477191,1,True,True,True,1.0,1.0,0.01600584123572393,0.01600584123572393,0.0,,661,705,1366,61.72662807699817,61.72662807699817,,,1366.0,0.0,1.0,1.0
0b31518c-70d2-4fd2-b398-fe483350cdc9,math:Orz57K,763,2026-04-23T03:07:46.353838Z,2026-04-23T03:08:49.675522Z,63.321684,1,True,True,False,0.0,0.0,0.015792378484438284,0.0,0.0,,607,342,949,62.52436219099036,62.52436219099036,,,949.0,0.0,1.0,1.0
3d921503-bc00-4252-b808-0bfaa2a20b70,math:Orz57K,764,2026-04-23T03:07:51.617719Z,2026-04-23T03:08:52.556184Z,60.938465,1,True,True,True,1.0,1.0,0.016409996543234228,0.016409996543234228,0.0,,783,484,1267,60.20739359999425,60.20739359999425,,,1267.0,0.0,1.0,1.0
aa07dd96-de8a-4658-a652-f059808ac5e0,math:Orz57K,765,2026-04-23T03:07:52.782839Z,2026-04-23T03:08:53.253772Z,60.470933,1,True,True,False,0.0,0.0,0.01653687069786074,0.0,0.0,,649,124,773,59.75285985600203,59.75285985600203,,,773.0,0.0,1.0,1.0
45f31623-f7b7-4b65-b2dd-bb5b4fcd64d2,math:Orz57K,766,2026-04-23T03:07:53.855726Z,2026-04-23T03:08:57.212122Z,63.356396,1,True,True,True,1.0,1.0,0.015783726081893927,0.015783726081893927,0.0,,661,705,1366,62.629982124999515,62.629982124999515,,,1366.0,0.0,1.0,1.0
8bb4b59f-2f00-4534-ae3e-300f4e65c81e,math:Orz57K,767,2026-04-23T03:07:55.903477Z,2026-04-23T03:10:12.727690Z,136.824213,1,True,True,False,0.0,0.0,0.007308647921841145,0.0,0.0,,1783,604,2387,134.39612827499514,134.39612827499514,,,2387.0,0.0,1.0,1.0
061a9cb1-d689-4809-a701-6eaa843f3bec,math:Orz57K,764,2026-04-23T03:07:57.084298Z,2026-04-23T03:09:03.002026Z,65.917728,1,True,True,True,1.0,1.0,0.015170425776810754,0.015170425776810754,0.0,,783,484,1267,65.1793596560019,65.1793596560019,,,1267.0,0.0,1.0,1.0
d16461b3-cb96-40dc-8f75-8caef7bd1746,math:Orz57K,765,2026-04-23T03:07:58.216551Z,2026-04-23T03:09:03.697555Z,65.481004,1,True,True,False,0.0,0.0,0.015271604570998942,0.0,0.0,,649,124,773,64.75241418500082,64.75241418500082,,,773.0,0.0,1.0,1.0
2fb4a192-d928-4701-9c25-e5a67a57b38a,math:Orz57K,766,2026-04-23T03:08:00.207294Z,2026-04-23T03:09:07.886803Z,67.679509,1,True,True,True,1.0,1.0,0.014775520903971098,0.014775520903971098,0.0,,661,705,1366,66.94562433399551,66.94562433399551,,,1366.0,0.0,1.0,1.0
9a05679e-f5b0-4fff-b271-78c12f79a7f0,math:Orz57K,767,2026-04-23T03:08:04.249813Z,2026-04-23T03:10:18.732809Z,134.482996,1,True,True,False,0.0,0.0,0.007435884310608308,0.0,0.0,,1783,604,2387,132.00688265399367,132.00688265399367,,,2387.0,0.0,1.0,1.0
1fd34c3c-238d-45cd-8590-5be773b1c917,math:Orz57K,768,2026-04-23T03:08:05.322618Z,2026-04-23T03:09:13.303624Z,67.981006,1,True,True,True,1.0,1.0,0.014709991199600666,0.014709991199600666,0.0,,588,467,1055,67.25873941200553,67.25873941200553,,,1055.0,0.0,1.0,1.0
22ade057-4ddd-4e46-8818-68133d4764e3,math:Orz57K,765,2026-04-23T03:08:07.329834Z,2026-04-23T03:09:14.271537Z,66.941703,1,True,True,False,0.0,0.0,0.01493837107789146,0.0,0.0,,649,124,773,66.19322537600237,66.19322537600237,,,773.0,0.0,1.0,1.0
e97a3dc7-4298-40df-b4c2-1581fb1426dc,math:Orz57K,766,2026-04-23T03:08:11.354706Z,2026-04-23T03:09:18.212104Z,66.857398,1,True,True,True,1.0,1.0,0.014957207876980195,0.014957207876980195,0.0,,661,705,1366,66.1216100469901,66.1216100469901,,,1366.0,0.0,1.0,1.0
dd347b2e-39be-4d7b-8906-864d479e4d14,math:Orz57K,767,2026-04-23T03:08:13.268585Z,2026-04-23T03:10:25.225282Z,131.956697,1,True,True,False,0.0,0.0,0.007578243641548561,0.0,0.0,,1783,604,2387,129.42386997499852,129.42386997499852,,,2387.0,0.0,1.0,1.0
feaea4c9-4d1c-4451-af57-fe823872211a,math:Orz57K,768,2026-04-23T03:08:15.230444Z,2026-04-23T03:09:23.853941Z,68.623497,1,True,True,True,1.0,1.0,0.014572268154740059,0.014572268154740059,0.0,,588,467,1055,67.8903027070046,67.8903027070046,,,1055.0,0.0,1.0,1.0
fc1e242e-ab0e-410a-8bc3-3a62a7eb8fa8,math:Orz57K,769,2026-04-23T03:08:19.294632Z,2026-04-23T03:09:27.575991Z,68.281359,1,True,True,True,1.0,1.0,0.014645285545649436,0.014645285545649436,0.0,,582,666,1248,67.54978203499923,67.54978203499923,,,1248.0,0.0,1.0,1.0
a96ca1d7-b4f5-4a56-b3e6-082e5bd3733a,math:Orz57K,766,2026-04-23T03:08:21.174500Z,2026-04-23T03:09:31.545443Z,70.370943,1,True,True,True,1.0,1.0,0.014210410680442353,0.014210410680442353,0.0,,661,705,1366,69.64211524600978,69.64211524600978,,,1366.0,0.0,1.0,1.0
02c84ef5-98c7-45ba-aacc-8b758e5a67a9,math:Orz57K,767,2026-04-23T03:08:23.886966Z,2026-04-23T03:10:29.483461Z,125.596495,1,True,True,False,0.0,0.0,0.007962005627625198,0.0,0.0,,1783,604,2387,123.15249144501286,123.15249144501286,,,2387.0,0.0,1.0,1.0
7376f2cf-b475-4366-9200-3c9f1348c8c7,math:Orz57K,768,2026-04-23T03:08:24.961308Z,2026-04-23T03:09:36.993746Z,72.032438,1,True,True,True,1.0,1.0,0.013882634376473555,0.013882634376473555,0.0,,588,467,1055,71.28359035099857,71.28359035099857,,,1055.0,0.0,1.0,1.0
8bfd8930-88fa-4faa-b9bb-1efc0e2713e0,math:Orz57K,769,2026-04-23T03:08:29.059254Z,2026-04-23T03:09:40.690414Z,71.63116,1,True,True,True,1.0,1.0,0.013960404941089884,0.013960404941089884,0.0,,582,666,1248,70.89600951600005,70.89600951600005,,,1248.0,0.0,1.0,1.0
53aca716-132e-49bf-9eaf-a7a3a85c025b,math:Orz57K,770,2026-04-23T03:08:30.984699Z,2026-04-23T03:09:42.661461Z,71.676762,1,True,True,False,0.0,0.0,0.013951523089170798,0.0,0.0,,580,343,923,70.88698098198802,70.88698098198802,,,923.0,0.0,1.0,1.0
b65dacb3-0f9c-48ff-be0f-218779e31a3a,math:Orz57K,767,2026-04-23T03:08:33.700094Z,2026-04-23T03:10:33.381744Z,119.68165,1,True,True,False,0.0,0.0,0.008355499777952594,0.0,0.0,,1783,604,2387,117.24443613800395,117.24443613800395,,,2387.0,0.0,1.0,1.0
2c6408a7-15aa-4bef-ae1b-e74e73328fb8,math:Orz57K,768,2026-04-23T03:08:34.424125Z,2026-04-23T03:09:48.034960Z,73.610835,1,True,True,True,1.0,1.0,0.013584956616780669,0.013584956616780669,0.0,,588,467,1055,72.88201259099878,72.88201259099878,,,1055.0,0.0,1.0,1.0
2d3ab6a2-ff70-4048-a124-4e0a4a3b9a3a,math:Orz57K,769,2026-04-23T03:08:38.508731Z,2026-04-23T03:09:51.719846Z,73.211115,1,True,True,True,1.0,1.0,0.013659128125558528,0.013659128125558528,0.0,,582,666,1248,72.47693219000939,72.47693219000939,,,1248.0,0.0,1.0,1.0
99f933d9-8ae5-4c5f-a740-c826b1037378,math:Orz57K,770,2026-04-23T03:08:40.385798Z,2026-04-23T03:09:53.677664Z,73.291866,1,True,True,False,0.0,0.0,0.013644078866814497,0.0,0.0,,580,343,923,72.54936047700176,72.54936047700176,,,923.0,0.0,1.0,1.0
a93738f1-0232-4178-b13f-b644f0e7d5e5,math:Orz57K,771,2026-04-23T03:08:43.094492Z,2026-04-23T03:11:00.644613Z,137.550121,1,True,True,True,1.0,1.0,0.007270077210619103,0.007270077210619103,0.0,,1384,228,1612,135.07100389098923,135.07100389098923,,,1612.0,0.0,1.0,1.0
521bd3cb-c952-47d7-a410-e0c370fdfaea,math:Orz57K,768,2026-04-23T03:08:43.783863Z,2026-04-23T03:09:57.270716Z,73.486853,1,True,True,True,1.0,1.0,0.013607876227874393,0.013607876227874393,0.0,,588,467,1055,72.74419714898977,72.74419714898977,,,1055.0,0.0,1.0,1.0
4b62bd2b-28b8-4369-88cd-9278bc3c3092,math:Orz57K,769,2026-04-23T03:08:47.754542Z,2026-04-23T03:10:00.971864Z,73.217322,1,True,True,True,1.0,1.0,0.013657970172686731,0.013657970172686731,0.0,,582,666,1248,72.49914080899907,72.49914080899907,,,1248.0,0.0,1.0,1.0
5b27633b-7a70-4e38-bf99-bf17110b317e,math:Orz57K,770,2026-04-23T03:08:49.699367Z,2026-04-23T03:10:02.911901Z,73.212534,1,True,True,False,0.0,0.0,0.013658863385332351,0.0,0.0,,580,343,923,72.47151859800215,72.47151859800215,,,923.0,0.0,1.0,1.0
af24a8d3-8868-41cf-b094-a2beeea926f2,math:Orz57K,771,2026-04-23T03:08:49.833357Z,2026-04-23T03:11:28.021747Z,158.18839,1,True,True,True,1.0,1.0,0.0063215764443901356,0.0063215764443901356,0.0,,1384,228,1612,155.57818791398313,155.57818791398313,,,1612.0,0.0,1.0,1.0
ae3ede32-9026-4223-b41d-57f233ec3514,math:Orz57K,772,2026-04-23T03:08:52.582716Z,2026-04-23T03:10:05.504533Z,72.921817,1,True,True,False,0.0,0.0,0.013713317099599972,0.0,0.0,,573,297,870,72.20751720599947,72.20751720599947,,,870.0,0.0,1.0,1.0
cece015a-2e7d-4d2e-b448-1bef16a7f7d4,math:Orz57K,769,2026-04-23T03:08:53.278602Z,2026-04-23T03:10:09.285918Z,76.007316,1,True,True,True,1.0,1.0,0.013156628238260642,0.013156628238260642,0.0,,582,666,1248,75.2457571660052,75.2457571660052,,,1248.0,0.0,1.0,1.0
9adc267c-8f8f-48ce-aecb-4c4f183686f8,math:Orz57K,770,2026-04-23T03:08:57.237261Z,2026-04-23T03:10:11.205836Z,73.968575,1,True,True,False,0.0,0.0,0.013519254629415261,0.0,0.0,,580,343,923,73.20947644699481,73.20947644699481,,,923.0,0.0,1.0,1.0
ad574f4a-5911-4232-aaa0-4b8d7616b19d,math:Orz57K,771,2026-04-23T03:08:57.478727Z,2026-04-23T03:11:58.028251Z,180.549524,1,True,True,True,1.0,1.0,0.005538646559932222,0.005538646559932222,0.0,,1384,228,1612,177.9231279079977,177.9231279079977,,,1612.0,0.0,1.0,1.0
7507151a-b0b1-437d-8c50-85d892464362,math:Orz57K,772,2026-04-23T03:09:03.028187Z,2026-04-23T03:10:14.423791Z,71.395604,1,True,True,False,0.0,0.0,0.014006464599697201,0.0,0.0,,573,297,870,70.68105001200456,70.68105001200456,,,870.0,0.0,1.0,1.0
82d693d4-9c5b-4949-8255-389a08c9ebc8,math:Orz57K,773,2026-04-23T03:09:03.724233Z,2026-04-23T03:12:00.809073Z,177.08484,1,True,True,True,1.0,1.0,0.005647010777433009,0.005647010777433009,0.0,,1281,162,1443,174.53831322201586,174.53831322201586,,,1443.0,0.0,1.0,1.0
14c61fd8-bf98-4416-8969-754aa7522bd4,math:Orz57K,770,2026-04-23T03:09:03.962506Z,2026-04-23T03:10:17.146635Z,73.184129,1,True,True,False,0.0,0.0,0.013664164808192224,0.0,0.0,,580,343,923,72.40155327200773,72.40155327200773,,,923.0,0.0,1.0,1.0
f05d5691-4166-4d7a-84e9-b599e00b8c1a,math:Orz57K,771,2026-04-23T03:09:07.912151Z,2026-04-23T03:12:06.788267Z,178.876116,1,True,True,True,1.0,1.0,0.005590461277681141,0.005590461277681141,0.0,,1384,228,1612,176.24766084599833,176.24766084599833,,,1612.0,0.0,1.0,1.0
00bed8d0-2e82-4708-aa44-0adb956c7599,math:Orz57K,772,2026-04-23T03:09:13.328506Z,2026-04-23T03:10:20.348482Z,67.019976,1,True,True,False,0.0,0.0,0.0149209244718321,0.0,0.0,,573,297,870,66.28860283900576,66.28860283900576,,,870.0,0.0,1.0,1.0
7d4183b8-0319-453a-bae4-638ddfa30bac,math:Orz57K,773,2026-04-23T03:09:13.597848Z,2026-04-23T03:12:15.670236Z,182.072388,1,True,True,True,1.0,1.0,0.005492320999272004,0.005492320999272004,0.0,,1281,162,1443,179.58240684900375,179.58240684900375,,,1443.0,0.0,1.0,1.0
5ecec0ba-ab0d-4626-8fa3-dc307e39542e,math:Orz57K,774,2026-04-23T03:09:14.297039Z,2026-04-23T03:14:30.116601Z,315.819562,1,True,True,False,0.0,0.0,0.0031663649764671637,0.0,0.0,,2352,374,2726,311.48110123799415,311.48110123799415,,,2726.0,0.0,1.0,1.0
ab7d75eb-9899-47ce-a0f0-6424e3cd314c,math:Orz57K,771,2026-04-23T03:09:18.239954Z,2026-04-23T03:12:16.928739Z,178.688785,1,True,True,True,1.0,1.0,0.005596322119488361,0.005596322119488361,0.0,,1384,228,1612,176.17964507300348,176.17964507300348,,,1612.0,0.0,1.0,1.0
2dace350-ab4b-4bb4-b445-fb43445232fc,math:Orz57K,772,2026-04-23T03:09:21.219820Z,2026-04-23T03:10:24.593788Z,63.373968,1,True,True,False,0.0,0.0,0.015779349653472857,0.0,0.0,,573,297,870,62.6058139569941,62.6058139569941,,,870.0,0.0,1.0,1.0
220b3d86-72ee-477e-b6ef-73da6826714f,math:Orz57K,773,2026-04-23T03:09:23.879989Z,2026-04-23T03:12:23.273069Z,179.39308,1,True,True,True,1.0,1.0,0.005574351028478914,0.005574351028478914,0.0,,1281,162,1443,176.89298410298943,176.89298410298943,,,1443.0,0.0,1.0,1.0
03fb1a97-d853-4e74-ae29-0c17ce6815ce,math:Orz57K,774,2026-04-23T03:09:27.601739Z,2026-04-23T03:14:44.239449Z,316.63771,1,True,True,False,0.0,0.0,0.003158183527792694,0.0,0.0,,2352,374,2726,312.4434795929992,312.4434795929992,,,2726.0,0.0,1.0,1.0
1623e5e4-a31c-406f-9d29-df6d525fbf9d,math:Orz57K,775,2026-04-23T03:09:31.569501Z,2026-04-23T03:10:28.862156Z,57.292655,1,True,True,False,0.0,0.0,0.01745424435296287,0.0,0.0,,596,365,961,56.5457442390034,56.5457442390034,,,961.0,0.0,1.0,1.0
d023a0f1-1343-4ea8-b9d9-1b78de115aa5,math:Orz57K,772,2026-04-23T03:09:37.017942Z,2026-04-23T03:10:31.160487Z,54.142545,1,True,True,False,0.0,0.0,0.018469763473438497,0.0,0.0,,573,297,870,53.42504499599454,53.42504499599454,,,870.0,0.0,1.0,1.0
2da87dbb-0580-4a87-b5ee-343f76d41ffb,math:Orz57K,773,2026-04-23T03:09:40.715373Z,2026-04-23T03:13:01.093851Z,200.378478,1,True,True,True,1.0,1.0,0.004990555921878996,0.004990555921878996,0.0,,1281,162,1443,197.7897178629937,197.7897178629937,,,1443.0,0.0,1.0,1.0
1ca21cd5-2df5-46c9-a6cd-55fd9b2e1b8e,math:Orz57K,774,2026-04-23T03:09:42.687924Z,2026-04-23T03:15:08.598021Z,325.910097,1,True,True,False,0.0,0.0,0.003068330834806876,0.0,0.0,,2352,374,2726,321.56313474700437,321.56313474700437,,,2726.0,0.0,1.0,1.0
6617a4e8-ec0a-489f-ac3b-9784264f5513,math:Orz57K,775,2026-04-23T03:09:48.060236Z,2026-04-23T03:10:35.469429Z,47.409193,1,True,True,False,0.0,0.0,0.02109295553712547,0.0,0.0,,596,365,961,46.689848413996515,46.689848413996515,,,961.0,0.0,1.0,1.0
58bc5694-4c27-4ff1-8272-2a6f45a7e145,math:Orz57K,776,2026-04-23T03:09:51.745758Z,2026-04-23T03:10:59.553731Z,67.807973,1,True,True,False,0.0,0.0,0.014747528288450681,0.0,0.0,,671,4096,4767,67.07027154800016,67.07027154800016,,,4767.0,0.0,1.0,1.0
18634876-a90a-4509-89e0-9c254853a18b,math:Orz57K,773,2026-04-23T03:09:53.706939Z,2026-04-23T03:13:20.468693Z,206.761754,1,True,True,True,1.0,1.0,0.004836484410941881,0.004836484410941881,0.0,,1281,162,1443,204.1963083110022,204.1963083110022,,,1443.0,0.0,1.0,1.0
e9d087da-3af9-4db5-9a8b-6739e5fbc1f8,math:Orz57K,774,2026-04-23T03:09:57.294365Z,2026-04-23T03:15:23.921121Z,326.626756,1,True,True,False,0.0,0.0,0.003061598542159847,0.0,0.0,,2352,374,2726,322.36079539800994,322.36079539800994,,,2726.0,0.0,1.0,1.0
2cf14279-224a-47c4-9290-35546a87c126,math:Orz57K,775,2026-04-23T03:10:00.997275Z,2026-04-23T03:11:03.562095Z,62.56482,1,True,True,False,0.0,0.0,0.015983423272056086,0.0,0.0,,596,365,961,61.864720473997295,61.864720473997295,,,961.0,0.0,1.0,1.0
52276625-47a6-4480-bc96-e3e8ab8050bc,math:Orz57K,776,2026-04-23T03:10:02.935651Z,2026-04-23T03:11:27.633227Z,84.697576,1,True,True,False,0.0,0.0,0.011806713334983754,0.0,0.0,,671,4096,4767,83.95900617899315,83.95900617899315,,,4767.0,0.0,1.0,1.0
40b9f25d-91bb-4198-ab01-d89b11385b1a,math:Orz57K,777,2026-04-23T03:10:05.529383Z,2026-04-23T03:11:30.619860Z,85.090477,1,True,True,True,1.0,1.0,0.011752196429689775,0.011752196429689775,0.0,,621,459,1080,84.33055967999098,84.33055967999098,,,1080.0,0.0,1.0,1.0
22b5dfce-b657-423c-a81d-1f4605606a0d,math:Orz57K,774,2026-04-23T03:10:09.312119Z,2026-04-23T03:15:43.160651Z,333.848532,1,True,True,False,0.0,0.0,0.00299537036754141,0.0,0.0,,2352,374,2726,329.55402580299415,329.55402580299415,,,2726.0,0.0,1.0,1.0
c3a80e59-eafb-4f03-b24d-770031a7231b,math:Orz57K,775,2026-04-23T03:10:11.231129Z,2026-04-23T03:11:33.562536Z,82.331407,1,True,True,False,0.0,0.0,0.01214603316569095,0.0,0.0,,596,365,961,81.58252271200763,81.58252271200763,,,961.0,0.0,1.0,1.0
a25b48d6-3b8c-4dae-8792-a6b2e63c17e8,math:Orz57K,776,2026-04-23T03:10:12.752342Z,2026-04-23T03:11:57.629772Z,104.87743,1,True,True,False,0.0,0.0,0.009534939977076096,0.0,0.0,,671,4096,4767,104.14773495899863,104.14773495899863,,,4767.0,0.0,1.0,1.0
e067df3f-192b-4ad8-a300-25e679cf4204,math:Orz57K,777,2026-04-23T03:10:14.449793Z,2026-04-23T03:12:00.596030Z,106.146237,1,True,True,True,1.0,1.0,0.00942096515395077,0.00942096515395077,0.0,,621,459,1080,105.4008344909962,105.4008344909962,,,1080.0,0.0,1.0,1.0
b4752828-42cd-4d1d-8516-5062ca5fb87b,math:Orz57K,778,2026-04-23T03:10:17.171498Z,2026-04-23T03:12:04.396611Z,107.225113,1,True,True,False,0.0,0.0,0.009326173431031964,0.0,0.0,,594,638,1232,106.46770656699664,106.46770656699664,,,1232.0,0.0,1.0,1.0
797d954e-1e6d-4aac-9f90-7bd19dbfb319,math:Orz57K,775,2026-04-23T03:10:18.759013Z,2026-04-23T03:12:06.408346Z,107.649333,1,True,True,False,0.0,0.0,0.00928942123589377,0.0,0.0,,596,365,961,106.91951044899179,106.91951044899179,,,961.0,0.0,1.0,1.0
66945b9d-9fd2-432d-be6c-1de993880667,math:Orz57K,776,2026-04-23T03:10:20.372247Z,2026-04-23T03:12:15.486555Z,115.114308,1,True,True,False,0.0,0.0,0.00868701742966652,0.0,0.0,,671,1540,2211,114.33537628799968,114.33537628799968,,,2211.0,0.0,1.0,1.0
419d3c0c-0366-4829-ad86-ab7187e92a35,math:Orz57K,777,2026-04-23T03:10:24.619175Z,2026-04-23T03:12:19.540403Z,114.921228,1,True,True,True,1.0,1.0,0.008701612551512241,0.008701612551512241,0.0,,621,459,1080,114.18826341000386,114.18826341000386,,,1080.0,0.0,1.0,1.0
bb917544-67d5-4753-910f-a4cce65b0a82,math:Orz57K,778,2026-04-23T03:10:25.250359Z,2026-04-23T03:12:23.062544Z,117.812185,1,True,True,False,0.0,0.0,0.008488086355413916,0.0,0.0,,594,638,1232,117.07649244800268,117.07649244800268,,,1232.0,0.0,1.0,1.0
e3962758-5748-4c29-8c8d-f2a9d032aa12,math:Orz57K,779,2026-04-23T03:10:28.888115Z,2026-04-23T03:14:52.604720Z,263.716605,1,True,True,False,0.0,0.0,0.0037919493161987275,0.0,0.0,,2965,3165,6130,261.24695320900355,261.24695320900355,,,6130.0,0.0,1.0,1.0
aae5ebc1-3973-4b7f-821a-23288a189c92,math:Orz57K,776,2026-04-23T03:10:29.508789Z,2026-04-23T03:12:58.318619Z,148.80983,1,True,True,False,0.0,0.0,0.00671998617295645,0.0,0.0,,671,4096,4767,148.041827448993,148.041827448993,,,4767.0,0.0,1.0,1.0
a91c958a-67fb-46d4-8c35-f39e93c91cab,math:Orz57K,777,2026-04-23T03:10:31.193755Z,2026-04-23T03:13:00.848790Z,149.655035,1,True,True,True,1.0,1.0,0.006682033785231483,0.006682033785231483,0.0,,621,459,1080,148.9404864449898,148.9404864449898,,,1080.0,0.0,1.0,1.0
ffd3a611-bc99-4a28-b6ad-9efbc70cff51,math:Orz57K,778,2026-04-23T03:10:33.407076Z,2026-04-23T03:13:04.665687Z,151.258611,1,True,True,False,0.0,0.0,0.006611193857915303,0.0,0.0,,594,638,1232,150.52045181099675,150.52045181099675,,,1232.0,0.0,1.0,1.0
c91e06bc-5482-4c97-9c1d-0582f77a2e90,math:Orz57K,779,2026-04-23T03:10:35.494948Z,2026-04-23T03:15:17.042881Z,281.547933,1,True,True,False,0.0,0.0,0.003551793079581941,0.0,0.0,,2965,3165,6130,279.0502964289917,279.0502964289917,,,6130.0,0.0,1.0,1.0
fd05fe55-6220-40d2-beee-9fccf8ccc4b0,math:Orz57K,780,2026-04-23T03:10:59.582330Z,2026-04-23T03:13:17.663838Z,138.081508,1,True,True,True,1.0,1.0,0.007242099354824542,0.007242099354824542,0.0,,610,361,971,137.351759141995,137.351759141995,,,971.0,0.0,1.0,1.0
e8859a0c-adc2-4a3c-8805-d65526fac927,math:Orz57K,777,2026-04-23T03:11:00.671166Z,2026-04-23T03:13:20.239606Z,139.56844,1,True,True,True,1.0,1.0,0.007164943593265067,0.007164943593265067,0.0,,621,459,1080,138.8316879119957,138.8316879119957,,,1080.0,0.0,1.0,1.0
425638a8-5f52-4627-9185-0841e3f81f59,math:Orz57K,778,2026-04-23T03:11:03.587821Z,2026-04-23T03:13:24.883342Z,141.295521,1,True,True,False,0.0,0.0,0.007077365177060354,0.0,0.0,,594,638,1232,140.5868230539927,140.5868230539927,,,1232.0,0.0,1.0,1.0
65b26693-2483-438c-9449-247932351141,math:Orz57K,779,2026-04-23T03:11:27.656787Z,2026-04-23T03:15:40.689055Z,253.032268,1,True,True,False,0.0,0.0,0.003952065117639463,0.0,0.0,,2965,3165,6130,250.57508183299797,250.57508183299797,,,6130.0,0.0,1.0,1.0
e2aaaecf-1013-43d4-b5aa-d562dc72aa84,math:Orz57K,780,2026-04-23T03:11:28.046753Z,2026-04-23T03:13:37.152911Z,129.106158,1,True,True,True,1.0,1.0,0.007745563925773394,0.007745563925773394,0.0,,610,361,971,128.36150257199188,128.36150257199188,,,971.0,0.0,1.0,1.0
a18d4d45-c9df-4f93-9bc1-caadf278b011,math:Orz57K,781,2026-04-23T03:11:30.643492Z,2026-04-23T03:15:42.720867Z,252.077375,1,True,True,True,1.0,1.0,0.003967035915063778,0.003967035915063778,0.0,,1723,528,2251,249.62227077400894,249.62227077400894,,,2251.0,0.0,1.0,1.0
b65c51aa-157d-4d24-8928-1f3f49867493,math:Orz57K,778,2026-04-23T03:11:33.587812Z,2026-04-23T03:13:44.365152Z,130.77734,1,True,True,False,0.0,0.0,0.007646584645321582,0.0,0.0,,594,638,1232,130.01543564799067,130.01543564799067,,,1232.0,0.0,1.0,1.0
b4e41c95-0877-441b-a9c8-00c7ef182860,math:Orz57K,779,2026-04-23T03:11:57.654452Z,2026-04-23T03:15:53.564062Z,235.90961,1,True,True,False,0.0,0.0,0.004238911674687606,0.0,0.0,,2965,3165,6130,233.332737920995,233.332737920995,,,6130.0,0.0,1.0,1.0
b8d123b7-0df9-4d0f-b8f7-9c5ceb00794e,math:Orz57K,780,2026-04-23T03:11:58.052494Z,2026-04-23T03:13:56.393182Z,118.340688,1,True,True,True,1.0,1.0,0.008450179028872977,0.008450179028872977,0.0,,610,361,971,117.61896962398896,117.61896962398896,,,971.0,0.0,1.0,1.0
8846a924-2864-4154-add1-125de1ba00dc,math:Orz57K,781,2026-04-23T03:12:00.621271Z,2026-04-23T03:15:54.263540Z,233.642269,1,True,True,True,1.0,1.0,0.00428004746007667,0.00428004746007667,0.0,,1723,528,2251,231.08942098000261,231.08942098000261,,,2251.0,0.0,1.0,1.0
c9b16222-0f3b-4236-8e91-826d9ac906fe,math:Orz57K,782,2026-04-23T03:12:00.832602Z,2026-04-23T03:15:54.775578Z,233.942976,1,True,True,False,0.0,0.0,0.004274545947470549,0.0,0.0,,1703,558,2261,231.3979028629983,231.3979028629983,,,2261.0,0.0,1.0,1.0
00aad963-05c0-4ab7-812d-0cfbb8c6510d,math:Orz57K,779,2026-04-23T03:12:04.422371Z,2026-04-23T03:16:03.236750Z,238.814379,1,True,True,False,0.0,0.0,0.004187352554680135,0.0,0.0,,2965,3165,6130,236.318135213005,236.318135213005,,,6130.0,0.0,1.0,1.0
22bed7db-4931-4485-a223-5a7dee38111c,math:Orz57K,780,2026-04-23T03:12:06.433173Z,2026-04-23T03:14:13.907714Z,127.474541,1,True,True,True,1.0,1.0,0.007844703673025973,0.007844703673025973,0.0,,610,361,971,126.72768625599565,126.72768625599565,,,971.0,0.0,1.0,1.0
715efe37-867b-4ca0-bdba-801b704cab98,math:Orz57K,781,2026-04-23T03:12:06.812652Z,2026-04-23T03:16:11.773231Z,244.960579,1,True,True,True,1.0,1.0,0.004082289501773263,0.004082289501773263,0.0,,1723,528,2251,242.464980336008,242.464980336008,,,2251.0,0.0,1.0,1.0
7460e88d-42fb-4f55-afb5-72097bc23d3d,math:Orz57K,782,2026-04-23T03:12:15.512176Z,2026-04-23T03:16:12.257584Z,236.745408,1,True,True,False,0.0,0.0,0.004223946763943147,0.0,0.0,,1703,558,2261,234.20131435000803,234.20131435000803,,,2261.0,0.0,1.0,1.0
7ed9557e-661e-4cf6-8bcf-b390fccc54a2,math:Orz57K,783,2026-04-23T03:12:15.693445Z,2026-04-23T03:14:27.631009Z,131.937564,1,True,True,True,1.0,1.0,0.0075793426048096505,0.0075793426048096505,0.0,,688,1467,2155,131.2093269029865,131.2093269029865,,,2155.0,0.0,1.0,1.0
d00ceb66-74e5-4ddd-ac84-9ea51196b069,math:Orz57K,780,2026-04-23T03:12:16.951867Z,2026-04-23T03:14:29.661917Z,132.71005,1,True,True,True,1.0,1.0,0.0075352243481183225,0.0075352243481183225,0.0,,610,361,971,131.97285669200937,131.97285669200937,,,971.0,0.0,1.0,1.0
a82d44a7-a38b-4f2e-9d1e-0bb598890d5a,math:Orz57K,781,2026-04-23T03:12:19.566026Z,2026-04-23T03:16:16.752981Z,237.186955,1,True,True,True,1.0,1.0,0.004216083468840013,0.004216083468840013,0.0,,1723,528,2251,234.73831980999967,234.73831980999967,,,2251.0,0.0,1.0,1.0
29d69c11-d551-439e-89ec-a762a34e75a3,math:Orz57K,782,2026-04-23T03:12:23.086201Z,2026-04-23T03:16:17.254456Z,234.168255,1,True,True,False,0.0,0.0,0.004270433667449928,0.0,0.0,,1703,558,2261,231.5998200840113,231.5998200840113,,,2261.0,0.0,1.0,1.0
b0583b5e-d7bd-4d28-80ef-14d1d83263e5,math:Orz57K,783,2026-04-23T03:12:23.296270Z,2026-04-23T03:14:43.802462Z,140.506192,1,True,True,True,1.0,1.0,0.007117124062404311,0.007117124062404311,0.0,,688,1467,2155,139.77442829000938,139.77442829000938,,,2155.0,0.0,1.0,1.0
e139763a-2a1e-4d96-8488-dd7a436982f4,math:Orz57K,784,2026-04-23T03:12:58.344427Z,2026-04-23T03:17:06.156428Z,247.812001,1,True,True,True,1.0,1.0,0.004035317078933558,0.004035317078933558,0.0,,2859,433,3292,243.58799439399445,243.58799439399445,,,3292.0,0.0,1.0,1.0
a4da9bc3-7b89-4da3-a7b7-12917dd17e39,math:Orz57K,781,2026-04-23T03:13:00.873594Z,2026-04-23T03:16:23.123072Z,202.249478,1,True,True,True,1.0,1.0,0.00494438853384828,0.00494438853384828,0.0,,1723,528,2251,199.67779228300788,199.67779228300788,,,2251.0,0.0,1.0,1.0
d5259bc1-1224-49f0-8e29-d15811412cba,math:Orz57K,782,2026-04-23T03:13:01.116628Z,2026-04-23T03:16:23.587494Z,202.470866,1,True,True,False,0.0,0.0,0.004938982184231879,0.0,0.0,,1703,558,2261,199.85686776399962,199.85686776399962,,,2261.0,0.0,1.0,1.0
f770e8e5-c635-4287-a4c3-e7897184e04c,math:Orz57K,783,2026-04-23T03:13:04.690228Z,2026-04-23T03:15:08.159039Z,123.468811,1,True,True,True,1.0,1.0,0.00809921138707653,0.00809921138707653,0.0,,688,1467,2155,122.72600443199917,122.72600443199917,,,2155.0,0.0,1.0,1.0
7e8daea3-feaf-4c64-a7b8-acc6dafefbfc,math:Orz57K,784,2026-04-23T03:13:17.690268Z,2026-04-23T03:17:07.154684Z,229.464416,1,True,True,True,1.0,1.0,0.004357974179316762,0.004357974179316762,0.0,,2859,433,3292,225.23174282201217,225.23174282201217,,,3292.0,0.0,1.0,1.0
b15edddb-9f8d-4ed5-b211-99ef89cf3797,math:Orz57K,785,2026-04-23T03:13:20.264918Z,2026-04-23T03:17:07.320023Z,227.055105,1,True,True,False,0.0,0.0,0.004404217205334362,0.0,0.0,,2895,628,3523,222.89112077400205,222.89112077400205,,,3523.0,0.0,1.0,1.0
a6b6da6e-f240-47cb-a16f-2dc4ce98efa8,math:Orz57K,782,2026-04-23T03:13:20.492502Z,2026-04-23T03:16:30.482815Z,189.990313,1,True,True,False,0.0,0.0,0.005263426246368677,0.0,0.0,,1703,558,2261,187.47193552200042,187.47193552200042,,,2261.0,0.0,1.0,1.0
a1daa47a-25ef-429d-8da8-16252f4f7c44,math:Orz57K,783,2026-04-23T03:13:24.908583Z,2026-04-23T03:15:32.234630Z,127.326047,1,True,True,True,1.0,1.0,0.007853852558542087,0.007853852558542087,0.0,,688,1467,2155,126.59217909201107,126.59217909201107,,,2155.0,0.0,1.0,1.0
77cae6d7-cf77-40da-a1a2-0e6e0f570ec7,math:Orz57K,784,2026-04-23T03:13:37.179120Z,2026-04-23T03:17:14.318468Z,217.139348,1,True,True,True,1.0,1.0,0.004605337582573933,0.004605337582573933,0.0,,2859,433,3292,212.84463899598632,212.84463899598632,,,3292.0,0.0,1.0,1.0
c58e2829-354a-40bd-b122-537e509c51bb,math:Orz57K,785,2026-04-23T03:13:44.389998Z,2026-04-23T03:17:14.500711Z,210.110713,1,True,True,False,0.0,0.0,0.004759395585888093,0.0,0.0,,2895,628,3523,205.8408541129902,205.8408541129902,,,3523.0,0.0,1.0,1.0
acae5e33-8ac8-4097-a37e-6f7bb0e777b0,math:Orz57K,786,2026-04-23T03:13:56.418932Z,2026-04-23T03:16:43.815306Z,167.396374,1,True,True,True,1.0,1.0,0.005973845048758344,0.005973845048758344,0.0,,1280,110,1390,164.91090164300113,164.91090164300113,,,1390.0,0.0,1.0,1.0
c655e928-0bcf-4b80-9bce-ecab4f918618,math:Orz57K,783,2026-04-23T03:14:13.932777Z,2026-04-23T03:16:11.464089Z,117.531312,1,True,True,True,1.0,1.0,0.008508370943736254,0.008508370943736254,0.0,,688,1467,2155,116.78210880700499,116.78210880700499,,,2155.0,0.0,1.0,1.0
24728209-5d35-4319-a7a9-f2d9cd887f06,math:Orz57K,784,2026-04-23T03:14:27.655058Z,2026-04-23T03:17:31.697515Z,184.042457,1,True,True,True,1.0,1.0,0.005433528851443229,0.005433528851443229,0.0,,2859,433,3292,179.8430676809803,179.8430676809803,,,3292.0,0.0,1.0,1.0
d7271055-1a63-4880-8b29-63953720a15f,math:Orz57K,785,2026-04-23T03:14:29.687666Z,2026-04-23T03:20:58.323208Z,388.635542,1,True,True,True,1.0,1.0,0.0025731048551395747,0.0025731048551395747,0.0,,4008,790,4798,382.44053068097855,382.44053068097855,,,4798.0,0.0,1.0,1.0
4ea4660d-6c50-44e9-b88e-a1edffa68cfe,math:Orz57K,786,2026-04-23T03:14:30.142789Z,2026-04-23T03:16:57.642168Z,147.499379,1,True,True,True,1.0,1.0,0.006779689560591303,0.006779689560591303,0.0,,1280,110,1390,144.8213785100088,144.8213785100088,,,1390.0,0.0,1.0,1.0
9f6b7c9c-a4f1-4779-a0ec-9cbba96494ba,math:Orz57K,787,2026-04-23T03:14:43.825787Z,2026-04-23T03:16:18.456519Z,94.630732,1,True,True,False,0.0,0.0,0.010567391574229819,0.0,0.0,,565,216,781,93.90104116400471,93.90104116400471,,,781.0,0.0,1.0,1.0
6db7dbea-4b70-46ee-875d-df9fa7d857a1,math:Orz57K,784,2026-04-23T03:14:44.263531Z,2026-04-23T03:17:59.649919Z,195.386388,1,True,True,True,1.0,1.0,0.005118063802888868,0.005118063802888868,0.0,,2859,433,3292,191.12354199898255,191.12354199898255,,,3292.0,0.0,1.0,1.0
079e2142-96ea-481b-aa62-c134cbff4d7d,math:Orz57K,785,2026-04-23T03:14:52.629300Z,2026-04-23T03:20:59.729219Z,367.099919,1,True,True,True,1.0,1.0,0.002724053992504422,0.002724053992504422,0.0,,4008,790,4798,361.03904008299287,361.03904008299287,,,4798.0,0.0,1.0,1.0
3a00e1e3-e3af-4bc4-8e22-3ea46f4ac626,math:Orz57K,786,2026-04-23T03:15:08.185381Z,2026-04-23T03:17:06.427047Z,118.241666,1,True,True,True,1.0,1.0,0.00845725566823458,0.00845725566823458,0.0,,1280,110,1390,115.68350343000202,115.68350343000202,,,1390.0,0.0,1.0,1.0
87833044-1ae9-4168-a0be-f5c0e3230b9b,math:Orz57K,787,2026-04-23T03:15:08.622658Z,2026-04-23T03:16:25.197672Z,76.575014,1,True,True,False,0.0,0.0,0.0130590900055206,0.0,0.0,,565,216,781,75.82043947999773,75.82043947999773,,,781.0,0.0,1.0,1.0
a041bed0-aed2-4880-aaeb-e6f7694b85bf,math:Orz57K,788,2026-04-23T03:15:17.066826Z,2026-04-23T03:16:27.129849Z,70.063023,1,True,True,False,0.0,0.0,0.014272864018442367,0.0,0.0,,600,344,944,69.33209507500578,69.33209507500578,,,944.0,0.0,1.0,1.0
5ed13be7-285e-4000-8f77-5f66859045e6,math:Orz57K,785,2026-04-23T03:15:23.945989Z,2026-04-23T03:17:09.343643Z,105.397654,1,True,True,True,1.0,1.0,0.009487877215938792,0.009487877215938792,0.0,,1381,200,1581,102.81377847700787,102.81377847700787,,,1581.0,0.0,1.0,1.0
b39b09c3-b6d2-428c-9a72-8e78c3881969,math:Orz57K,786,2026-04-23T03:15:32.260534Z,2026-04-23T03:17:09.591894Z,97.33136,1,True,True,True,1.0,1.0,0.010274180901201833,0.010274180901201833,0.0,,1280,110,1390,94.833543508008,94.833543508008,,,1390.0,0.0,1.0,1.0
4b89f07b-68f9-459b-8640-99c7a1291d79,math:Orz57K,787,2026-04-23T03:15:40.712213Z,2026-04-23T03:16:32.088280Z,51.376067,1,True,True,False,0.0,0.0,0.01946431594306353,0.0,0.0,,565,216,781,50.63592167099705,50.63592167099705,,,781.0,0.0,1.0,1.0
25f47ce7-7d86-4ac9-9bee-c3686f0477e0,math:Orz57K,788,2026-04-23T03:15:42.747047Z,2026-04-23T03:16:34.038569Z,51.291522,1,True,True,False,0.0,0.0,0.01949639942445069,0.0,0.0,,600,344,944,50.55958412999462,50.55958412999462,,,944.0,0.0,1.0,1.0
1941c012-fb5b-4f0a-9bb5-b43336689402,math:Orz57K,789,2026-04-23T03:15:43.185259Z,2026-04-23T03:16:38.039285Z,54.854026,1,True,True,False,0.0,0.0,0.01823020246499318,0.0,0.0,,580,713,1293,54.1071596499969,54.1071596499969,,,1293.0,0.0,1.0,1.0
787c0282-28a4-41a4-baa2-12e75f82c59e,math:Orz57K,786,2026-04-23T03:15:53.589972Z,2026-04-23T03:17:14.713639Z,81.123667,1,True,True,True,1.0,1.0,0.012326858942409495,0.012326858942409495,0.0,,1280,110,1390,78.50485891998687,78.50485891998687,,,1390.0,0.0,1.0,1.0
342999f7-846f-4b63-91f4-c3c2ef36385e,math:Orz57K,787,2026-04-23T03:15:54.287179Z,2026-04-23T03:16:41.644419Z,47.35724,1,True,True,False,0.0,0.0,0.021116095448130003,0.0,0.0,,565,216,781,46.612025751004694,46.612025751004694,,,781.0,0.0,1.0,1.0
e3a59bd4-d639-4c57-8418-665e75d1177e,math:Orz57K,788,2026-04-23T03:15:54.801489Z,2026-04-23T03:16:43.577860Z,48.776371,1,True,True,False,0.0,0.0,0.02050173023327217,0.0,0.0,,600,344,944,48.03402791298868,48.03402791298868,,,944.0,0.0,1.0,1.0
98a7f31f-7ae3-4529-bfea-8756162953d0,math:Orz57K,789,2026-04-23T03:16:03.262542Z,2026-04-23T03:16:47.777312Z,44.51477,1,True,True,False,0.0,0.0,0.022464453932930575,0.0,0.0,,580,713,1293,43.799479113004054,43.799479113004054,,,1293.0,0.0,1.0,1.0
6ed5e59c-e54c-48a6-8e4e-b8cd94e9e4b7,math:Orz57K,790,2026-04-23T03:16:11.489496Z,2026-04-23T03:17:23.549863Z,72.060367,1,True,True,True,1.0,1.0,0.013877253775296482,0.013877253775296482,0.0,,1561,118,1679,69.5857282319921,69.5857282319921,,,1679.0,0.0,1.0,1.0
6bd15683-cae2-4529-8f52-3abc5ec0fa4b,math:Orz57K,787,2026-04-23T03:16:11.798039Z,2026-04-23T03:16:49.244008Z,37.445969,1,True,True,False,0.0,0.0,0.02670514415049588,0.0,0.0,,565,216,781,36.695776534004835,36.695776534004835,,,781.0,0.0,1.0,1.0
ffb4dfd6-1384-4457-86f4-15f6dce8288e,math:Orz57K,788,2026-04-23T03:16:12.282038Z,2026-04-23T03:16:51.153875Z,38.871837,1,True,True,False,0.0,0.0,0.025725565786870325,0.0,0.0,,600,344,944,38.16734921099851,38.16734921099851,,,944.0,0.0,1.0,1.0
8f39dddc-0f20-4dd4-aea8-6c383e1fb218,math:Orz57K,789,2026-04-23T03:16:16.779714Z,2026-04-23T03:16:55.677203Z,38.897489,1,True,True,False,0.0,0.0,0.025708600367494158,0.0,0.0,,580,713,1293,38.17196951400547,38.17196951400547,,,1293.0,0.0,1.0,1.0
9a2c24ab-cf07-4a6e-80b0-a1532225becf,math:Orz57K,790,2026-04-23T03:16:17.320004Z,2026-04-23T03:17:59.327407Z,102.007403,1,True,True,False,0.0,0.0,0.009803210067018371,0.0,0.0,,1561,109,1670,99.48531992500648,99.48531992500648,,,1670.0,0.0,1.0,1.0
a0e1f804-7f8e-45dc-9b9b-1636e70aa63d,math:Orz57K,791,2026-04-23T03:16:18.488504Z,2026-04-23T03:16:57.850988Z,39.362484,1,True,True,False,0.0,0.0,0.0254049007679495,0.0,0.0,,645,40,685,38.60651129100006,38.60651129100006,,,685.0,0.0,1.0,1.0
2e698a76-0d5f-4465-8538-bf4c4691621a,math:Orz57K,788,2026-04-23T03:16:23.148035Z,2026-04-23T03:17:00.427414Z,37.279379,1,True,True,False,0.0,0.0,0.026824481169603176,0.0,0.0,,600,344,944,36.53585196399945,36.53585196399945,,,944.0,0.0,1.0,1.0
db7d31eb-83dd-46fc-8874-ba23d54fbcc9,math:Orz57K,789,2026-04-23T03:16:23.613076Z,2026-04-23T03:17:05.862876Z,42.2498,1,True,True,False,0.0,0.0,0.023668751094679738,0.0,0.0,,580,713,1293,41.545295980991796,41.545295980991796,,,1293.0,0.0,1.0,1.0
4c86309e-f8cc-43e1-bfe0-5b6e67701e71,math:Orz57K,790,2026-04-23T03:16:25.221418Z,2026-04-23T03:18:31.298149Z,126.076731,1,True,True,True,1.0,1.0,0.007931677733617633,0.007931677733617633,0.0,,1561,118,1679,123.53047433200118,123.53047433200118,,,1679.0,0.0,1.0,1.0
a138b08d-8a35-4296-9ac8-af714e312a34,math:Orz57K,791,2026-04-23T03:16:27.155828Z,2026-04-23T03:17:06.882649Z,39.726821,1,True,True,False,0.0,0.0,0.02517191093644266,0.0,0.0,,645,40,685,38.96164154801227,38.96164154801227,,,685.0,0.0,1.0,1.0
72b8b55b-67ff-4af8-a90a-1d6bd3f1dae5,math:Orz57K,792,2026-04-23T03:16:30.509726Z,2026-04-23T03:17:09.034578Z,38.524852,1,True,True,False,0.0,0.0,0.025957270387437177,0.0,0.0,,668,295,963,37.75466473599954,37.75466473599954,,,963.0,0.0,1.0,1.0
385524d8-9dc8-4c32-adbf-5164c1dfe4e5,math:Orz57K,789,2026-04-23T03:16:32.113264Z,2026-04-23T03:17:13.522188Z,41.408924,1,True,True,False,0.0,0.0,0.024149383838131123,0.0,0.0,,580,713,1293,40.70163683399733,40.70163683399733,,,1293.0,0.0,1.0,1.0
77f2c48a-b171-4a1a-b8a1-654fbfc780fc,math:Orz57K,790,2026-04-23T03:16:34.063151Z,2026-04-23T03:19:22.947237Z,168.884086,1,True,True,True,1.0,1.0,0.005921221020197249,0.005921221020197249,0.0,,1561,118,1679,166.34875889301475,166.34875889301475,,,1679.0,0.0,1.0,1.0
b107ec46-09c3-417b-b0fe-367058c2315d,math:Orz57K,791,2026-04-23T03:16:38.066129Z,2026-04-23T03:17:13.993251Z,35.927122,1,True,True,False,0.0,0.0,0.027834124870898373,0.0,0.0,,645,40,685,35.19310401100665,35.19310401100665,,,685.0,0.0,1.0,1.0
9e7375e9-bd35-476e-a521-6761ea606719,math:Orz57K,792,2026-04-23T03:16:41.668798Z,2026-04-23T03:17:16.357356Z,34.688558,1,True,True,False,0.0,0.0,0.028827949550396414,0.0,0.0,,668,295,963,33.92476907999662,33.92476907999662,,,963.0,0.0,1.0,1.0
74edc5e0-174b-41db-813e-6250868ee86f,math:Orz57K,793,2026-04-23T03:16:43.604333Z,2026-04-23T03:17:22.582335Z,38.978002,1,True,True,True,1.0,1.0,0.025655496656806578,0.025655496656806578,0.0,,565,1119,1684,38.24830029300938,38.24830029300938,,,1684.0,0.0,1.0,1.0
b749202a-d8e2-47c0-a083-886363d07a16,math:Orz57K,790,2026-04-23T03:16:43.838379Z,2026-04-23T03:19:53.659836Z,189.821457,1,True,True,True,1.0,1.0,0.005268108336140313,0.005268108336140313,0.0,,1561,118,1679,187.28505365300225,187.28505365300225,,,1679.0,0.0,1.0,1.0
9168079c-b52a-4e03-935e-4f7bd6cd76fe,math:Orz57K,791,2026-04-23T03:16:47.802509Z,2026-04-23T03:17:23.035854Z,35.233345,1,True,True,False,0.0,0.0,0.028382204414596456,0.0,0.0,,645,40,685,34.49215335099143,34.49215335099143,,,685.0,0.0,1.0,1.0
9095ff16-62c3-46a2-9bf5-ef5c8b7d469d,math:Orz57K,792,2026-04-23T03:16:49.267163Z,2026-04-23T03:17:25.220259Z,35.953096,1,True,True,False,0.0,0.0,0.027814016350636395,0.0,0.0,,668,295,963,35.176783942995826,35.176783942995826,,,963.0,0.0,1.0,1.0
f486e113-586d-4e2d-b2ca-aa7a48fdbe17,math:Orz57K,793,2026-04-23T03:16:51.178831Z,2026-04-23T03:17:31.426104Z,40.247273,1,True,True,True,1.0,1.0,0.02484640387933861,0.02484640387933861,0.0,,565,1119,1684,39.534461746996385,39.534461746996385,,,1684.0,0.0,1.0,1.0
9a127ba0-c899-4d1b-9435-1a96e8e212f3,math:Orz57K,794,2026-04-23T03:16:55.702825Z,2026-04-23T03:17:37.431415Z,41.72859,1,True,True,True,1.0,1.0,0.023964385089455458,0.023964385089455458,0.0,,794,1017,1811,40.988323425001,40.988323425001,,,1811.0,0.0,1.0,1.0
592bfe1d-9099-4cfa-bb0b-283e47c9240d,math:Orz57K,791,2026-04-23T03:16:57.666079Z,2026-04-23T03:17:56.486221Z,58.820142,1,True,True,False,0.0,0.0,0.017000979018377754,0.0,0.0,,645,3311,3956,58.09619180500158,58.09619180500158,,,3956.0,0.0,1.0,1.0
aab3a799-7edd-4f5a-9f06-d6e5ad84ee79,math:Orz57K,792,2026-04-23T03:16:57.876110Z,2026-04-23T03:17:58.193080Z,60.31697,1,True,True,False,0.0,0.0,0.016579082138907176,0.0,0.0,,668,295,963,59.55432951299008,59.55432951299008,,,963.0,0.0,1.0,1.0
e9626427-0dcc-46fa-8abd-28054153ba48,math:Orz57K,793,2026-04-23T03:17:00.453179Z,2026-04-23T03:18:05.953244Z,65.500065,1,True,True,True,1.0,1.0,0.01526716042190187,0.01526716042190187,0.0,,565,1119,1684,64.75771176700073,64.75771176700073,,,1684.0,0.0,1.0,1.0
7c4b0470-f372-4337-8957-d404a0f4be22,math:Orz57K,794,2026-04-23T03:17:05.888971Z,2026-04-23T03:18:12.426833Z,66.537862,1,True,True,True,1.0,1.0,0.015029037151809897,0.015029037151809897,0.0,,794,1017,1811,65.80413540199515,65.80413540199515,,,1811.0,0.0,1.0,1.0
52beb763-87ad-45ed-a5d0-c8f2edcb1364,math:Orz57K,795,2026-04-23T03:17:06.184333Z,2026-04-23T03:18:14.864476Z,68.680143,1,True,True,False,0.0,0.0,0.01456024924118169,0.0,0.0,,589,437,1026,67.95409314200515,67.95409314200515,,,1026.0,0.0,1.0,1.0
1740dfb2-f240-4bfd-a75f-0b388dcd4198,math:Orz57K,792,2026-04-23T03:17:06.452469Z,2026-04-23T03:18:16.540078Z,70.087609,1,True,True,False,0.0,0.0,0.014267857247063457,0.0,0.0,,668,290,958,69.31674062499951,69.31674062499951,,,958.0,0.0,1.0,1.0
d1b45c3f-fe50-4257-a3d0-809585bcb508,math:Orz57K,793,2026-04-23T03:17:06.908002Z,2026-04-23T03:18:22.591388Z,75.683386,1,True,True,True,1.0,1.0,0.013212939495069631,0.013212939495069631,0.0,,565,1091,1656,74.96872713099583,74.96872713099583,,,1656.0,0.0,1.0,1.0
37d95ef0-8c39-41b2-bec6-adc4d6e28fd2,math:Orz57K,794,2026-04-23T03:17:07.179371Z,2026-04-23T03:18:28.317201Z,81.13783,1,True,True,True,1.0,1.0,0.012324707229660937,0.012324707229660937,0.0,,794,1017,1811,80.40653311699862,80.40653311699862,,,1811.0,0.0,1.0,1.0
73419715-4e70-4dda-81c8-3cccc56e9d1b,math:Orz57K,795,2026-04-23T03:17:07.399946Z,2026-04-23T03:18:30.791269Z,83.391323,1,True,True,False,0.0,0.0,0.01199165529488002,0.0,0.0,,589,437,1026,82.64942261599936,82.64942261599936,,,1026.0,0.0,1.0,1.0
ff8fe526-02ec-4a14-ae66-971d2568d34e,math:Orz57K,796,2026-04-23T03:17:09.060164Z,2026-04-23T03:18:33.625849Z,84.565685,1,True,True,True,1.0,1.0,0.011825127414269748,0.011825127414269748,0.0,,570,417,987,83.83838266499515,83.83838266499515,,,987.0,0.0,1.0,1.0
5f895f9d-d154-4e10-9bd0-c26817f711b8,math:Orz57K,793,2026-04-23T03:17:09.368943Z,2026-04-23T03:18:39.723450Z,90.354507,1,True,True,True,1.0,1.0,0.011067516532407177,0.011067516532407177,0.0,,565,1091,1656,89.62865801301086,89.62865801301086,,,1656.0,0.0,1.0,1.0
a295a8e6-7a74-481c-9ac4-3add04df9151,math:Orz57K,794,2026-04-23T03:17:09.615863Z,2026-04-23T03:18:45.471432Z,95.855569,1,True,True,True,1.0,1.0,0.010432362046695481,0.010432362046695481,0.0,,794,1017,1811,95.11499764000473,95.11499764000473,,,1811.0,0.0,1.0,1.0
ca592983-fe80-462f-b45e-5912c9c5b7d5,math:Orz57K,795,2026-04-23T03:17:13.550709Z,2026-04-23T03:18:47.896959Z,94.34625,1,True,True,False,0.0,0.0,0.010599255402307987,0.0,0.0,,589,437,1026,93.62383480199787,93.62383480199787,,,1026.0,0.0,1.0,1.0
b6d03459-7b2b-42d7-ba7e-49c34a925d8d,math:Orz57K,796,2026-04-23T03:17:14.018787Z,2026-04-23T03:18:50.230538Z,96.211751,1,True,True,True,1.0,1.0,0.010393740781206652,0.010393740781206652,0.0,,570,417,987,95.49343716299336,95.49343716299336,,,987.0,0.0,1.0,1.0
ed4094fa-15b1-4f1d-909b-4768692cab7c,math:Orz57K,797,2026-04-23T03:17:14.345065Z,2026-04-23T03:19:14.269056Z,119.923991,1,True,True,False,0.0,0.0,0.008338615081614487,0.0,0.0,,576,4096,4672,119.20150365999143,119.20150365999143,,,4672.0,0.0,1.0,1.0
8a437c99-4f8a-4b97-9a37-9eb5f7a905bb,math:Orz57K,794,2026-04-23T03:17:14.545670Z,2026-04-23T03:19:20.026874Z,125.481204,1,True,True,True,1.0,1.0,0.007969321046680425,0.007969321046680425,0.0,,794,1017,1811,124.72667908399308,124.72667908399308,,,1811.0,0.0,1.0,1.0
def182f3-4e81-4f49-aef3-0120d528b02d,math:Orz57K,795,2026-04-23T03:17:14.739273Z,2026-04-23T03:19:22.446836Z,127.707563,1,True,True,False,0.0,0.0,0.007830389810194719,0.0,0.0,,589,437,1026,126.97657864600478,126.97657864600478,,,1026.0,0.0,1.0,1.0
e2c24e45-2701-46ea-aa46-55f2db1131f6,math:Orz57K,796,2026-04-23T03:17:16.383248Z,2026-04-23T03:19:25.222457Z,128.839209,1,True,True,True,1.0,1.0,0.007761612383075093,0.007761612383075093,0.0,,570,417,987,128.12104212700797,128.12104212700797,,,987.0,0.0,1.0,1.0
9a9a53ad-5308-4bc1-b0d1-3a1418b67eeb,math:Orz57K,797,2026-04-23T03:17:22.607902Z,2026-04-23T03:19:49.362435Z,146.754533,1,True,True,False,0.0,0.0,0.006814099568563241,0.0,0.0,,576,4096,4672,146.04251657199347,146.04251657199347,,,4672.0,0.0,1.0,1.0
df3d1437-8c58-4c54-a4b7-cfaca2e1adb9,math:Orz57K,798,2026-04-23T03:17:23.059830Z,2026-04-23T03:19:50.713286Z,147.653456,1,True,True,False,0.0,0.0,0.006772614926128109,0.0,0.0,,589,235,824,146.90749774999858,146.90749774999858,,,824.0,0.0,1.0,1.0
f72204d1-4e21-4e19-a2db-1e37d2a96d3f,math:Orz57K,795,2026-04-23T03:17:23.594263Z,2026-04-23T03:19:53.153602Z,149.559339,1,True,True,False,0.0,0.0,0.006686309304964232,0.0,0.0,,589,437,1026,148.82451024900365,148.82451024900365,,,1026.0,0.0,1.0,1.0
e8a97dd7-894f-4595-b70f-54ac671a83a6,math:Orz57K,796,2026-04-23T03:17:25.244353Z,2026-04-23T03:19:55.965461Z,150.721108,1,True,True,True,1.0,1.0,0.006634770758187368,0.006634770758187368,0.0,,570,417,987,149.96658812399255,149.96658812399255,,,987.0,0.0,1.0,1.0
0fa3f389-fb65-4a58-a7cd-a08743c53165,math:Orz57K,797,2026-04-23T03:17:31.452439Z,2026-04-23T03:20:20.190775Z,168.738336,1,True,True,False,0.0,0.0,0.005926335554239435,0.0,0.0,,576,4096,4672,167.96374178699625,167.96374178699625,,,4672.0,0.0,1.0,1.0
a9a3336c-c7ab-475a-bce0-1c8f70bbbc29,math:Orz57K,798,2026-04-23T03:17:31.721161Z,2026-04-23T03:20:21.435715Z,169.714554,1,True,True,False,0.0,0.0,0.005892246577744889,0.0,0.0,,589,235,824,169.0154201409896,169.0154201409896,,,824.0,0.0,1.0,1.0
a3eddab6-162d-416b-bd6a-2d160ea593cb,math:Orz57K,799,2026-04-23T03:17:37.459924Z,2026-04-23T03:20:25.954337Z,168.494413,1,True,True,False,0.0,0.0,0.005934914886465701,0.0,0.0,,608,798,1406,167.69467444600014,167.69467444600014,,,1406.0,0.0,1.0,1.0
5753d13b-247c-4130-9777-504f08f95dd7,math:Orz57K,796,2026-04-23T03:17:56.511958Z,2026-04-23T03:20:28.232941Z,151.720983,1,True,True,True,1.0,1.0,0.006591046144223836,0.006591046144223836,0.0,,570,417,987,150.96954120699957,150.96954120699957,,,987.0,0.0,1.0,1.0
edee4117-4745-4750-be62-0f87b75dcd58,math:Orz57K,797,2026-04-23T03:17:58.219251Z,2026-04-23T03:20:52.206070Z,173.986819,1,True,True,False,0.0,0.0,0.0057475618311062975,0.0,0.0,,576,4096,4672,173.22840723399713,173.22840723399713,,,4672.0,0.0,1.0,1.0
64aa9bc6-5a90-449b-987e-f0410acc0e91,math:Orz57K,798,2026-04-23T03:17:59.351472Z,2026-04-23T03:20:53.488326Z,174.136854,1,True,True,False,0.0,0.0,0.0057426097751829145,0.0,0.0,,589,235,824,173.41390067599423,173.41390067599423,,,824.0,0.0,1.0,1.0
bd71d582-c538-4c6d-bb0e-81e733a2fb58,math:Orz57K,799,2026-04-23T03:17:59.693900Z,2026-04-23T03:20:57.947414Z,178.253514,1,True,True,False,0.0,0.0,0.005609987582068088,0.0,0.0,,608,798,1406,177.49615270399954,177.49615270399954,,,1406.0,0.0,1.0,1.0
461ae272-9e12-47e3-969d-aec9ba1f716d,math:Orz57K,800,2026-04-23T03:18:05.979482Z,2026-04-23T03:20:59.331940Z,173.352458,1,True,True,False,0.0,0.0,0.005768594293598075,0.0,0.0,,559,172,731,172.60422628700326,172.60422628700326,,,731.0,0.0,1.0,1.0
b9e88449-8def-44fd-9381-daa2724b8e20,math:Orz57K,797,2026-04-23T03:18:12.451175Z,2026-04-23T03:21:23.845008Z,191.393833,1,True,True,False,0.0,0.0,0.0052248287435677195,0.0,0.0,,576,4096,4672,190.678700466,190.678700466,,,4672.0,0.0,1.0,1.0
4d7c9d9a-ce88-4357-a3ab-147615731e57,math:Orz57K,798,2026-04-23T03:18:14.891429Z,2026-04-23T03:21:25.161502Z,190.270073,1,True,True,False,0.0,0.0,0.0052556872672246254,0.0,0.0,,589,235,824,189.55471911700442,189.55471911700442,,,824.0,0.0,1.0,1.0
30e459fb-2dca-45d6-be42-060f8c9b68d5,math:Orz57K,799,2026-04-23T03:18:16.566148Z,2026-04-23T03:21:29.584241Z,193.018093,1,True,True,False,0.0,0.0,0.00518086146462964,0.0,0.0,,608,791,1399,192.2653399569972,192.2653399569972,,,1399.0,0.0,1.0,1.0
dedba689-3fa6-4e92-984c-03ce8097f889,math:Orz57K,800,2026-04-23T03:18:22.617358Z,2026-04-23T03:21:30.554554Z,187.937196,1,True,True,False,0.0,0.0,0.005320926465243208,0.0,0.0,,559,172,731,187.1848571760056,187.1848571760056,,,731.0,0.0,1.0,1.0
7da5918e-ac3d-4837-9a8d-d7d7e616deda,math:Orz57K,801,2026-04-23T03:18:28.342716Z,2026-04-23T03:21:33.141882Z,184.799166,1,True,True,True,1.0,1.0,0.005411279832291018,0.005411279832291018,0.0,,599,462,1061,184.05536503400072,184.05536503400072,,,1061.0,0.0,1.0,1.0
270f7b5f-425e-4cd7-81b7-712db41a51d5,math:Orz57K,798,2026-04-23T03:18:30.817209Z,2026-04-23T03:21:34.453264Z,183.636055,1,True,True,False,0.0,0.0,0.005445553706759819,0.0,0.0,,589,235,824,182.8974475569994,182.8974475569994,,,824.0,0.0,1.0,1.0
eb7b25e2-66bd-40ec-8262-bfa19face4ba,math:Orz57K,799,2026-04-23T03:18:31.324861Z,2026-04-23T03:21:38.947328Z,187.622467,1,True,True,False,0.0,0.0,0.005329852101347756,0.0,0.0,,608,791,1399,186.85448311000073,186.85448311000073,,,1399.0,0.0,1.0,1.0
5d1a8187-6386-4841-afb6-83fb5e993611,math:Orz57K,800,2026-04-23T03:18:33.651005Z,2026-04-23T03:21:39.910180Z,186.259175,1,True,True,False,0.0,0.0,0.005368863037216824,0.0,0.0,,559,172,731,185.4979431459942,185.4979431459942,,,731.0,0.0,1.0,1.0
f8d3c7cf-5bed-4d97-bd98-3a54c0413b44,math:Orz57K,801,2026-04-23T03:18:39.748319Z,2026-04-23T03:21:42.449224Z,182.700905,1,True,True,True,1.0,1.0,0.005473426636830288,0.005473426636830288,0.0,,599,462,1061,181.9840442029963,181.9840442029963,,,1061.0,0.0,1.0,1.0
c07c62e8-26d1-4529-a9fa-a416e4ba5b53,math:Orz57K,802,2026-04-23T03:18:45.496382Z,2026-04-23T03:21:43.507213Z,178.010831,1,True,True,False,0.0,0.0,0.005617635704425199,0.0,0.0,,575,188,763,177.29697227300494,177.29697227300494,,,763.0,0.0,1.0,1.0
d872c92f-e897-4ea0-a511-4c49022129e0,math:Orz57K,799,2026-04-23T03:18:47.920946Z,2026-04-23T03:21:47.959000Z,180.038054,1,True,True,False,0.0,0.0,0.005554381297633889,0.0,0.0,,608,791,1399,179.29574030500953,179.29574030500953,,,1399.0,0.0,1.0,1.0
9747e1d1-8ff5-4cc5-a768-478c051af0fa,math:Orz57K,800,2026-04-23T03:18:50.255563Z,2026-04-23T03:21:48.903029Z,178.647466,1,True,True,False,0.0,0.0,0.005597616481165201,0.0,0.0,,559,172,731,177.92650185599632,177.92650185599632,,,731.0,0.0,1.0,1.0
9d97b841-e541-43e5-a2ae-c2128b9c78f9,math:Orz57K,801,2026-04-23T03:19:14.292331Z,2026-04-23T03:21:51.514688Z,157.222357,1,True,True,True,1.0,1.0,0.006360418575839058,0.006360418575839058,0.0,,599,462,1061,156.47335957900214,156.47335957900214,,,1061.0,0.0,1.0,1.0
27c94b0a-4772-420e-a788-9964825100da,math:Orz57K,802,2026-04-23T03:19:20.053244Z,2026-04-23T03:21:52.550412Z,152.497168,1,True,True,False,0.0,0.0,0.006557498825158511,0.0,0.0,,575,188,763,151.7673931600002,151.7673931600002,,,763.0,0.0,1.0,1.0
7f721681-3c7d-476c-af65-54bdf0040b77,math:Orz57K,803,2026-04-23T03:19:22.470382Z,2026-04-23T03:21:55.096714Z,152.626332,1,True,True,True,1.0,1.0,0.006551949371357493,0.006551949371357493,0.0,,632,452,1084,151.89231509399542,151.89231509399542,,,1084.0,0.0,1.0,1.0
4ddc83f9-40c1-4e5d-822c-6c8701748412,math:Orz57K,800,2026-04-23T03:19:22.973207Z,2026-04-23T03:21:56.009840Z,153.036633,1,True,True,False,0.0,0.0,0.00653438317608569,0.0,0.0,,559,172,731,152.31544584900257,152.31544584900257,,,731.0,0.0,1.0,1.0
0a203901-ddda-4e94-bbb6-fe25b7acb337,math:Orz57K,801,2026-04-23T03:19:25.253250Z,2026-04-23T03:21:58.602646Z,153.349396,1,True,True,True,1.0,1.0,0.006521056007289392,0.006521056007289392,0.0,,599,462,1061,152.61372350800957,152.61372350800957,,,1061.0,0.0,1.0,1.0
cd5e0db4-1d74-4b87-9276-5cd6bb853f56,math:Orz57K,802,2026-04-23T03:19:49.390769Z,2026-04-23T03:21:59.698918Z,130.308149,1,True,True,False,0.0,0.0,0.0076741171421290015,0.0,0.0,,575,188,763,129.5372214759991,129.5372214759991,,,763.0,0.0,1.0,1.0
40725ccf-9d03-4493-baf9-88a11e901ead,math:Orz57K,803,2026-04-23T03:19:50.736894Z,2026-04-23T03:22:02.180728Z,131.443834,1,True,True,True,1.0,1.0,0.007607812170177568,0.007607812170177568,0.0,,632,452,1084,130.7356067590008,130.7356067590008,,,1084.0,0.0,1.0,1.0
ef8e4234-c837-498d-ac64-29a6d68d6006,math:Orz57K,804,2026-04-23T03:19:53.179791Z,2026-04-23T03:22:04.031766Z,130.851975,1,True,True,True,1.0,1.0,0.007642223206795312,0.007642223206795312,0.0,,754,324,1078,130.13305875699734,130.13305875699734,,,1078.0,0.0,1.0,1.0
3ec6f1a0-9b74-475d-85a5-e1df3daca6e6,math:Orz57K,801,2026-04-23T03:19:53.685772Z,2026-04-23T03:22:06.662850Z,132.977078,1,True,True,True,1.0,1.0,0.007520093049420141,0.007520093049420141,0.0,,599,462,1061,132.21080497700314,132.21080497700314,,,1061.0,0.0,1.0,1.0
fadb762c-6b9e-4937-9c5b-07b8bc2a6419,math:Orz57K,802,2026-04-23T03:19:55.990156Z,2026-04-23T03:22:07.704777Z,131.714621,1,True,True,False,0.0,0.0,0.0075921715630947306,0.0,0.0,,575,188,763,130.9712782610004,130.9712782610004,,,763.0,0.0,1.0,1.0
2b413841-0dfa-4fe7-b943-73be63b1f295,math:Orz57K,803,2026-04-23T03:20:20.216540Z,2026-04-23T03:22:10.228163Z,110.011623,1,True,True,True,1.0,1.0,0.009089948613884189,0.009089948613884189,0.0,,632,452,1084,109.2798435040022,109.2798435040022,,,1084.0,0.0,1.0,1.0
55e27efa-dd0c-4bd6-a102-e118126703af,math:Orz57K,804,2026-04-23T03:20:21.460443Z,2026-04-23T03:22:12.033085Z,110.572642,1,True,True,True,1.0,1.0,0.009043828400157066,0.009043828400157066,0.0,,754,324,1078,109.86168287800683,109.86168287800683,,,1078.0,0.0,1.0,1.0
9dbae42f-125c-4733-9cee-34630576c58e,math:Orz57K,805,2026-04-23T03:20:25.985292Z,2026-04-23T03:22:17.401735Z,111.416443,1,True,True,False,0.0,0.0,0.008975335893643634,0.0,0.0,,662,951,1613,110.63967609399697,110.63967609399697,,,1613.0,0.0,1.0,1.0
227a2f49-455f-40fe-85f4-3b1b38e68288,math:Orz57K,802,2026-04-23T03:20:28.258706Z,2026-04-23T03:22:18.427320Z,110.168614,1,True,True,False,0.0,0.0,0.009076995377285948,0.0,0.0,,575,188,763,109.42626043800556,109.42626043800556,,,763.0,0.0,1.0,1.0
81473a48-8ef4-4a1e-ac70-9bd84b531b4a,math:Orz57K,803,2026-04-23T03:20:52.230084Z,2026-04-23T03:22:20.954554Z,88.72447,1,True,True,True,1.0,1.0,0.011270847828113259,0.011270847828113259,0.0,,632,452,1084,87.98837981799443,87.98837981799443,,,1084.0,0.0,1.0,1.0
8aba9a5a-e7be-4e1b-bc34-026b02cca736,math:Orz57K,804,2026-04-23T03:20:53.513988Z,2026-04-23T03:22:22.777545Z,89.263557,1,True,True,True,1.0,1.0,0.011202780099834022,0.011202780099834022,0.0,,754,324,1078,88.5258196299983,88.5258196299983,,,1078.0,0.0,1.0,1.0
d8a73592-44a5-4eaf-b4cb-a00f4d0441c9,math:Orz57K,805,2026-04-23T03:20:57.973187Z,2026-04-23T03:22:28.130511Z,90.157324,1,True,True,False,0.0,0.0,0.011091722287586973,0.0,0.0,,662,951,1613,89.36439288398833,89.36439288398833,,,1613.0,0.0,1.0,1.0
e0acb9e4-fe52-4256-9c85-79ca91ff8921,math:Orz57K,806,2026-04-23T03:20:58.347470Z,2026-04-23T03:22:29.991781Z,91.644311,1,True,True,False,0.0,0.0,0.010911752067185055,0.0,0.0,,616,339,955,90.8930771969899,90.8930771969899,,,955.0,0.0,1.0,1.0
9218fcc5-fd92-425e-92d4-ca61544fe37a,math:Orz57K,803,2026-04-23T03:20:59.354909Z,2026-04-23T03:22:32.488159Z,93.13325,1,True,True,True,1.0,1.0,0.010737303809326958,0.010737303809326958,0.0,,632,452,1084,92.41612570700818,92.41612570700818,,,1084.0,0.0,1.0,1.0
dc87a9a8-6ef4-4e90-a0e3-0a6260e88c8b,math:Orz57K,804,2026-04-23T03:20:59.754228Z,2026-04-23T03:22:34.318316Z,94.564088,1,True,True,True,1.0,1.0,0.010574838938858059,0.010574838938858059,0.0,,754,324,1078,93.84438217899879,93.84438217899879,,,1078.0,0.0,1.0,1.0
038c3641-f123-4836-a6b7-14576f26711a,math:Orz57K,805,2026-04-23T03:21:23.869631Z,2026-04-23T03:22:39.711128Z,75.841497,1,True,True,False,0.0,0.0,0.013185393742953149,0.0,0.0,,662,951,1613,75.06858731601096,75.06858731601096,,,1613.0,0.0,1.0,1.0
fc3e981f-8b21-481c-a699-393829e48a14,math:Orz57K,806,2026-04-23T03:21:25.186777Z,2026-04-23T03:22:41.600219Z,76.413442,1,True,True,False,0.0,0.0,0.013086702729606133,0.0,0.0,,616,339,955,75.65036978200078,75.65036978200078,,,955.0,0.0,1.0,1.0
d237b278-5b1b-4145-b9b2-b03ee01c9761,math:Orz57K,807,2026-04-23T03:21:29.613032Z,2026-04-23T03:24:45.437713Z,195.824681,1,True,True,True,1.0,1.0,0.005106608599556458,0.005106608599556458,0.0,,2575,386,2961,191.72079183498863,191.72079183498863,,,2961.0,0.0,1.0,1.0
246f1838-c67f-48ce-ab85-c1d5e6b9034f,math:Orz57K,804,2026-04-23T03:21:30.578718Z,2026-04-23T03:22:44.632364Z,74.053646,1,True,True,True,1.0,1.0,0.013503724043512995,0.013503724043512995,0.0,,754,324,1078,73.29281704900495,73.29281704900495,,,1078.0,0.0,1.0,1.0
4ef18e52-5a1f-4222-ae61-fc96f7c467cf,math:Orz57K,805,2026-04-23T03:21:33.165973Z,2026-04-23T03:22:49.974021Z,76.808048,1,True,True,False,0.0,0.0,0.013019469001477553,0.0,0.0,,662,951,1613,76.02168327699474,76.02168327699474,,,1613.0,0.0,1.0,1.0
e7dced90-9b20-4159-b214-5e6ae8760ddb,math:Orz57K,806,2026-04-23T03:21:34.478825Z,2026-04-23T03:22:51.841568Z,77.362743,1,True,True,False,0.0,0.0,0.012926118713241593,0.0,0.0,,616,339,955,76.61410493199946,76.61410493199946,,,955.0,0.0,1.0,1.0
f1173e76-3901-45a3-a7b4-afd33eb9e786,math:Orz57K,807,2026-04-23T03:21:38.972161Z,2026-04-23T03:24:48.674510Z,189.702349,1,True,True,True,1.0,1.0,0.005271416011828087,0.005271416011828087,0.0,,2575,386,2961,185.5131715919997,185.5131715919997,,,2961.0,0.0,1.0,1.0
b910c131-25f9-4710-9325-442ad1601512,math:Orz57K,808,2026-04-23T03:21:39.935546Z,2026-04-23T03:22:54.817127Z,74.881581,1,True,True,False,0.0,0.0,0.01335441889241094,0.0,0.0,,602,321,923,74.16920731699793,74.16920731699793,,,923.0,0.0,1.0,1.0
bf68151d-0fd3-4739-9d31-d6239a8b5817,math:Orz57K,805,2026-04-23T03:21:42.474679Z,2026-04-23T03:23:00.176671Z,77.701992,1,True,True,False,0.0,0.0,0.012869682929106887,0.0,0.0,,662,951,1613,76.92673469100555,76.92673469100555,,,1613.0,0.0,1.0,1.0
3f1b87e2-29c4-4a1f-b079-c65a4315ea6f,math:Orz57K,806,2026-04-23T03:21:43.532800Z,2026-04-23T03:23:02.064725Z,78.531925,1,True,True,False,0.0,0.0,0.012733674871716184,0.0,0.0,,616,339,955,77.77749085999676,77.77749085999676,,,955.0,0.0,1.0,1.0
1b048747-6133-4d2c-b79c-423ca31dfe5c,math:Orz57K,807,2026-04-23T03:21:47.984067Z,2026-04-23T03:24:52.429137Z,184.44507,1,True,True,True,1.0,1.0,0.005421668359040445,0.005421668359040445,0.0,,2575,386,2961,180.186398794016,180.186398794016,,,2961.0,0.0,1.0,1.0
9a2d5637-b2bd-47d1-a975-df649a670cf2,math:Orz57K,808,2026-04-23T03:21:48.927628Z,2026-04-23T03:23:05.030845Z,76.103217,1,True,True,False,0.0,0.0,0.013140048994249481,0.0,0.0,,602,321,923,75.37835387300584,75.37835387300584,,,923.0,0.0,1.0,1.0
3b7689df-8d09-4f5b-ad3d-6043aa2a9ac0,math:Orz57K,809,2026-04-23T03:21:51.539242Z,2026-04-23T03:23:07.076621Z,75.537379,1,True,True,False,0.0,0.0,0.013238478925777925,0.0,0.0,,629,356,985,74.77168970700586,74.77168970700586,,,985.0,0.0,1.0,1.0
8aad1fd1-8fc0-47a9-b16c-83298939f76b,math:Orz57K,806,2026-04-23T03:21:52.575536Z,2026-04-23T03:23:08.975047Z,76.399511,1,True,True,False,0.0,0.0,0.0130890890126247,0.0,0.0,,616,339,955,75.6357546520012,75.6357546520012,,,955.0,0.0,1.0,1.0
0f27985a-0a2b-4178-85a3-e2c368fcc844,math:Orz57K,807,2026-04-23T03:21:55.120433Z,2026-04-23T03:24:55.580153Z,180.45972,1,True,True,True,1.0,1.0,0.005541402812771736,0.005541402812771736,0.0,,2575,386,2961,176.1933817340032,176.1933817340032,,,2961.0,0.0,1.0,1.0
9bd72310-e0c2-4c5d-a8cf-5bc99d9c942f,math:Orz57K,808,2026-04-23T03:21:56.035695Z,2026-04-23T03:23:11.946413Z,75.910718,1,True,True,False,0.0,0.0,0.01317337032696753,0.0,0.0,,602,321,923,75.18089862799388,75.18089862799388,,,923.0,0.0,1.0,1.0
c9bf1e05-d9fe-4cd7-bf5c-0190b91435ef,math:Orz57K,809,2026-04-23T03:21:58.627705Z,2026-04-23T03:23:13.939855Z,75.31215,1,True,True,False,0.0,0.0,0.013278070005968493,0.0,0.0,,629,356,985,74.59040794499742,74.59040794499742,,,985.0,0.0,1.0,1.0
e95833db-094a-469d-8618-019289fd0609,math:Orz57K,810,2026-04-23T03:21:59.725929Z,2026-04-23T03:23:16.155160Z,76.429231,1,True,True,True,1.0,1.0,0.013083999235842109,0.013083999235842109,0.0,,593,390,983,75.67998727899976,75.67998727899976,,,983.0,0.0,1.0,1.0
0d672388-30e7-4427-b2e8-215ca90a2dba,math:Orz57K,807,2026-04-23T03:22:02.206562Z,2026-04-23T03:24:59.232868Z,177.026306,1,True,True,True,1.0,1.0,0.005648877969582668,0.005648877969582668,0.0,,2575,386,2961,172.80969205699512,172.80969205699512,,,2961.0,0.0,1.0,1.0
05491574-1734-4c64-bb36-bc33582c8afc,math:Orz57K,808,2026-04-23T03:22:04.056809Z,2026-04-23T03:23:19.120599Z,75.06379,1,True,True,False,0.0,0.0,0.013322002526118119,0.0,0.0,,602,321,923,74.32808836099866,74.32808836099866,,,923.0,0.0,1.0,1.0
b8dce645-e52d-4551-8d84-b53d8c4af0b9,math:Orz57K,809,2026-04-23T03:22:06.688783Z,2026-04-23T03:23:21.088819Z,74.400036,1,True,True,False,0.0,0.0,0.01344085371141487,0.0,0.0,,629,356,985,73.69658449001145,73.69658449001145,,,985.0,0.0,1.0,1.0
379821d4-4fbf-4b6a-a85d-93c8a67bf877,math:Orz57K,810,2026-04-23T03:22:07.732800Z,2026-04-23T03:23:23.327038Z,75.594238,1,True,True,True,1.0,1.0,0.013228521464823813,0.013228521464823813,0.0,,593,390,983,74.83927365801355,74.83927365801355,,,983.0,0.0,1.0,1.0
c90f5cd6-c300-4adc-ab60-474e78f0562c,math:Orz57K,811,2026-04-23T03:22:10.253719Z,2026-04-23T03:23:25.453456Z,75.199737,1,True,True,False,0.0,0.0,0.013297918847774693,0.0,0.0,,568,383,951,74.45761343999766,74.45761343999766,,,951.0,0.0,1.0,1.0
3301bc98-402a-43b7-8354-374a7670d584,math:Orz57K,808,2026-04-23T03:22:12.058933Z,2026-04-23T03:23:27.175167Z,75.116234,1,True,True,False,0.0,0.0,0.013312701486072904,0.0,0.0,,602,321,923,74.41597434401046,74.41597434401046,,,923.0,0.0,1.0,1.0
897f8a33-c512-40bf-9869-89b093d624cb,math:Orz57K,809,2026-04-23T03:22:17.425852Z,2026-04-23T03:23:29.181038Z,71.755186,1,True,True,False,0.0,0.0,0.013936274933494006,0.0,0.0,,629,356,985,71.0483477289963,71.0483477289963,,,985.0,0.0,1.0,1.0
7829278b-3e18-4481-849c-175a4cdb83fa,math:Orz57K,810,2026-04-23T03:22:18.453703Z,2026-04-23T03:23:31.403501Z,72.949798,1,True,True,True,1.0,1.0,0.013708057149109583,0.013708057149109583,0.0,,593,390,983,72.20921775900933,72.20921775900933,,,983.0,0.0,1.0,1.0
dda4a41a-6675-417e-a50e-94bb120afceb,math:Orz57K,811,2026-04-23T03:22:20.978819Z,2026-04-23T03:23:33.546021Z,72.567202,1,True,True,False,0.0,0.0,0.013780330127651884,0.0,0.0,,568,383,951,71.82925070899364,71.82925070899364,,,951.0,0.0,1.0,1.0
fc3a0956-1172-4495-9a2b-90a1249247ad,math:Orz57K,812,2026-04-23T03:22:22.803693Z,2026-04-23T03:24:35.408080Z,132.604387,1,True,True,True,1.0,1.0,0.00754122863220204,0.00754122863220204,0.0,,1318,219,1537,130.08751407898671,130.08751407898671,,,1537.0,0.0,1.0,1.0
f87c56eb-7a69-4a1a-b6c5-3ed400411822,math:Orz57K,809,2026-04-23T03:22:28.154378Z,2026-04-23T03:23:36.321690Z,68.167312,1,True,True,False,0.0,0.0,0.014669787771593518,0.0,0.0,,629,356,985,67.4531526179926,67.4531526179926,,,985.0,0.0,1.0,1.0
2376576b-df0e-4f58-bfd8-d438c4f346e9,math:Orz57K,810,2026-04-23T03:22:30.016747Z,2026-04-23T03:23:38.530361Z,68.513614,1,True,True,True,1.0,1.0,0.0145956393425692,0.0145956393425692,0.0,,593,390,983,67.79669876099797,67.79669876099797,,,983.0,0.0,1.0,1.0
4d681cbb-7c5d-40ce-9a25-2715de61e764,math:Orz57K,811,2026-04-23T03:22:32.513228Z,2026-04-23T03:23:40.690293Z,68.177065,1,True,True,False,0.0,0.0,0.014667689200173108,0.0,0.0,,568,383,951,67.44523271700018,67.44523271700018,,,951.0,0.0,1.0,1.0
748f6d07-df74-4dad-8565-564c13af6828,math:Orz57K,812,2026-04-23T03:22:34.344799Z,2026-04-23T03:24:40.641092Z,126.296293,1,True,True,True,1.0,1.0,0.007917888769704428,0.007917888769704428,0.0,,1318,219,1537,123.81308973200794,123.81308973200794,,,1537.0,0.0,1.0,1.0
387c5f4e-4390-4622-a065-4e609bd9fbf0,math:Orz57K,813,2026-04-23T03:22:39.734989Z,2026-04-23T03:23:44.058934Z,64.323945,1,True,True,False,0.0,0.0,0.01554631016490049,0.0,0.0,,626,449,1075,63.55152096699749,63.55152096699749,,,1075.0,0.0,1.0,1.0
15cb9baf-ea48-42f2-955f-d38bafa4c327,math:Orz57K,810,2026-04-23T03:22:41.624610Z,2026-04-23T03:23:46.149165Z,64.524555,1,True,True,False,0.0,0.0,0.015497975925599176,0.0,0.0,,593,378,971,63.77890995499911,63.77890995499911,,,971.0,0.0,1.0,1.0
2f20935d-b7ca-43ea-8b26-c3361714e74d,math:Orz57K,811,2026-04-23T03:22:44.657876Z,2026-04-23T03:23:49.138959Z,64.481083,1,True,True,False,0.0,0.0,0.015508424385489928,0.0,0.0,,568,383,951,63.74647659400944,63.74647659400944,,,951.0,0.0,1.0,1.0
dab80444-271a-4e57-8a98-33a50c3fd0bc,math:Orz57K,812,2026-04-23T03:22:49.999496Z,2026-04-23T03:24:47.657347Z,117.657851,1,True,True,True,1.0,1.0,0.008499220336771238,0.008499220336771238,0.0,,1318,219,1537,115.23567109300348,115.23567109300348,,,1537.0,0.0,1.0,1.0
a6b06c1e-bf2a-47a4-8fbc-d1ae622cd16c,math:Orz57K,813,2026-04-23T03:22:51.866611Z,2026-04-23T03:23:52.495860Z,60.629249,1,True,True,False,0.0,0.0,0.01649368937424905,0.0,0.0,,626,449,1075,59.84332439000718,59.84332439000718,,,1075.0,0.0,1.0,1.0
01cd8e7c-f63a-41f7-ac07-aa9a70151854,math:Orz57K,814,2026-04-23T03:22:54.842767Z,2026-04-23T03:23:56.633859Z,61.791092,1,True,True,False,0.0,0.0,0.01618356251091986,0.0,0.0,,629,595,1224,61.024333579989616,61.024333579989616,,,1224.0,0.0,1.0,1.0
e2e8cef5-48c9-45e3-aaa1-dd0f43378285,math:Orz57K,811,2026-04-23T03:23:00.201374Z,2026-04-23T03:23:58.704657Z,58.503283,1,True,True,False,0.0,0.0,0.017093057837455034,0.0,0.0,,568,383,951,57.77050168000278,57.77050168000278,,,951.0,0.0,1.0,1.0
3596469d-448e-46ba-b9eb-afdb9333a911,math:Orz57K,812,2026-04-23T03:23:02.090538Z,2026-04-23T03:24:52.156650Z,110.066112,1,True,True,True,1.0,1.0,0.009085448571127868,0.009085448571127868,0.0,,1318,219,1537,107.53200091100007,107.53200091100007,,,1537.0,0.0,1.0,1.0
f66fdcb7-fd52-4112-840e-17b0130706d6,math:Orz57K,813,2026-04-23T03:23:05.054253Z,2026-04-23T03:24:02.928163Z,57.87391,1,True,True,False,0.0,0.0,0.01727894313689882,0.0,0.0,,626,449,1075,57.093643804997555,57.093643804997555,,,1075.0,0.0,1.0,1.0
67efab96-000f-4043-b496-8c31d38e1a14,math:Orz57K,814,2026-04-23T03:23:07.101297Z,2026-04-23T03:24:06.239846Z,59.138549,1,True,True,False,0.0,0.0,0.016909444294955563,0.0,0.0,,629,595,1224,58.386824920991785,58.386824920991785,,,1224.0,0.0,1.0,1.0
3d5389d8-4cbb-44ea-8394-56474c504273,math:Orz57K,815,2026-04-23T03:23:08.999799Z,2026-04-23T03:24:55.283741Z,106.283942,1,True,True,True,1.0,1.0,0.009408759039065375,0.009408759039065375,0.0,,1582,463,2045,103.77738212198892,103.77738212198892,,,2045.0,0.0,1.0,1.0
06535136-7857-4f88-8963-a35781ae063a,math:Orz57K,812,2026-04-23T03:23:11.971097Z,2026-04-23T03:24:56.074293Z,104.103196,1,True,True,True,1.0,1.0,0.009605853022994607,0.009605853022994607,0.0,,1318,219,1537,101.52856135298498,101.52856135298498,,,1537.0,0.0,1.0,1.0
fd4d780a-2d02-4160-93dc-5f6fe54a1aeb,math:Orz57K,813,2026-04-23T03:23:13.965512Z,2026-04-23T03:24:12.756179Z,58.790667,1,True,True,False,0.0,0.0,0.017009502545701684,0.0,0.0,,626,449,1075,58.01784638001118,58.01784638001118,,,1075.0,0.0,1.0,1.0
85cdea0d-9054-435e-afea-6b86a2027589,math:Orz57K,814,2026-04-23T03:23:16.182398Z,2026-04-23T03:24:16.143655Z,59.961257,1,True,True,False,0.0,0.0,0.016677435564768094,0.0,0.0,,629,595,1224,59.163313078999636,59.163313078999636,,,1224.0,0.0,1.0,1.0
9a5c714a-71b8-4d04-90b0-7aa2e59c6300,math:Orz57K,815,2026-04-23T03:23:19.151798Z,2026-04-23T03:24:59.599139Z,100.447341,1,True,True,True,1.0,1.0,0.009955465122765171,0.009955465122765171,0.0,,1582,463,2045,97.95147289500164,97.95147289500164,,,2045.0,0.0,1.0,1.0
e1d69815-ddcc-4507-a4b1-170b66fcfd6b,math:Orz57K,816,2026-04-23T03:23:21.114586Z,2026-04-23T03:27:12.231632Z,231.117046,1,True,True,False,0.0,0.0,0.004326811965223889,0.0,0.0,,3916,790,4706,225.16033553899615,225.16033553899615,,,4706.0,0.0,1.0,1.0
5b6a849d-7b14-4239-93ef-e1deda396469,math:Orz57K,813,2026-04-23T03:23:23.352055Z,2026-04-23T03:24:23.580860Z,60.228805,1,True,True,False,0.0,0.0,0.016603351170590218,0.0,0.0,,626,449,1075,59.42048780800542,59.42048780800542,,,1075.0,0.0,1.0,1.0
0d8caeeb-70b9-4f50-a49c-7ea6b18d2f01,math:Orz57K,814,2026-04-23T03:23:25.478168Z,2026-04-23T03:24:26.845262Z,61.367094,1,True,True,False,0.0,0.0,0.016295378106057946,0.0,0.0,,629,595,1224,60.61190828100371,60.61190828100371,,,1224.0,0.0,1.0,1.0
ee2ef83c-327b-4393-8a3e-c11b6eb06f3d,math:Orz57K,815,2026-04-23T03:23:27.199843Z,2026-04-23T03:25:05.216393Z,98.01655,1,True,True,True,1.0,1.0,0.010202358683303993,0.010202358683303993,0.0,,1582,463,2045,95.56042285299918,95.56042285299918,,,2045.0,0.0,1.0,1.0
3de0d415-7700-4bcc-99d7-53cddad95f76,math:Orz57K,816,2026-04-23T03:23:29.204365Z,2026-04-23T03:27:22.310559Z,233.106194,1,True,True,False,0.0,0.0,0.004289890297809933,0.0,0.0,,3916,790,4706,227.04285811202135,227.04285811202135,,,4706.0,0.0,1.0,1.0
54fb47b9-2cb4-498f-8c06-eeff53b54a24,math:Orz57K,817,2026-04-23T03:23:31.428643Z,2026-04-23T03:24:31.516322Z,60.087679,1,True,True,False,0.0,0.0,0.016642346927728726,0.0,0.0,,629,125,754,59.3622746070032,59.3622746070032,,,754.0,0.0,1.0,1.0
76f3009a-5bc4-4e86-b32a-245da0750505,math:Orz57K,814,2026-04-23T03:23:33.570331Z,2026-04-23T03:24:34.929473Z,61.359142,1,True,True,False,0.0,0.0,0.01629748994860456,0.0,0.0,,629,595,1224,60.61546923000424,60.61546923000424,,,1224.0,0.0,1.0,1.0
093fb863-a9e8-471f-af54-b4afdb744fc3,math:Orz57K,815,2026-04-23T03:23:36.346979Z,2026-04-23T03:25:13.127149Z,96.78017,1,True,True,True,1.0,1.0,0.010332695220518832,0.010332695220518832,0.0,,1582,463,2045,94.20903188698867,94.20903188698867,,,2045.0,0.0,1.0,1.0
42cb4012-9a9e-482c-b60f-65b18b692f6a,math:Orz57K,816,2026-04-23T03:23:38.554383Z,2026-04-23T03:27:27.818697Z,229.264314,1,True,True,False,0.0,0.0,0.004361777821209454,0.0,0.0,,3868,677,4545,223.0794243739947,223.0794243739947,,,4545.0,0.0,1.0,1.0
2d365735-d31a-49cd-a623-bbdebe3ce936,math:Orz57K,817,2026-04-23T03:23:40.715182Z,2026-04-23T03:24:40.147960Z,59.432778,1,True,True,False,0.0,0.0,0.016825732090127103,0.0,0.0,,629,125,754,58.70272251999995,58.70272251999995,,,754.0,0.0,1.0,1.0
4ee00378-4e34-4942-a246-f83c871c9b00,math:Orz57K,818,2026-04-23T03:23:44.084265Z,2026-04-23T03:24:42.939997Z,58.855732,1,True,True,False,0.0,0.0,0.016990698544026264,0.0,0.0,,605,407,1012,58.112259952002205,58.112259952002205,,,1012.0,0.0,1.0,1.0
9b8e4a87-8891-4863-91dc-ac4c17caeb0d,math:Orz57K,815,2026-04-23T03:23:46.175133Z,2026-04-23T03:25:23.184953Z,97.00982,1,True,True,True,1.0,1.0,0.010308234774582615,0.010308234774582615,0.0,,1582,463,2045,94.48106583300978,94.48106583300978,,,2045.0,0.0,1.0,1.0
890d70b6-e838-4879-bcef-594c52b09e94,math:Orz57K,816,2026-04-23T03:23:49.162509Z,2026-04-23T03:27:56.805956Z,247.643447,1,True,True,False,0.0,0.0,0.004038063643977625,0.0,0.0,,3868,677,4545,241.36643817399454,241.36643817399454,,,4545.0,0.0,1.0,1.0
e070d100-fdaa-4e6c-ab2b-c06610fc3b8d,math:Orz57K,817,2026-04-23T03:23:52.520640Z,2026-04-23T03:24:48.413080Z,55.89244,1,True,True,False,0.0,0.0,0.017891507330866214,0.0,0.0,,629,125,754,55.130737649000366,55.130737649000366,,,754.0,0.0,1.0,1.0
a7652a2d-c40c-4f1c-99d7-a875acc1f037,math:Orz57K,818,2026-04-23T03:23:56.657955Z,2026-04-23T03:24:50.972203Z,54.314248,1,True,True,False,0.0,0.0,0.01841137522515271,0.0,0.0,,605,407,1012,53.55190506699728,53.55190506699728,,,1012.0,0.0,1.0,1.0
1e8b4303-0a52-40e2-bd19-ec6d622760f1,math:Orz57K,819,2026-04-23T03:23:58.730238Z,2026-04-23T03:25:43.056467Z,104.326229,1,True,True,False,0.0,0.0,0.009585317226409094,0.0,0.0,,1310,198,1508,101.80558816199482,101.80558816199482,,,1508.0,0.0,1.0,1.0
8d86cfea-f0aa-4567-8777-654671b62dce,math:Orz57K,816,2026-04-23T03:24:02.954791Z,2026-04-23T03:25:47.862053Z,104.907262,1,True,True,False,0.0,0.0,0.009532228569648495,0.0,0.0,,1612,863,2475,102.20101579000766,102.20101579000766,,,2475.0,0.0,1.0,1.0
eb2f13ca-c9ca-4dee-aba1-8cdee7783b58,math:Orz57K,817,2026-04-23T03:24:06.263422Z,2026-04-23T03:24:54.897006Z,48.633584,1,True,True,False,0.0,0.0,0.020561922806264905,0.0,0.0,,629,125,754,47.91239341699111,47.91239341699111,,,754.0,0.0,1.0,1.0
b8973127-faf8-4bd8-b1df-3f6af0d31aa9,math:Orz57K,818,2026-04-23T03:24:12.781911Z,2026-04-23T03:24:58.302286Z,45.520375,1,True,True,False,0.0,0.0,0.02196818457668681,0.0,0.0,,605,407,1012,44.744809222000185,44.744809222000185,,,1012.0,0.0,1.0,1.0
9f1c5c23-78a6-49b8-b066-a2e9f01b0e6d,math:Orz57K,819,2026-04-23T03:24:16.169181Z,2026-04-23T03:26:03.301564Z,107.132383,1,True,True,False,0.0,0.0,0.009334245836760674,0.0,0.0,,1310,198,1508,104.54539987299358,104.54539987299358,,,1508.0,0.0,1.0,1.0
4c117a12-88c4-4c31-be96-23952cf787c1,math:Orz57K,820,2026-04-23T03:24:23.607879Z,2026-04-23T03:25:04.162978Z,40.555099,1,True,True,False,0.0,0.0,0.024657811832736496,0.0,0.0,,635,601,1236,39.78854003699962,39.78854003699962,,,1236.0,0.0,1.0,1.0
b22aad72-9ffd-4b15-8dab-f5177965c6d1,math:Orz57K,817,2026-04-23T03:24:26.870451Z,2026-04-23T03:25:04.822089Z,37.951638,1,True,True,False,0.0,0.0,0.026349323842096088,0.0,0.0,,629,125,754,37.24074970900256,37.24074970900256,,,754.0,0.0,1.0,1.0
f3de1385-9adf-4fa1-a9cd-a77a1a08f05d,math:Orz57K,818,2026-04-23T03:24:31.540602Z,2026-04-23T03:25:07.520152Z,35.97955,1,True,True,False,0.0,0.0,0.027793566067391057,0.0,0.0,,605,407,1012,35.21976175199961,35.21976175199961,,,1012.0,0.0,1.0,1.0
8eff5d0f-89fc-4407-8ec3-138cc213a429,math:Orz57K,819,2026-04-23T03:24:34.954788Z,2026-04-23T03:26:17.248516Z,102.293728,1,True,True,False,0.0,0.0,0.009775770416735618,0.0,0.0,,1310,198,1508,99.77521031697688,99.77521031697688,,,1508.0,0.0,1.0,1.0
5846a863-338a-466d-af71-3e9fbb78ce68,math:Orz57K,820,2026-04-23T03:24:35.432425Z,2026-04-23T03:25:12.790251Z,37.357826,1,True,True,False,0.0,0.0,0.026768152943375235,0.0,0.0,,635,601,1236,36.57972548498947,36.57972548498947,,,1236.0,0.0,1.0,1.0
f36bf4f3-3b48-4a99-884f-3002e885953c,math:Orz57K,821,2026-04-23T03:24:40.215949Z,2026-04-23T03:25:15.392817Z,35.176868,1,True,True,False,0.0,0.0,0.02842777247820926,0.0,0.0,,608,406,1014,34.4394794079999,34.4394794079999,,,1014.0,0.0,1.0,1.0
58fadc46-fafc-4515-b690-f219ad95e7b5,math:Orz57K,818,2026-04-23T03:24:40.664648Z,2026-04-23T03:25:18.692713Z,38.028065,1,True,True,False,0.0,0.0,0.02629636822173308,0.0,0.0,,605,407,1012,37.28028342300968,37.28028342300968,,,1012.0,0.0,1.0,1.0
3ad9a7d0-d9df-4d46-9190-7b307a4b9d80,math:Orz57K,819,2026-04-23T03:24:42.963461Z,2026-04-23T03:26:30.174740Z,107.211279,1,True,True,False,0.0,0.0,0.009327376833178158,0.0,0.0,,1310,198,1508,104.70807163699646,104.70807163699646,,,1508.0,0.0,1.0,1.0
bff4cf9f-f27b-4104-8991-4726da898622,math:Orz57K,820,2026-04-23T03:24:45.464163Z,2026-04-23T03:25:22.866656Z,37.402493,1,True,True,False,0.0,0.0,0.02673618574034624,0.0,0.0,,635,601,1236,36.613925719997496,36.613925719997496,,,1236.0,0.0,1.0,1.0
2d6c1313-cb8c-4503-8b60-0de426360f44,math:Orz57K,821,2026-04-23T03:24:47.682761Z,2026-04-23T03:25:25.465120Z,37.782359,1,True,True,False,0.0,0.0,0.026467378598567654,0.0,0.0,,608,406,1014,37.0168612490088,37.0168612490088,,,1014.0,0.0,1.0,1.0
a57b6e83-e54d-4912-894d-8db5c17a572b,math:Orz57K,822,2026-04-23T03:24:48.438833Z,2026-04-23T03:25:31.289581Z,42.850748,1,True,True,True,1.0,1.0,0.023336815497363078,0.023336815497363078,0.0,,590,873,1463,42.1218038740044,42.1218038740044,,,1463.0,0.0,1.0,1.0
6d809d8b-174b-4689-8240-fb12ee350b7b,math:Orz57K,819,2026-04-23T03:24:48.697871Z,2026-04-23T03:26:40.559317Z,111.861446,1,True,True,False,0.0,0.0,0.008939630549742759,0.0,0.0,,1310,198,1508,109.31412970800011,109.31412970800011,,,1508.0,0.0,1.0,1.0
5b9a15b7-3d08-46a2-97bd-d4900e061213,math:Orz57K,820,2026-04-23T03:24:50.998882Z,2026-04-23T03:25:35.478213Z,44.479331,1,True,True,False,0.0,0.0,0.022482352533584642,0.0,0.0,,635,601,1236,43.686585792005644,43.686585792005644,,,1236.0,0.0,1.0,1.0
8a428a89-f563-456a-b340-b333d20035da,math:Orz57K,821,2026-04-23T03:24:52.183120Z,2026-04-23T03:25:37.735985Z,45.552865,1,True,True,False,0.0,0.0,0.02195251604921008,0.0,0.0,,608,406,1014,44.8020330099971,44.8020330099971,,,1014.0,0.0,1.0,1.0
fddb73e8-47fd-420b-9b51-8d05789ff9ea,math:Orz57K,822,2026-04-23T03:24:52.452445Z,2026-04-23T03:25:42.583739Z,50.131294,1,True,True,True,1.0,1.0,0.01994761994374213,0.01994761994374213,0.0,,590,873,1463,49.41074967700115,49.41074967700115,,,1463.0,0.0,1.0,1.0
1bef6816-26e0-4a67-b4f6-1d7fb624994c,math:Orz57K,823,2026-04-23T03:24:54.923690Z,2026-04-23T03:25:44.569591Z,49.645901,1,True,True,False,0.0,0.0,0.02014264984333752,0.0,0.0,,765,277,1042,48.92385505299899,48.92385505299899,,,1042.0,0.0,1.0,1.0
88b1414a-ce0e-4fd6-9608-68c140740bd5,math:Orz57K,820,2026-04-23T03:24:55.313428Z,2026-04-23T03:25:51.106735Z,55.793307,1,True,True,False,0.0,0.0,0.01792329678540116,0.0,0.0,,635,601,1236,55.039530915004434,55.039530915004434,,,1236.0,0.0,1.0,1.0
d0e09814-c552-4752-af3b-050ad419e6d5,math:Orz57K,821,2026-04-23T03:24:55.604459Z,2026-04-23T03:25:53.358221Z,57.753762,1,True,True,False,0.0,0.0,0.017314889374652337,0.0,0.0,,608,406,1014,57.02639615100634,57.02639615100634,,,1014.0,0.0,1.0,1.0
063fcf16-5b88-495d-8cf5-44ee961bad07,math:Orz57K,822,2026-04-23T03:24:56.099663Z,2026-04-23T03:25:58.204416Z,62.104753,1,True,True,True,1.0,1.0,0.01610182718221261,0.01610182718221261,0.0,,590,873,1463,61.35847007200937,61.35847007200937,,,1463.0,0.0,1.0,1.0
051d3347-31a8-47ca-9017-d718e146fda3,math:Orz57K,823,2026-04-23T03:24:58.328749Z,2026-04-23T03:25:59.783835Z,61.455086,1,True,True,False,0.0,0.0,0.016272046222504676,0.0,0.0,,765,277,1042,60.709797937000985,60.709797937000985,,,1042.0,0.0,1.0,1.0
9a154252-9690-4761-a51d-c3153bce3864,math:Orz57K,824,2026-04-23T03:24:59.258107Z,2026-04-23T03:27:08.278046Z,129.019939,1,True,True,True,1.0,1.0,0.007750739984460852,0.007750739984460852,0.0,,1291,215,1506,126.58823177598242,126.58823177598242,,,1506.0,0.0,1.0,1.0
634b3265-2647-4e59-881a-c9f00867e579,math:Orz57K,821,2026-04-23T03:24:59.623311Z,2026-04-23T03:26:02.825756Z,63.202445,1,True,True,False,0.0,0.0,0.015822172702337704,0.0,0.0,,608,406,1014,62.474871771002654,62.474871771002654,,,1014.0,0.0,1.0,1.0
6f7d712d-e120-4abd-a0f1-077fd4b47639,math:Orz57K,822,2026-04-23T03:25:04.189796Z,2026-04-23T03:26:09.027495Z,64.837699,1,True,True,True,1.0,1.0,0.015423125981074683,0.015423125981074683,0.0,,590,873,1463,64.09129809199658,64.09129809199658,,,1463.0,0.0,1.0,1.0
bca647cf-c913-4724-8d94-07ff0bbe4a7a,math:Orz57K,823,2026-04-23T03:25:04.847679Z,2026-04-23T03:26:10.606149Z,65.75847,1,True,True,False,0.0,0.0,0.01520716646844125,0.0,0.0,,765,277,1042,65.01933950198872,65.01933950198872,,,1042.0,0.0,1.0,1.0
9c74ef7d-8db6-40da-b821-e8c64ca150f4,math:Orz57K,824,2026-04-23T03:25:05.239802Z,2026-04-23T03:27:17.955563Z,132.715761,1,True,True,True,1.0,1.0,0.007534900093742447,0.007534900093742447,0.0,,1291,215,1506,130.28703875398787,130.28703875398787,,,1506.0,0.0,1.0,1.0
8ac31ed8-527b-4c15-88e3-4877bae0bc75,math:Orz57K,825,2026-04-23T03:25:07.546109Z,2026-04-23T03:26:15.960073Z,68.413964,1,True,True,False,0.0,0.0,0.014616898971093093,0.0,0.0,,645,822,1467,67.70369130600011,67.70369130600011,,,1467.0,0.0,1.0,1.0
ee60b872-28bc-4877-b6e9-8b847c4e1557,math:Orz57K,822,2026-04-23T03:25:12.815701Z,2026-04-23T03:26:22.152366Z,69.336665,1,True,True,True,1.0,1.0,0.014422383885928175,0.014422383885928175,0.0,,590,873,1463,68.58030009000504,68.58030009000504,,,1463.0,0.0,1.0,1.0
acf393ab-02de-4706-9dc1-d5a93facc1a4,math:Orz57K,823,2026-04-23T03:25:13.151240Z,2026-04-23T03:26:23.678145Z,70.526905,1,True,True,False,0.0,0.0,0.014178986019590679,0.0,0.0,,765,277,1042,69.81660015101079,69.81660015101079,,,1042.0,0.0,1.0,1.0
09f650f3-6fef-469b-bee1-89d82ab1fce9,math:Orz57K,824,2026-04-23T03:25:15.418446Z,2026-04-23T03:27:27.170356Z,131.75191,1,True,True,True,1.0,1.0,0.007590022793597451,0.007590022793597451,0.0,,1291,215,1506,129.30027286299446,129.30027286299446,,,1506.0,0.0,1.0,1.0
cb3b9b71-e122-4f37-8bb3-c9130883a7d1,math:Orz57K,825,2026-04-23T03:25:18.718921Z,2026-04-23T03:26:29.752740Z,71.033819,1,True,True,False,0.0,0.0,0.014077801448349555,0.0,0.0,,645,822,1467,70.28800872300053,70.28800872300053,,,1467.0,0.0,1.0,1.0
3f3e57fb-a49e-4afc-ae38-bc7b561eca05,math:Orz57K,826,2026-04-23T03:25:22.891905Z,2026-04-23T03:26:32.357235Z,69.46533,1,True,True,True,1.0,1.0,0.014395670473313811,0.014395670473313811,0.0,,612,393,1005,68.73018296199734,68.73018296199734,,,1005.0,0.0,1.0,1.0
a6b38e2c-12ce-4b89-bae7-c32a91fb7bec,math:Orz57K,823,2026-04-23T03:25:23.208766Z,2026-04-23T03:26:33.933617Z,70.724851,1,True,True,False,0.0,0.0,0.014139301615495804,0.0,0.0,,765,277,1042,69.99305228500452,69.99305228500452,,,1042.0,0.0,1.0,1.0
7507f6c7-5ab0-405b-ad05-0f4606e408a3,math:Orz57K,824,2026-04-23T03:25:25.490727Z,2026-04-23T03:27:56.134242Z,150.643515,1,True,True,True,1.0,1.0,0.0066381881755746336,0.0066381881755746336,0.0,,1291,215,1506,148.12457426699984,148.12457426699984,,,1506.0,0.0,1.0,1.0
00238154-5ace-4ecf-9414-cfe47ab44f24,math:Orz57K,825,2026-04-23T03:25:31.314352Z,2026-04-23T03:26:40.112230Z,68.797878,1,True,True,False,0.0,0.0,0.014535332034514205,0.0,0.0,,645,822,1467,68.07161976500356,68.07161976500356,,,1467.0,0.0,1.0,1.0
1ea4e482-68ad-42d0-b89b-7d5e27aafb13,math:Orz57K,826,2026-04-23T03:25:35.502998Z,2026-04-23T03:26:42.727023Z,67.224025,1,True,True,True,1.0,1.0,0.01487563412039074,0.01487563412039074,0.0,,612,393,1005,66.49276837600337,66.49276837600337,,,1005.0,0.0,1.0,1.0
48904336-4817-4e5a-8737-e86f1335148b,math:Orz57K,827,2026-04-23T03:25:37.761123Z,2026-04-23T03:29:14.116494Z,216.355371,1,True,True,False,0.0,0.0,0.0046220253066885965,0.0,0.0,,3445,1006,4451,212.15720890399825,212.15720890399825,,,4451.0,0.0,1.0,1.0
69fc44b9-0473-4730-988f-9d9e65d6a56c,math:Orz57K,824,2026-04-23T03:25:42.608055Z,2026-04-23T03:28:26.524228Z,163.916173,1,True,True,True,1.0,1.0,0.00610067927830404,0.00610067927830404,0.0,,1291,215,1506,161.47477715200512,161.47477715200512,,,1506.0,0.0,1.0,1.0
24b893e7-b481-4373-bd9c-e1ff8b2a2087,math:Orz57K,825,2026-04-23T03:25:43.080581Z,2026-04-23T03:26:51.321057Z,68.240476,1,True,True,False,0.0,0.0,0.014654059564297295,0.0,0.0,,645,822,1467,67.48860356600198,67.48860356600198,,,1467.0,0.0,1.0,1.0
f7cf9029-64f8-4c89-8b1f-f49ef4070397,math:Orz57K,826,2026-04-23T03:25:44.595074Z,2026-04-23T03:26:53.499090Z,68.904016,1,True,True,True,1.0,1.0,0.014512942177419674,0.014512942177419674,0.0,,612,393,1005,68.17500903099426,68.17500903099426,,,1005.0,0.0,1.0,1.0
5ba95507-b505-4eb2-9ed4-d495f73d1b3e,math:Orz57K,827,2026-04-23T03:25:47.887472Z,2026-04-23T03:29:22.348084Z,214.460612,1,True,True,False,0.0,0.0,0.004662860889345965,0.0,0.0,,3445,1006,4451,210.21191866497975,210.21191866497975,,,4451.0,0.0,1.0,1.0
e41a654e-e3e4-49dd-8379-f932c335399b,math:Orz57K,828,2026-04-23T03:25:51.137685Z,2026-04-23T03:28:32.569425Z,161.43174,1,True,True,True,1.0,1.0,0.006194568676519252,0.006194568676519252,0.0,,1382,266,1648,158.93930021200504,158.93930021200504,,,1648.0,0.0,1.0,1.0
cae03eda-41c6-46e4-bf61-46f7c1e20fc0,math:Orz57K,825,2026-04-23T03:25:53.384739Z,2026-04-23T03:27:02.403433Z,69.018694,1,True,True,False,0.0,0.0,0.014488828200661115,0.0,0.0,,645,822,1467,68.29600952498731,68.29600952498731,,,1467.0,0.0,1.0,1.0
a78e56c9-bda1-441e-a0d0-2f04aa683a11,math:Orz57K,826,2026-04-23T03:25:58.229716Z,2026-04-23T03:27:04.663580Z,66.433864,1,True,True,True,1.0,1.0,0.015052564156135793,0.015052564156135793,0.0,,612,393,1005,65.65804742199543,65.65804742199543,,,1005.0,0.0,1.0,1.0
5c894aea-b682-43de-b77d-a619acd86677,math:Orz57K,827,2026-04-23T03:25:59.809064Z,2026-04-23T03:29:31.104366Z,211.295302,1,True,True,False,0.0,0.0,0.004732712892972888,0.0,0.0,,3445,1006,4451,207.04799322500185,207.04799322500185,,,4451.0,0.0,1.0,1.0
851eb7dc-063d-411b-bf63-fa20453b8981,math:Orz57K,828,2026-04-23T03:26:02.849398Z,2026-04-23T03:28:39.170265Z,156.320867,1,True,True,True,1.0,1.0,0.006397098603604854,0.006397098603604854,0.0,,1382,266,1648,153.852194445004,153.852194445004,,,1648.0,0.0,1.0,1.0
4fc19968-ab60-494a-b76d-99b91ced6fd8,math:Orz57K,829,2026-04-23T03:26:03.325707Z,2026-04-23T03:28:41.190709Z,157.865002,1,True,True,False,0.0,0.0,0.006334526255540794,0.0,0.0,,1488,684,2172,155.44702678499743,155.44702678499743,,,2172.0,0.0,1.0,1.0
2dd5a39b-2032-48af-aff9-2a3d3ffcf91c,math:Orz57K,826,2026-04-23T03:26:09.052855Z,2026-04-23T03:27:14.453711Z,65.400856,1,True,True,True,1.0,1.0,0.015290319747496882,0.015290319747496882,0.0,,612,393,1005,64.6906129859999,64.6906129859999,,,1005.0,0.0,1.0,1.0
5e6107b1-56b1-4982-a8eb-5200612c47ac,math:Orz57K,827,2026-04-23T03:26:10.631028Z,2026-04-23T03:31:45.044349Z,334.413321,1,True,True,True,1.0,1.0,0.002990311501377064,0.002990311501377064,0.0,,5388,1976,7364,328.35544496901275,328.35544496901275,,,7364.0,0.0,1.0,1.0
1566c1fd-1281-4353-b461-8a0a24702f58,math:Orz57K,828,2026-04-23T03:26:15.984963Z,2026-04-23T03:28:49.241957Z,153.256994,1,True,True,True,1.0,1.0,0.006524987694851956,0.006524987694851956,0.0,,1451,324,1775,150.74792097098543,150.74792097098543,,,1775.0,0.0,1.0,1.0
ed3ddda4-5fde-40e2-9c01-e4109b539b43,math:Orz57K,829,2026-04-23T03:26:17.271421Z,2026-04-23T03:28:52.258383Z,154.986962,1,True,True,False,0.0,0.0,0.006452155633581617,0.0,0.0,,1491,685,2176,152.53407172298466,152.53407172298466,,,2176.0,0.0,1.0,1.0
5f480256-bf5c-438d-b897-aa47c60a677f,math:Orz57K,830,2026-04-23T03:26:22.177422Z,2026-04-23T03:27:23.494262Z,61.31684,1,True,True,False,0.0,0.0,0.016308733457236217,0.0,0.0,,572,208,780,60.599039148000884,60.599039148000884,,,780.0,0.0,1.0,1.0
bd0312b4-7c97-4ea8-b9c1-79a88d11cd69,math:Orz57K,827,2026-04-23T03:26:23.704081Z,2026-04-23T03:29:58.552472Z,214.848391,1,True,True,False,0.0,0.0,0.004654444910411268,0.0,0.0,,3445,1006,4451,210.63613970199367,210.63613970199367,,,4451.0,0.0,1.0,1.0
c38228cd-a57b-4064-a8dc-78bf51cb955a,math:Orz57K,828,2026-04-23T03:26:29.778750Z,2026-04-23T03:29:01.216934Z,151.438184,1,True,True,True,1.0,1.0,0.0066033544089514435,0.0066033544089514435,0.0,,5345,4162,9507,148.98086697101826,148.98086697101826,,,9507.0,0.0,1.0,1.0
a4ad0f14-bc1b-43a7-a986-7deaa76161f0,math:Orz57K,829,2026-04-23T03:26:30.201013Z,2026-04-23T03:29:03.293628Z,153.092615,1,True,True,False,0.0,0.0,0.006531993721578275,0.0,0.0,,1488,684,2172,150.61084968599607,150.61084968599607,,,2172.0,0.0,1.0,1.0
3f702d9b-afaf-4e10-a432-21dac166901c,math:Orz57K,830,2026-04-23T03:26:32.382160Z,2026-04-23T03:29:04.594799Z,152.212639,1,True,True,True,1.0,1.0,0.0065697566678414926,0.0065697566678414926,0.0,,1379,238,1617,149.62520112699713,149.62520112699713,,,1617.0,0.0,1.0,1.0
65fbddf1-f8c1-4376-a7dd-75e90ca91333,math:Orz57K,831,2026-04-23T03:26:33.959475Z,2026-04-23T03:27:55.646752Z,81.687277,1,True,True,False,0.0,0.0,0.012241808476490165,0.0,0.0,,570,172,742,80.95402915799059,80.95402915799059,,,742.0,0.0,1.0,1.0
449fd536-de66-4072-a7be-a3451b1f939f,math:Orz57K,828,2026-04-23T03:26:40.136869Z,2026-04-23T03:29:09.296950Z,149.160081,1,True,True,True,1.0,1.0,0.006704206603373996,0.006704206603373996,0.0,,5345,4162,9507,146.6404177700024,146.6404177700024,,,9507.0,0.0,1.0,1.0
1a7e45cc-3b48-4f59-9ba3-cd48374c4678,math:Orz57K,829,2026-04-23T03:26:40.584911Z,2026-04-23T03:29:11.327964Z,150.743053,1,True,True,False,0.0,0.0,0.0066338048759036344,0.0,0.0,,1488,684,2172,148.267688678985,148.267688678985,,,2172.0,0.0,1.0,1.0
d0f01ce2-b504-4671-bfb5-ee0ee8f8ed29,math:Orz57K,830,2026-04-23T03:26:42.751986Z,2026-04-23T03:29:11.664020Z,148.912034,1,True,True,True,1.0,1.0,0.006715373990526514,0.006715373990526514,0.0,,1379,238,1617,146.39771245300653,146.39771245300653,,,1617.0,0.0,1.0,1.0
1592e9fb-13d7-489d-864d-c1f3266fdae1,math:Orz57K,831,2026-04-23T03:26:51.347484Z,2026-04-23T03:28:27.535887Z,96.188403,1,True,True,False,0.0,0.0,0.01039626367432257,0.0,0.0,,570,172,742,95.4359388229932,95.4359388229932,,,742.0,0.0,1.0,1.0
815d6e46-a4a4-4361-aabd-4643feaffecc,math:Orz57K,832,2026-04-23T03:26:53.524456Z,2026-04-23T03:28:29.894636Z,96.37018,1,True,True,False,0.0,0.0,0.010376653857033367,0.0,0.0,,603,433,1036,95.66620818400406,95.66620818400406,,,1036.0,0.0,1.0,1.0
40fc6a61-ac42-493e-88fe-51219e3df9c6,math:Orz57K,829,2026-04-23T03:27:02.428411Z,2026-04-23T03:29:24.372700Z,141.944289,1,True,True,False,0.0,0.0,0.007045017499788244,0.0,0.0,,1488,684,2172,139.43873082200298,139.43873082200298,,,2172.0,0.0,1.0,1.0
546214ed-81be-4b03-8b45-a7060291a104,math:Orz57K,830,2026-04-23T03:27:04.688947Z,2026-04-23T03:29:26.782083Z,142.093136,1,True,True,True,1.0,1.0,0.007037637623818789,0.007037637623818789,0.0,,1379,238,1617,139.58579242700944,139.58579242700944,,,1617.0,0.0,1.0,1.0
b45143e0-71d9-4ea2-b0ed-deb2d0221d8e,math:Orz57K,831,2026-04-23T03:27:08.300899Z,2026-04-23T03:28:36.461621Z,88.160722,1,True,True,False,0.0,0.0,0.01134291980957234,0.0,0.0,,570,172,742,87.43316967099963,87.43316967099963,,,742.0,0.0,1.0,1.0
13c8d36a-b9fe-45a6-a502-53e9aeaf4881,math:Orz57K,832,2026-04-23T03:27:12.256005Z,2026-04-23T03:28:43.611759Z,91.355754,1,True,True,False,0.0,0.0,0.010946218012715433,0.0,0.0,,603,433,1036,90.63674336300755,90.63674336300755,,,1036.0,0.0,1.0,1.0
b6b9e0e6-8f36-4a0e-ac7b-09ebe3eca647,math:Orz57K,833,2026-04-23T03:27:14.478957Z,2026-04-23T03:28:45.127825Z,90.648868,1,True,True,False,0.0,0.0,0.011031577360679232,0.0,0.0,,598,263,861,89.88801139401039,89.88801139401039,,,861.0,0.0,1.0,1.0
e9af2644-c51f-4161-a604-0916e255a0ad,math:Orz57K,830,2026-04-23T03:27:17.980420Z,2026-04-23T03:29:37.975128Z,139.994708,1,True,True,True,1.0,1.0,0.007143127153063529,0.007143127153063529,0.0,,1379,238,1617,137.50973299601173,137.50973299601173,,,1617.0,0.0,1.0,1.0
97ea8645-9d6e-46c0-808f-1b37fc1523ee,math:Orz57K,831,2026-04-23T03:27:22.336596Z,2026-04-23T03:28:50.245844Z,87.909248,1,True,True,False,0.0,0.0,0.011375367469870746,0.0,0.0,,570,172,742,87.1523136570031,87.1523136570031,,,742.0,0.0,1.0,1.0
5df3bbad-c432-4e60-8bb1-56495e83a499,math:Orz57K,832,2026-04-23T03:27:23.519034Z,2026-04-23T03:28:54.678369Z,91.159335,1,True,True,False,0.0,0.0,0.01096980358621528,0.0,0.0,,603,433,1036,90.44393215200398,90.44393215200398,,,1036.0,0.0,1.0,1.0
113cd404-ae65-47ee-9f0a-141958b2708d,math:Orz57K,833,2026-04-23T03:27:27.194230Z,2026-04-23T03:28:56.215455Z,89.021225,1,True,True,False,0.0,0.0,0.011233276109152621,0.0,0.0,,598,263,861,88.25579407799523,88.25579407799523,,,861.0,0.0,1.0,1.0
aa8d9403-9434-42fb-9843-ab6cacef1658,math:Orz57K,834,2026-04-23T03:27:27.845167Z,2026-04-23T03:29:00.439847Z,92.59468,1,True,True,False,0.0,0.0,0.010799756530288782,0.0,0.0,,595,376,971,91.8678626990004,91.8678626990004,,,971.0,0.0,1.0,1.0
c4397f45-b5b5-4735-a611-14054289ce5d,math:Orz57K,831,2026-04-23T03:27:55.672231Z,2026-04-23T03:29:04.248720Z,68.576489,1,True,True,False,0.0,0.0,0.014582257193132183,0.0,0.0,,570,172,742,67.86227556499944,67.86227556499944,,,742.0,0.0,1.0,1.0
ad2b6eeb-aff7-4a6e-bc05-4466f9d2c672,math:Orz57K,832,2026-04-23T03:27:56.158167Z,2026-04-23T03:29:06.988565Z,70.830398,1,True,True,False,0.0,0.0,0.014118232118362514,0.0,0.0,,603,433,1036,70.12363073699817,70.12363073699817,,,1036.0,0.0,1.0,1.0
016b626a-e9df-407d-9f57-188e18e36156,math:Orz57K,833,2026-04-23T03:27:56.832076Z,2026-04-23T03:29:08.533050Z,71.700974,1,True,True,False,0.0,0.0,0.013946811935915961,0.0,0.0,,598,263,861,70.93278428100166,70.93278428100166,,,861.0,0.0,1.0,1.0
d6be3885-bd4e-4d37-829c-c1f0eb264dd3,math:Orz57K,834,2026-04-23T03:28:26.547887Z,2026-04-23T03:29:13.751971Z,47.204084,1,True,True,False,0.0,0.0,0.021184607670810856,0.0,0.0,,595,376,971,46.477095167996595,46.477095167996595,,,971.0,0.0,1.0,1.0
04d21aa7-641f-40fe-83a2-bd4b93f62927,math:Orz57K,835,2026-04-23T03:28:27.561338Z,2026-04-23T03:29:18.081754Z,50.520416,1,True,True,True,1.0,1.0,0.019793977943491203,0.019793977943491203,0.0,,599,708,1307,49.788071385002695,49.788071385002695,,,1307.0,0.0,1.0,1.0
3303705c-dbc0-46a7-b592-4c8eafdf2a1d,math:Orz57K,832,2026-04-23T03:28:29.920024Z,2026-04-23T03:29:20.484427Z,50.564403,1,True,True,False,0.0,0.0,0.019776758760505886,0.0,0.0,,603,433,1036,49.8486898150004,49.8486898150004,,,1036.0,0.0,1.0,1.0
ae46611a-e127-4909-b384-c779922c4089,math:Orz57K,833,2026-04-23T03:28:32.596085Z,2026-04-23T03:29:22.011783Z,49.415698,1,True,True,False,0.0,0.0,0.020236484365757618,0.0,0.0,,598,263,861,48.652782944001956,48.652782944001956,,,861.0,0.0,1.0,1.0
ba2db972-2dcb-4db0-a9ce-d8b245b5eaf0,math:Orz57K,834,2026-04-23T03:28:36.488244Z,2026-04-23T03:29:26.474932Z,49.986688,1,True,True,False,0.0,0.0,0.020005326218052295,0.0,0.0,,595,376,971,49.276110217004316,49.276110217004316,,,971.0,0.0,1.0,1.0
594fad67-4561-4030-976e-66adacb7383d,math:Orz57K,835,2026-04-23T03:28:39.194744Z,2026-04-23T03:29:30.712354Z,51.51761,1,True,True,True,1.0,1.0,0.019410838352167347,0.019410838352167347,0.0,,599,708,1307,50.783319961992675,50.783319961992675,,,1307.0,0.0,1.0,1.0
533ec48f-a2e9-49a7-8037-2281e993bd37,math:Orz57K,836,2026-04-23T03:28:41.213889Z,2026-04-23T03:29:34.040691Z,52.826802,1,True,True,False,0.0,0.0,0.01892978492243388,0.0,0.0,,662,522,1184,52.1031189589994,52.1031189589994,,,1184.0,0.0,1.0,1.0
85692672-60d7-4193-8137-ae7bae1fb5d9,math:Orz57K,833,2026-04-23T03:28:43.637394Z,2026-04-23T03:29:35.548078Z,51.910684,1,True,True,False,0.0,0.0,0.019263857128139553,0.0,0.0,,598,263,861,51.15626532401075,51.15626532401075,,,861.0,0.0,1.0,1.0
80a91f12-c480-4ea7-baf4-2a5fd939cf0c,math:Orz57K,834,2026-04-23T03:28:45.151464Z,2026-04-23T03:29:37.646799Z,52.495335,1,True,True,False,0.0,0.0,0.019049311715031443,0.0,0.0,,595,376,971,51.75927795600728,51.75927795600728,,,971.0,0.0,1.0,1.0
7baa51be-6ba5-43ea-bac8-54f022d80865,math:Orz57K,835,2026-04-23T03:28:49.264639Z,2026-04-23T03:29:41.950693Z,52.686054,1,True,True,True,1.0,1.0,0.01898035483925215,0.01898035483925215,0.0,,599,708,1307,51.958812837008736,51.958812837008736,,,1307.0,0.0,1.0,1.0
fe4e8cf0-d445-4c74-b08c-dbb981f6fe07,math:Orz57K,836,2026-04-23T03:28:50.272290Z,2026-04-23T03:29:47.722675Z,57.450385,1,True,True,False,0.0,0.0,0.017406323734819186,0.0,0.0,,662,522,1184,56.734114908002084,56.734114908002084,,,1184.0,0.0,1.0,1.0
394972a3-6720-49c5-b645-cb4abb60d097,math:Orz57K,837,2026-04-23T03:28:52.286473Z,2026-04-23T03:29:52.125774Z,59.839301,1,True,True,True,1.0,1.0,0.01671142515518355,0.01671142515518355,0.0,,628,785,1413,59.10808421600086,59.10808421600086,,,1413.0,0.0,1.0,1.0
1a6892fb-8026-4bdf-98ea-65af56b5418b,math:Orz57K,834,2026-04-23T03:28:54.703377Z,2026-04-23T03:29:54.247665Z,59.544288,1,True,True,False,0.0,0.0,0.016794222142684785,0.0,0.0,,595,376,971,58.797385851998115,58.797385851998115,,,971.0,0.0,1.0,1.0
a4a40bfb-ead3-48d5-bf1d-1c520222c16d,math:Orz57K,835,2026-04-23T03:28:56.240110Z,2026-04-23T03:29:58.208518Z,61.968408,1,True,True,True,1.0,1.0,0.016137254970306807,0.016137254970306807,0.0,,599,708,1307,61.217245830994216,61.217245830994216,,,1307.0,0.0,1.0,1.0
e7318488-3caa-4d6f-98ec-fd54d591428a,math:Orz57K,836,2026-04-23T03:29:00.465739Z,2026-04-23T03:30:01.436566Z,60.970827,1,True,True,False,0.0,0.0,0.01640128647098718,0.0,0.0,,662,522,1184,60.24735797800531,60.24735797800531,,,1184.0,0.0,1.0,1.0
1004f713-978f-4318-b8cc-652996643932,math:Orz57K,837,2026-04-23T03:29:01.241192Z,2026-04-23T03:30:05.873702Z,64.63251,1,True,True,True,1.0,1.0,0.01547208981981359,0.01547208981981359,0.0,,628,785,1413,63.88133192100213,63.88133192100213,,,1413.0,0.0,1.0,1.0
ab3ace38-02c8-46c8-a1eb-dca42a7a61a4,math:Orz57K,838,2026-04-23T03:29:03.317972Z,2026-04-23T03:30:09.756921Z,66.438949,1,True,True,False,0.0,0.0,0.015051412086606007,0.0,0.0,,612,695,1307,65.70202718500514,65.70202718500514,,,1307.0,0.0,1.0,1.0
9bab9a41-bc6e-4d7e-8c75-dfc2d1467f20,math:Orz57K,835,2026-04-23T03:29:04.275342Z,2026-04-23T03:30:13.693005Z,69.417663,1,True,True,True,1.0,1.0,0.014405555542830647,0.014405555542830647,0.0,,599,708,1307,68.71064141100214,68.71064141100214,,,1307.0,0.0,1.0,1.0
eff44115-54fa-411d-960b-e89be49e48b8,math:Orz57K,836,2026-04-23T03:29:04.619794Z,2026-04-23T03:30:16.638020Z,72.018226,1,True,True,False,0.0,0.0,0.013885373960752657,0.0,0.0,,662,522,1184,71.28492202500638,71.28492202500638,,,1184.0,0.0,1.0,1.0
27f46ef5-302e-46b2-8f23-7be7ce30d413,math:Orz57K,837,2026-04-23T03:29:07.014552Z,2026-04-23T03:30:21.025293Z,74.010741,1,True,True,True,1.0,1.0,0.013511552329951677,0.013511552329951677,0.0,,628,785,1413,73.27142533399456,73.27142533399456,,,1413.0,0.0,1.0,1.0
d1a8272b-befd-41d2-9b34-466170f3bcfc,math:Orz57K,838,2026-04-23T03:29:08.559859Z,2026-04-23T03:30:24.877478Z,76.317619,1,True,True,False,0.0,0.0,0.013103134153071521,0.0,0.0,,612,695,1307,75.60458715799905,75.60458715799905,,,1307.0,0.0,1.0,1.0
388b0d5f-75d0-45c7-aa76-4b53af01a105,math:Orz57K,839,2026-04-23T03:29:09.320535Z,2026-04-23T03:30:26.763505Z,77.44297,1,True,True,False,0.0,0.0,0.012912727908033486,0.0,0.0,,590,334,924,76.72192680399166,76.72192680399166,,,924.0,0.0,1.0,1.0
12b39a52-8caa-4f31-9bb2-4ef385d8c89c,math:Orz57K,836,2026-04-23T03:29:11.353386Z,2026-04-23T03:30:29.700916Z,78.34753,1,True,True,False,0.0,0.0,0.01276364423996519,0.0,0.0,,662,522,1184,77.59744823699293,77.59744823699293,,,1184.0,0.0,1.0,1.0
2347a532-54e4-4313-8770-b9d9bfd70b7b,math:Orz57K,837,2026-04-23T03:29:11.688955Z,2026-04-23T03:30:34.050654Z,82.361699,1,True,True,True,1.0,1.0,0.0121415659480264,0.0121415659480264,0.0,,628,785,1413,81.63721239399456,81.63721239399456,,,1413.0,0.0,1.0,1.0
e0c2df6f-b2fb-4737-aa8f-4a75008dddc6,math:Orz57K,838,2026-04-23T03:29:13.777528Z,2026-04-23T03:30:37.951473Z,84.173945,1,True,True,False,0.0,0.0,0.011880160778967886,0.0,0.0,,612,695,1307,83.44365155299602,83.44365155299602,,,1307.0,0.0,1.0,1.0
4098b8f2-a32a-4207-bb93-0ea8a9d2d26f,math:Orz57K,839,2026-04-23T03:29:14.148292Z,2026-04-23T03:30:39.796055Z,85.647763,1,True,True,False,0.0,0.0,0.0116757281798475,0.0,0.0,,590,334,924,84.95142250800563,84.95142250800563,,,924.0,0.0,1.0,1.0
f9e3456b-4054-4078-9ae8-cf238f53fd70,math:Orz57K,840,2026-04-23T03:29:18.108042Z,2026-04-23T03:30:42.321760Z,84.213718,1,True,True,False,0.0,0.0,0.011874549939714098,0.0,0.0,,582,447,1029,83.48647436300234,83.48647436300234,,,1029.0,0.0,1.0,1.0
b5302f79-2dde-4bd4-80e6-3a840dfcc13f,math:Orz57K,837,2026-04-23T03:29:20.509697Z,2026-04-23T03:30:46.711869Z,86.202172,1,True,True,True,1.0,1.0,0.011600635770523275,0.011600635770523275,0.0,,628,785,1413,85.47459840599913,85.47459840599913,,,1413.0,0.0,1.0,1.0
005ccfd2-a1f0-4528-8164-f6cc0a4c6d89,math:Orz57K,838,2026-04-23T03:29:22.037298Z,2026-04-23T03:30:50.604510Z,88.567212,1,True,True,False,0.0,0.0,0.011290860098430106,0.0,0.0,,612,695,1307,87.8307173820067,87.8307173820067,,,1307.0,0.0,1.0,1.0
72886443-da07-410e-bf41-8d38810a6778,math:Orz57K,839,2026-04-23T03:29:22.373277Z,2026-04-23T03:30:52.476655Z,90.103378,1,True,True,False,0.0,0.0,0.01109836303806501,0.0,0.0,,590,334,924,89.36502018000465,89.36502018000465,,,924.0,0.0,1.0,1.0
48ec4fb9-09d1-4544-9698-8dcafc0590e0,math:Orz57K,840,2026-04-23T03:29:24.397658Z,2026-04-23T03:30:54.959404Z,90.561746,1,True,True,False,0.0,0.0,0.01104218993304303,0.0,0.0,,582,447,1029,89.83620959700784,89.83620959700784,,,1029.0,0.0,1.0,1.0
ecf12653-5cf2-442f-971a-e87cd56f5003,math:Orz57K,841,2026-04-23T03:29:26.501637Z,2026-04-23T03:31:05.725625Z,99.223988,1,True,True,False,0.0,0.0,0.01007820810427414,0.0,0.0,,743,1893,2636,98.50258715100063,98.50258715100063,,,2636.0,0.0,1.0,1.0
c1518bbb-165a-469e-ad08-3f9c7474c6b2,math:Orz57K,838,2026-04-23T03:29:26.806899Z,2026-04-23T03:31:09.635143Z,102.828244,1,True,True,False,0.0,0.0,0.009724954556259855,0.0,0.0,,612,695,1307,102.10615396300273,102.10615396300273,,,1307.0,0.0,1.0,1.0
196233e1-d4bc-4d5a-a08e-cd55fa6f2897,math:Orz57K,839,2026-04-23T03:29:30.737520Z,2026-04-23T03:31:11.487752Z,100.750232,1,True,True,False,0.0,0.0,0.009925535456831504,0.0,0.0,,590,334,924,100.0533349920006,100.0533349920006,,,924.0,0.0,1.0,1.0
9798978f-b269-40c5-bb21-051a9c54fd97,math:Orz57K,840,2026-04-23T03:29:31.129643Z,2026-04-23T03:31:14.014535Z,102.884892,1,True,True,False,0.0,0.0,0.00971960003612581,0.0,0.0,,582,447,1029,102.16209940500266,102.16209940500266,,,1029.0,0.0,1.0,1.0
635c633a-8348-4a63-b07d-892a7672a983,math:Orz57K,841,2026-04-23T03:29:34.066092Z,2026-04-23T03:31:24.790935Z,110.724843,1,True,True,False,0.0,0.0,0.009031396865471284,0.0,0.0,,743,1893,2636,110.00323125900468,110.00323125900468,,,2636.0,0.0,1.0,1.0
c0b1ac64-6886-4e57-b3eb-a3acc4e5a3c1,math:Orz57K,842,2026-04-23T03:29:35.572900Z,2026-04-23T03:31:26.980962Z,111.408062,1,True,True,True,1.0,1.0,0.00897601108975399,0.00897601108975399,0.0,,569,389,958,110.66972361700027,110.66972361700027,,,958.0,0.0,1.0,1.0
52102fc4-9a56-47c2-bf9a-32789bb7aad6,math:Orz57K,839,2026-04-23T03:29:37.671929Z,2026-04-23T03:31:28.851072Z,111.179143,1,True,True,False,0.0,0.0,0.008994492788993705,0.0,0.0,,590,334,924,110.4421225660044,110.4421225660044,,,924.0,0.0,1.0,1.0
d6d78ce0-29a9-4a5a-b9db-3502e0d84b93,math:Orz57K,840,2026-04-23T03:29:38.000364Z,2026-04-23T03:31:31.318000Z,113.317636,1,True,True,False,0.0,0.0,0.008824751691784323,0.0,0.0,,582,447,1029,112.5589258550026,112.5589258550026,,,1029.0,0.0,1.0,1.0
000003a7-73b5-4323-a80e-8c44fed61d0b,math:Orz57K,841,2026-04-23T03:29:41.976941Z,2026-04-23T03:31:42.133510Z,120.156569,1,True,True,False,0.0,0.0,0.008322474653882635,0.0,0.0,,743,1893,2636,119.451365713001,119.451365713001,,,2636.0,0.0,1.0,1.0
5e8a59b2-2008-497d-8a5a-4059faefbfc0,math:Orz57K,842,2026-04-23T03:29:47.747264Z,2026-04-23T03:31:46.901919Z,119.154655,1,True,True,True,1.0,1.0,0.00839245432752921,0.00839245432752921,0.0,,569,334,903,118.44809007499134,118.44809007499134,,,903.0,0.0,1.0,1.0
4e6f860c-5020-4281-bb57-9daf340ed8c9,math:Orz57K,843,2026-04-23T03:29:52.151727Z,2026-04-23T03:31:51.194264Z,119.042537,1,True,True,False,0.0,0.0,0.008400358604588543,0.0,0.0,,614,765,1379,118.32160632799787,118.32160632799787,,,1379.0,0.0,1.0,1.0
098218de-2c3c-4d2d-b046-62acf897203c,math:Orz57K,840,2026-04-23T03:29:54.272340Z,2026-04-23T03:31:53.719353Z,119.447013,1,True,True,False,0.0,0.0,0.008371912992081267,0.0,0.0,,582,447,1029,118.69709467999928,118.69709467999928,,,1029.0,0.0,1.0,1.0
036815bb-1c04-4ac3-a606-d076c59f8583,math:Orz57K,841,2026-04-23T03:29:58.234079Z,2026-04-23T03:32:04.397883Z,126.163804,1,True,True,False,0.0,0.0,0.007926203620176197,0.0,0.0,,743,1893,2636,125.4630781619926,125.4630781619926,,,2636.0,0.0,1.0,1.0
ab5397a9-b840-4493-a0ed-20d3b7fc966a,math:Orz57K,842,2026-04-23T03:29:58.576332Z,2026-04-23T03:32:06.610342Z,128.03401,1,True,True,True,1.0,1.0,0.00781042474573748,0.00781042474573748,0.0,,569,389,958,127.29182260199741,127.29182260199741,,,958.0,0.0,1.0,1.0
b009d2e3-03fa-4788-8938-df88fbe4bd49,math:Orz57K,843,2026-04-23T03:30:01.462370Z,2026-04-23T03:32:10.885125Z,129.422755,1,True,True,False,0.0,0.0,0.007726616544362698,0.0,0.0,,614,765,1379,128.68925277098606,128.68925277098606,,,1379.0,0.0,1.0,1.0
deb947b8-0bcf-4ed6-ac9e-88f06827b219,math:Orz57K,844,2026-04-23T03:30:05.900817Z,2026-04-23T03:32:12.809668Z,126.908851,1,True,True,True,1.0,1.0,0.007879671056197649,0.007879671056197649,0.0,,577,341,918,126.16186678499798,126.16186678499798,,,918.0,0.0,1.0,1.0
a7bafab8-596e-4eef-976d-4a8e2c05b122,math:Orz57K,841,2026-04-23T03:30:09.780745Z,2026-04-23T03:32:23.523469Z,133.742724,1,True,True,False,0.0,0.0,0.0074770422651179134,0.0,0.0,,743,1893,2636,132.98559727400425,132.98559727400425,,,2636.0,0.0,1.0,1.0
a54af478-92a2-4ec6-b331-1e3bbc67c212,math:Orz57K,842,2026-04-23T03:30:13.717802Z,2026-04-23T03:32:25.657449Z,131.939647,1,True,True,True,1.0,1.0,0.0075792229457761085,0.0075792229457761085,0.0,,569,389,958,131.22144184500212,131.22144184500212,,,958.0,0.0,1.0,1.0
47886145-2546-44db-b7b7-6539bfa7a419,math:Orz57K,843,2026-04-23T03:30:16.663293Z,2026-04-23T03:32:29.937896Z,133.274603,1,True,True,False,0.0,0.0,0.007503305037044454,0.0,0.0,,614,765,1379,132.5458230089862,132.5458230089862,,,1379.0,0.0,1.0,1.0
e6f8035f-8915-438f-835b-5600b8ff9a6a,math:Orz57K,844,2026-04-23T03:30:21.049226Z,2026-04-23T03:32:31.791778Z,130.742552,1,True,True,True,1.0,1.0,0.007648619249836886,0.007648619249836886,0.0,,577,341,918,130.02150795899797,130.02150795899797,,,918.0,0.0,1.0,1.0
43fd6c50-d15f-45af-967b-58b3f21aecb7,math:Orz57K,845,2026-04-23T03:30:24.905086Z,2026-04-23T03:32:35.224430Z,130.319344,1,True,True,False,0.0,0.0,0.007673457901998033,0.0,0.0,,783,605,1388,129.57696255500196,129.57696255500196,,,1388.0,0.0,1.0,1.0
e66491af-d0f0-4085-9ca7-7a8805d2a772,math:Orz57K,842,2026-04-23T03:30:26.788017Z,2026-04-23T03:32:37.406037Z,130.61802,1,True,True,True,1.0,1.0,0.007655911489088565,0.007655911489088565,0.0,,569,389,958,129.87693149299594,129.87693149299594,,,958.0,0.0,1.0,1.0
47eb8b75-6e98-4f77-a96c-10d44700a044,math:Orz57K,843,2026-04-23T03:30:29.724632Z,2026-04-23T03:32:41.691649Z,131.967017,1,True,True,False,0.0,0.0,0.007577651012601126,0.0,0.0,,614,765,1379,131.2124659330002,131.2124659330002,,,1379.0,0.0,1.0,1.0
2a84019a-3ff0-4f15-ba02-597d0c4c16c4,math:Orz57K,844,2026-04-23T03:30:34.076249Z,2026-04-23T03:32:43.595689Z,129.51944,1,True,True,True,1.0,1.0,0.0077208487003958635,0.0077208487003958635,0.0,,577,341,918,128.77159663900966,128.77159663900966,,,918.0,0.0,1.0,1.0
f06ef1de-b310-4754-8ada-d8e454b795ff,math:Orz57K,845,2026-04-23T03:30:37.976145Z,2026-04-23T03:32:46.986878Z,129.010733,1,True,True,False,0.0,0.0,0.007751293064895617,0.0,0.0,,783,605,1388,128.2618920189998,128.2618920189998,,,1388.0,0.0,1.0,1.0
94be389f-eb64-4b01-aef0-4ee994a54915,math:Orz57K,846,2026-04-23T03:30:39.821569Z,2026-04-23T03:34:13.808568Z,213.986999,1,True,True,False,0.0,0.0,0.004673181102932333,0.0,0.0,,1591,254,1845,211.44930894000572,211.44930894000572,,,1845.0,0.0,1.0,1.0
69118791-76c0-4b50-b3f3-97b562fad307,math:Orz57K,843,2026-04-23T03:30:42.346149Z,2026-04-23T03:32:52.503336Z,130.157187,1,True,True,False,0.0,0.0,0.0076830179189413495,0.0,0.0,,614,765,1379,129.42109748399525,129.42109748399525,,,1379.0,0.0,1.0,1.0
829186e3-321c-4c6c-9e98-80ae51cb6783,math:Orz57K,844,2026-04-23T03:30:46.737055Z,2026-04-23T03:32:54.375958Z,127.638903,1,True,True,True,1.0,1.0,0.007834601963008097,0.007834601963008097,0.0,,577,341,918,126.93814572400879,126.93814572400879,,,918.0,0.0,1.0,1.0
5bbd8f9b-a312-4773-8923-c063316c1213,math:Orz57K,845,2026-04-23T03:30:50.628603Z,2026-04-23T03:32:57.796678Z,127.168075,1,True,True,False,0.0,0.0,0.007863608849941308,0.0,0.0,,783,605,1388,126.44303578299878,126.44303578299878,,,1388.0,0.0,1.0,1.0
d7601941-ab1f-4e54-bcfd-c60b88732abd,math:Orz57K,846,2026-04-23T03:30:52.501894Z,2026-04-23T03:34:19.388109Z,206.886215,1,True,True,False,0.0,0.0,0.004833574822759458,0.0,0.0,,1591,254,1845,204.36196911800653,204.36196911800653,,,1845.0,0.0,1.0,1.0
7bb966b5-b73a-45f7-8a3d-d709fa24cc67,math:Orz57K,847,2026-04-23T03:30:54.984137Z,2026-04-23T03:33:02.864190Z,127.880053,1,True,True,False,0.0,0.0,0.007819827850712573,0.0,0.0,,674,685,1359,127.15030499700515,127.15030499700515,,,1359.0,0.0,1.0,1.0
cc05418d-ab21-4d54-8caf-46dddc681ff0,math:Orz57K,844,2026-04-23T03:31:05.750371Z,2026-04-23T03:33:04.798460Z,119.048089,1,True,True,True,1.0,1.0,0.008399966840290901,0.008399966840290901,0.0,,577,341,918,118.31851445700158,118.31851445700158,,,918.0,0.0,1.0,1.0
bb2f17df-ac88-4a77-92c1-b883ee42fac3,math:Orz57K,845,2026-04-23T03:31:09.659818Z,2026-04-23T03:33:08.222034Z,118.562216,1,True,True,False,0.0,0.0,0.008434390261396599,0.0,0.0,,783,605,1388,117.84217666299082,117.84217666299082,,,1388.0,0.0,1.0,1.0
f91f5549-79bc-48b2-8391-4438c6f404f2,math:Orz57K,846,2026-04-23T03:31:11.512537Z,2026-04-23T03:34:26.006294Z,194.493757,1,True,True,False,0.0,0.0,0.005141553206769511,0.0,0.0,,1591,254,1845,192.05155875600758,192.05155875600758,,,1845.0,0.0,1.0,1.0
0f53635e-1dab-49c1-92c3-e3d982126c32,math:Orz57K,847,2026-04-23T03:31:14.040017Z,2026-04-23T03:33:13.382151Z,119.342134,1,True,True,False,0.0,0.0,0.008379270308674051,0.0,0.0,,674,685,1359,118.61839608500304,118.61839608500304,,,1359.0,0.0,1.0,1.0
37873757-f9d7-45ea-9b41-dcf93bae478b,math:Orz57K,848,2026-04-23T03:31:24.813613Z,2026-04-23T03:34:28.009794Z,183.196181,1,True,True,True,1.0,1.0,0.005458629074805877,0.005458629074805877,0.0,,1371,271,1642,180.74429017199145,180.74429017199145,,,1642.0,0.0,1.0,1.0
263dfd94-656b-48b9-91f9-8e6a175c1789,math:Orz57K,845,2026-04-23T03:31:27.005777Z,2026-04-23T03:33:17.820866Z,110.815089,1,True,True,False,0.0,0.0,0.009024041843254758,0.0,0.0,,783,605,1388,110.08462469100778,110.08462469100778,,,1388.0,0.0,1.0,1.0
ddd10e00-1dfa-4ba0-a710-786c5d2e6dde,math:Orz57K,846,2026-04-23T03:31:28.876039Z,2026-04-23T03:34:30.766276Z,181.890237,1,True,True,False,0.0,0.0,0.005497821194218357,0.0,0.0,,1591,254,1845,179.35959434398683,179.35959434398683,,,1845.0,0.0,1.0,1.0
481cc6e7-c809-4828-a875-8a2f84abb2fe,math:Orz57K,847,2026-04-23T03:31:31.340746Z,2026-04-23T03:33:22.903787Z,111.563041,1,True,True,False,0.0,0.0,0.008963541967272119,0.0,0.0,,674,685,1359,110.85260306799319,110.85260306799319,,,1359.0,0.0,1.0,1.0
d6b0a316-c417-477e-8303-5be581c84fe5,math:Orz57K,848,2026-04-23T03:31:42.157547Z,2026-04-23T03:34:33.833428Z,171.675881,1,True,True,True,1.0,1.0,0.005824930061084119,0.005824930061084119,0.0,,1371,271,1642,169.20700755501457,169.20700755501457,,,1642.0,0.0,1.0,1.0
904e9ffe-4a06-4825-a200-65266d628edd,math:Orz57K,849,2026-04-23T03:31:45.070347Z,2026-04-23T03:33:29.080276Z,104.009929,1,True,True,True,1.0,1.0,0.009614466711154086,0.009614466711154086,0.0,,588,917,1505,103.28169002299546,103.28169002299546,,,1505.0,0.0,1.0,1.0
1d07dd38-4423-4b8c-ac86-0165ee5d996f,math:Orz57K,846,2026-04-23T03:31:46.926757Z,2026-04-23T03:34:35.042557Z,168.1158,1,True,True,False,0.0,0.0,0.00594828088734075,0.0,0.0,,1591,254,1845,165.5440800219949,165.5440800219949,,,1845.0,0.0,1.0,1.0
882b282b-67fb-465c-9e2d-259b10f14d47,math:Orz57K,847,2026-04-23T03:31:51.217377Z,2026-04-23T03:33:34.115399Z,102.898022,1,True,True,False,0.0,0.0,0.00971835979509888,0.0,0.0,,674,685,1359,102.18788524299453,102.18788524299453,,,1359.0,0.0,1.0,1.0
342841cb-3c84-4721-8330-5a9b33f8d293,math:Orz57K,848,2026-04-23T03:31:53.743786Z,2026-04-23T03:34:37.004540Z,163.260754,1,True,True,True,1.0,1.0,0.006125170780480409,0.006125170780480409,0.0,,1371,271,1642,160.77240825000627,160.77240825000627,,,1642.0,0.0,1.0,1.0
ef5f8e28-67e4-4016-a5d9-5f7b984dab0b,math:Orz57K,849,2026-04-23T03:32:04.423538Z,2026-04-23T03:33:40.242931Z,95.819393,1,True,True,True,1.0,1.0,0.010436300718373367,0.010436300718373367,0.0,,588,917,1505,95.1098941740056,95.1098941740056,,,1505.0,0.0,1.0,1.0
1d4d4b76-3718-441d-a53f-91a74089bc06,math:Orz57K,850,2026-04-23T03:32:06.634670Z,2026-04-23T03:33:43.237054Z,96.602384,1,True,True,True,1.0,1.0,0.01035171140289871,0.01035171140289871,0.0,,627,525,1152,95.85333331099537,95.85333331099537,,,1152.0,0.0,1.0,1.0
491e8b1e-e6a0-4827-984d-ae32692ced3b,math:Orz57K,847,2026-04-23T03:32:10.909940Z,2026-04-23T03:33:47.045328Z,96.135388,1,True,True,False,0.0,0.0,0.01040199681723862,0.0,0.0,,674,685,1359,95.42242771098972,95.42242771098972,,,1359.0,0.0,1.0,1.0
e173a658-0717-4e03-9dfa-8c15738df8a1,math:Orz57K,848,2026-04-23T03:32:12.835038Z,2026-04-23T03:34:44.778506Z,151.943468,1,True,True,True,1.0,1.0,0.006581395127824778,0.006581395127824778,0.0,,1371,271,1642,149.41046987401205,149.41046987401205,,,1642.0,0.0,1.0,1.0
a7cf9de8-2274-4199-beeb-d49d5c9bb66d,math:Orz57K,849,2026-04-23T03:32:23.548409Z,2026-04-23T03:33:53.171368Z,89.622959,1,True,True,True,1.0,1.0,0.011157855209846397,0.011157855209846397,0.0,,588,917,1505,88.89995954399637,88.89995954399637,,,1505.0,0.0,1.0,1.0
7fc6cf27-e2ae-4bdb-9e79-112fce165f6f,math:Orz57K,850,2026-04-23T03:32:25.681922Z,2026-04-23T03:33:56.142433Z,90.460511,1,True,True,True,1.0,1.0,0.011054547326180813,0.011054547326180813,0.0,,627,525,1152,89.7055115300027,89.7055115300027,,,1152.0,0.0,1.0,1.0
bbb2b3ac-52e4-433a-998a-e5d56d087fc4,math:Orz57K,851,2026-04-23T03:32:29.962334Z,2026-04-23T03:33:57.011317Z,87.048983,1,True,True,False,0.0,0.0,0.01148778498652879,0.0,0.0,,605,162,767,86.34266969800228,86.34266969800228,,,767.0,0.0,1.0,1.0
7f84f892-4425-4a95-9e46-b91bceaf6513,math:Orz57K,848,2026-04-23T03:32:31.815251Z,2026-04-23T03:34:51.793794Z,139.978543,1,True,True,True,1.0,1.0,0.007143952055566116,0.007143952055566116,0.0,,1371,271,1642,137.53926392298308,137.53926392298308,,,1642.0,0.0,1.0,1.0
1a2c1854-fa4d-48cc-8243-6fee91e49feb,math:Orz57K,849,2026-04-23T03:32:35.248536Z,2026-04-23T03:34:03.125686Z,87.87715,1,True,True,True,1.0,1.0,0.011379522435581945,0.011379522435581945,0.0,,588,917,1505,87.14736860799894,87.14736860799894,,,1505.0,0.0,1.0,1.0
93eea93f-f5b0-4b90-82a3-01d4489aac18,math:Orz57K,850,2026-04-23T03:32:37.431426Z,2026-04-23T03:34:06.101878Z,88.670452,1,True,True,True,1.0,1.0,0.011277714023607324,0.011277714023607324,0.0,,627,525,1152,87.90968134500145,87.90968134500145,,,1152.0,0.0,1.0,1.0
46fb3a81-8193-4b6c-b60d-a06ea16d6641,math:Orz57K,851,2026-04-23T03:32:41.715467Z,2026-04-23T03:34:06.994447Z,85.27898,1,True,True,False,0.0,0.0,0.011726219051869522,0.0,0.0,,605,162,767,84.53923480700178,84.53923480700178,,,767.0,0.0,1.0,1.0
2e5881aa-7523-4b6b-a96a-aa8606997386,math:Orz57K,852,2026-04-23T03:32:43.622617Z,2026-04-23T03:34:08.432080Z,84.809463,1,True,True,False,0.0,0.0,0.011791137033847274,0.0,0.0,,615,255,870,84.06765909699607,84.06765909699607,,,870.0,0.0,1.0,1.0
2c4ee96d-110e-4002-9092-01cd6c948753,math:Orz57K,849,2026-04-23T03:32:47.012456Z,2026-04-23T03:34:13.555239Z,86.542783,1,True,True,True,1.0,1.0,0.011554978535876295,0.011554978535876295,0.0,,588,917,1505,85.82176533600432,85.82176533600432,,,1505.0,0.0,1.0,1.0
ff74b338-7b2c-4c89-88ad-b78b660e5f89,math:Orz57K,850,2026-04-23T03:32:52.535011Z,2026-04-23T03:34:16.748278Z,84.213267,1,True,True,True,1.0,1.0,0.011874613533280926,0.011874613533280926,0.0,,627,525,1152,83.48292349799885,83.48292349799885,,,1152.0,0.0,1.0,1.0
a78d5560-7823-45d1-baf1-7ed717cd9cf1,math:Orz57K,851,2026-04-23T03:32:54.400761Z,2026-04-23T03:34:17.664506Z,83.263745,1,True,True,False,0.0,0.0,0.012010029094895984,0.0,0.0,,605,162,767,82.53282301800209,82.53282301800209,,,767.0,0.0,1.0,1.0
32c3e02c-ea49-44a7-aa4c-adde637f5c2e,math:Orz57K,852,2026-04-23T03:32:57.821812Z,2026-04-23T03:34:19.106630Z,81.284818,1,True,True,False,0.0,0.0,0.012302420360958426,0.0,0.0,,615,255,870,80.56152641501103,80.56152641501103,,,870.0,0.0,1.0,1.0
b64babb6-09fe-4a8e-adea-c877ddc48228,math:Orz57K,853,2026-04-23T03:33:02.889452Z,2026-04-23T03:34:21.909306Z,79.019854,1,True,True,False,0.0,0.0,0.012655047426435388,0.0,0.0,,585,452,1037,78.27288220600167,78.27288220600167,,,1037.0,0.0,1.0,1.0
141626cd-1503-4b32-ba38-ee8c38d124cd,math:Orz57K,850,2026-04-23T03:33:04.822859Z,2026-04-23T03:34:24.843408Z,80.020549,1,True,True,True,1.0,1.0,0.01249679004326751,0.01249679004326751,0.0,,627,525,1152,79.28424222199828,79.28424222199828,,,1152.0,0.0,1.0,1.0
5e78610f-7cd7-486f-8deb-55b88eb3629c,math:Orz57K,851,2026-04-23T03:33:08.245675Z,2026-04-23T03:34:25.754713Z,77.509038,1,True,True,False,0.0,0.0,0.012901721216047088,0.0,0.0,,605,162,767,76.7826982109982,76.7826982109982,,,767.0,0.0,1.0,1.0
197dea19-79c2-4b35-8ce5-73624aa372d3,math:Orz57K,852,2026-04-23T03:33:13.406855Z,2026-04-23T03:34:27.426901Z,74.020046,1,True,True,False,0.0,0.0,0.013509853803657459,0.0,0.0,,615,255,870,73.27597326900286,73.27597326900286,,,870.0,0.0,1.0,1.0
969814d5-3c73-4f1a-9807-b908c0a2a449,math:Orz57K,853,2026-04-23T03:33:17.845001Z,2026-04-23T03:34:30.520899Z,72.675898,1,True,True,False,0.0,0.0,0.01375971990053704,0.0,0.0,,585,452,1037,71.9353390489996,71.9353390489996,,,1037.0,0.0,1.0,1.0
27c10ab5-80e9-4e3e-89a0-44e1bcea85fc,math:Orz57K,854,2026-04-23T03:33:22.927949Z,2026-04-23T03:37:26.548741Z,243.620792,1,True,True,True,1.0,1.0,0.004104739959962038,0.004104739959962038,0.0,,4282,931,5213,237.668189856995,237.668189856995,,,5213.0,0.0,1.0,1.0
aad4cdec-e5cc-4dfc-9c12-834523ba789a,math:Orz57K,851,2026-04-23T03:33:29.104151Z,2026-04-23T03:34:34.745237Z,65.641086,1,True,True,False,0.0,0.0,0.015234360991528995,0.0,0.0,,605,162,767,64.9208906450076,64.9208906450076,,,767.0,0.0,1.0,1.0
73e1d0fd-6b95-4c01-ae85-7d6a50541e77,math:Orz57K,852,2026-04-23T03:33:34.139771Z,2026-04-23T03:34:36.430116Z,62.290345,1,True,True,False,0.0,0.0,0.016053852326552372,0.0,0.0,,615,255,870,61.561294635001104,61.561294635001104,,,870.0,0.0,1.0,1.0
3022d53f-38db-4153-8b84-865f2ab60624,math:Orz57K,853,2026-04-23T03:33:40.267310Z,2026-04-23T03:34:39.562705Z,59.295395,1,True,True,False,0.0,0.0,0.016864716054256827,0.0,0.0,,585,452,1037,58.55944886399084,58.55944886399084,,,1037.0,0.0,1.0,1.0
e604b4d9-ad37-43ca-9b60-968184e9df94,math:Orz57K,854,2026-04-23T03:33:43.259957Z,2026-04-23T03:37:33.915420Z,230.655463,1,True,True,True,1.0,1.0,0.004335470692926965,0.004335470692926965,0.0,,4282,931,5213,224.65574782100157,224.65574782100157,,,5213.0,0.0,1.0,1.0
a6bb6c25-f70f-43bb-b551-9d50f4832c55,math:Orz57K,855,2026-04-23T03:33:47.070908Z,2026-04-23T03:34:44.166262Z,57.095354,1,True,True,True,1.0,1.0,0.01751455994125196,0.01751455994125196,0.0,,579,365,944,56.376452753000194,56.376452753000194,,,944.0,0.0,1.0,1.0
ea7e8088-d1dc-484e-a806-f02378be38f3,math:Orz57K,852,2026-04-23T03:33:53.195991Z,2026-04-23T03:34:46.182807Z,52.986816,1,True,True,False,0.0,0.0,0.018872619181345036,0.0,0.0,,615,255,870,52.25041209500341,52.25041209500341,,,870.0,0.0,1.0,1.0
fa74e88a-10d8-40d0-9f8d-bc9948f185c8,math:Orz57K,853,2026-04-23T03:33:56.166551Z,2026-04-23T03:34:48.688596Z,52.522045,1,True,True,False,0.0,0.0,0.01903962421874472,0.0,0.0,,585,452,1037,51.80304136998893,51.80304136998893,,,1037.0,0.0,1.0,1.0
d7bb65c2-97b5-4ac3-930d-1aea1e0cb20f,math:Orz57K,854,2026-04-23T03:33:57.036318Z,2026-04-23T03:37:40.968708Z,223.93239,1,True,True,True,1.0,1.0,0.0044656335780634505,0.0044656335780634505,0.0,,4282,931,5213,217.97627064300468,217.97627064300468,,,5213.0,0.0,1.0,1.0
d89bbab0-a813-4cb2-bfe8-736da9ea4b98,math:Orz57K,855,2026-04-23T03:34:03.149545Z,2026-04-23T03:34:53.889167Z,50.739622,1,True,True,True,1.0,1.0,0.01970846373274125,0.01970846373274125,0.0,,579,365,944,50.01512730801187,50.01512730801187,,,944.0,0.0,1.0,1.0
a972e271-c162-4621-83be-59efaa737617,math:Orz57K,856,2026-04-23T03:34:06.126882Z,2026-04-23T03:34:55.048946Z,48.922064,1,True,True,True,1.0,1.0,0.020440674784285472,0.020440674784285472,0.0,,594,205,799,48.192924204005976,48.192924204005976,,,799.0,0.0,1.0,1.0
8efcfb74-b699-41d4-93c9-5a6eba7936a4,math:Orz57K,853,2026-04-23T03:34:07.019169Z,2026-04-23T03:34:57.608342Z,50.589173,1,True,True,False,0.0,0.0,0.019767075457035044,0.0,0.0,,585,452,1037,49.82871205700212,49.82871205700212,,,1037.0,0.0,1.0,1.0
92509920-07b3-4899-8e75-d282becd90f6,math:Orz57K,854,2026-04-23T03:34:08.456999Z,2026-04-23T03:37:46.032064Z,217.575065,1,True,True,True,1.0,1.0,0.004596114908663821,0.004596114908663821,0.0,,4282,931,5213,211.58929941301176,211.58929941301176,,,5213.0,0.0,1.0,1.0
90d05b12-7557-40fc-8f78-74bf68095172,math:Orz57K,855,2026-04-23T03:34:13.580240Z,2026-04-23T03:35:02.127873Z,48.547633,1,True,True,True,1.0,1.0,0.020598326596067,0.020598326596067,0.0,,579,365,944,47.840231470996514,47.840231470996514,,,944.0,0.0,1.0,1.0
fe6dde71-4390-4303-be91-a96f75185f72,math:Orz57K,856,2026-04-23T03:34:13.831000Z,2026-04-23T03:35:03.288040Z,49.45704,1,True,True,True,1.0,1.0,0.020219568336479497,0.020219568336479497,0.0,,594,205,799,48.73866031499347,48.73866031499347,,,799.0,0.0,1.0,1.0
928972a0-8787-4939-a360-757541da09c9,math:Orz57K,857,2026-04-23T03:34:16.773180Z,2026-04-23T03:35:05.252689Z,48.479509,1,True,True,True,1.0,1.0,0.020627271616962952,0.020627271616962952,0.0,,562,349,911,47.746739434995106,47.746739434995106,,,911.0,0.0,1.0,1.0
0ae0c6c7-ca83-4245-84d8-6e1b28f4b694,math:Orz57K,854,2026-04-23T03:34:17.689181Z,2026-04-23T03:37:53.084348Z,215.395167,1,True,True,True,1.0,1.0,0.00464262970208612,0.00464262970208612,0.0,,4282,931,5213,209.51845548397978,209.51845548397978,,,5213.0,0.0,1.0,1.0
acafaa54-f96c-4418-b659-fc8b0826e76e,math:Orz57K,855,2026-04-23T03:34:19.132089Z,2026-04-23T03:35:09.895599Z,50.76351,1,True,True,True,1.0,1.0,0.01969918943745222,0.01969918943745222,0.0,,579,365,944,50.052456093006185,50.052456093006185,,,944.0,0.0,1.0,1.0
777dbb15-8002-4d34-a476-b503c40beda3,math:Orz57K,856,2026-04-23T03:34:19.413289Z,2026-04-23T03:35:11.116370Z,51.703081,1,True,True,True,1.0,1.0,0.019341207151658914,0.019341207151658914,0.0,,594,205,799,50.93068054100149,50.93068054100149,,,799.0,0.0,1.0,1.0
9246f64c-82bf-4727-8791-4d0fa8453f24,math:Orz57K,857,2026-04-23T03:34:21.934314Z,2026-04-23T03:35:13.050292Z,51.115978,1,True,True,True,1.0,1.0,0.019563354534662333,0.019563354534662333,0.0,,562,349,911,50.370515243994305,50.370515243994305,,,911.0,0.0,1.0,1.0
cd3d2b77-4816-4e37-b0f3-5bdce451c98d,math:Orz57K,858,2026-04-23T03:34:24.867828Z,2026-04-23T03:35:17.056986Z,52.189158,1,True,True,True,1.0,1.0,0.019161067898432086,0.019161067898432086,0.0,,566,719,1285,51.44446532300208,51.44446532300208,,,1285.0,0.0,1.0,1.0
4ba0d998-9015-435c-b904-a344e897c3e8,math:Orz57K,855,2026-04-23T03:34:25.778609Z,2026-04-23T03:35:19.085560Z,53.306951,1,True,True,True,1.0,1.0,0.018759279629405178,0.018759279629405178,0.0,,579,365,944,52.57192123000277,52.57192123000277,,,944.0,0.0,1.0,1.0
fbd660be-df85-46a1-aa50-4012a565905a,math:Orz57K,856,2026-04-23T03:34:26.029794Z,2026-04-23T03:35:20.211004Z,54.18121,1,True,True,True,1.0,1.0,0.01845658301097373,0.01845658301097373,0.0,,594,205,799,53.474624277994735,53.474624277994735,,,799.0,0.0,1.0,1.0
0c6a6589-41d2-4018-a3b1-e11b9ce615d2,math:Orz57K,857,2026-04-23T03:34:27.452172Z,2026-04-23T03:35:22.181521Z,54.729349,1,True,True,True,1.0,1.0,0.018271732046365105,0.018271732046365105,0.0,,562,349,911,54.00897445100418,54.00897445100418,,,911.0,0.0,1.0,1.0
394f2357-45bf-49d7-ac00-f32271b1a7e8,math:Orz57K,858,2026-04-23T03:34:28.035978Z,2026-04-23T03:35:26.218415Z,58.182437,1,True,True,True,1.0,1.0,0.0171873171967685,0.0171873171967685,0.0,,566,719,1285,57.438852945007966,57.438852945007966,,,1285.0,0.0,1.0,1.0
0aa08fee-4c17-4e79-9847-cc05716e4e2b,math:Orz57K,859,2026-04-23T03:34:30.547422Z,2026-04-23T03:35:29.078389Z,58.530967,1,True,True,False,0.0,0.0,0.017084973156175604,0.0,0.0,,622,517,1139,57.814782754998305,57.814782754998305,,,1139.0,0.0,1.0,1.0
a6593226-dce1-47df-b7b8-cd7772876b3a,math:Orz57K,856,2026-04-23T03:34:30.789217Z,2026-04-23T03:35:30.221464Z,59.432247,1,True,True,True,1.0,1.0,0.016825882420363477,0.016825882420363477,0.0,,594,205,799,58.72892130400578,58.72892130400578,,,799.0,0.0,1.0,1.0
4d31ba0e-738b-49c3-b091-dbd7738bb5d5,math:Orz57K,857,2026-04-23T03:34:33.857542Z,2026-04-23T03:35:32.162223Z,58.304681,1,True,True,True,1.0,1.0,0.017151281558336628,0.017151281558336628,0.0,,562,349,911,57.58784010799718,57.58784010799718,,,911.0,0.0,1.0,1.0
49aebce0-3cc9-417c-b09f-25cbdee65c8c,math:Orz57K,858,2026-04-23T03:34:34.769979Z,2026-04-23T03:35:37.533301Z,62.763322,1,True,True,True,1.0,1.0,0.01593287238683765,0.01593287238683765,0.0,,566,719,1285,62.04806308299885,62.04806308299885,,,1285.0,0.0,1.0,1.0
0889cca6-1903-4ffa-bd6a-b01f9ce9e594,math:Orz57K,859,2026-04-23T03:34:35.067196Z,2026-04-23T03:35:40.463653Z,65.396457,1,True,True,False,0.0,0.0,0.01529134827594712,0.0,0.0,,622,517,1139,64.64743420899322,64.64743420899322,,,1139.0,0.0,1.0,1.0
fb9a717b-e338-4ea7-87b9-5d161b15fbb7,math:Orz57K,860,2026-04-23T03:34:36.455891Z,2026-04-23T03:35:42.722720Z,66.266829,1,True,True,False,0.0,0.0,0.015090506292371407,0.0,0.0,,614,396,1010,65.48326996600372,65.48326996600372,,,1010.0,0.0,1.0,1.0
95ddd8b4-849d-4c11-af32-f1d72cb640ad,math:Orz57K,857,2026-04-23T03:34:37.031985Z,2026-04-23T03:35:44.613411Z,67.581426,1,True,True,True,1.0,1.0,0.014796965071438416,0.014796965071438416,0.0,,562,349,911,66.8577754709986,66.8577754709986,,,911.0,0.0,1.0,1.0
e3d8ac0a-24d1-40dd-b3e6-d4ab1fa2f1be,math:Orz57K,858,2026-04-23T03:34:39.586273Z,2026-04-23T03:35:48.611787Z,69.025514,1,True,True,True,1.0,1.0,0.014487396645825774,0.014487396645825774,0.0,,566,719,1285,68.31207315500069,68.31207315500069,,,1285.0,0.0,1.0,1.0
83c1d713-c89a-4299-8b6d-86b3aace3fc0,math:Orz57K,859,2026-04-23T03:34:44.192798Z,2026-04-23T03:35:52.872860Z,68.680062,1,True,True,False,0.0,0.0,0.014560266413271437,0.0,0.0,,622,517,1139,67.9441840829968,67.9441840829968,,,1139.0,0.0,1.0,1.0
fe876815-5477-4d8c-a770-bf7f950a266b,math:Orz57K,860,2026-04-23T03:34:44.805143Z,2026-04-23T03:35:55.131392Z,70.326249,1,True,True,False,0.0,0.0,0.014219441733626373,0.0,0.0,,614,396,1010,69.5477079909906,69.5477079909906,,,1010.0,0.0,1.0,1.0
323d3ea0-1bcc-4a6a-ac9a-396cb22dd3aa,math:Orz57K,861,2026-04-23T03:34:46.206727Z,2026-04-23T03:36:55.923147Z,129.71642,1,True,True,True,1.0,1.0,0.0077091242573607876,0.0077091242573607876,0.0,,1360,260,1620,127.28401961199415,127.28401961199415,,,1620.0,0.0,1.0,1.0
31d62257-ef11-4f28-9bd1-cb24a5f1ef80,math:Orz57K,858,2026-04-23T03:34:48.713585Z,2026-04-23T03:36:00.182997Z,71.469412,1,True,True,True,1.0,1.0,0.013991999822245632,0.013991999822245632,0.0,,566,719,1285,70.72544475100585,70.72544475100585,,,1285.0,0.0,1.0,1.0
8cb2e318-c3d7-42a3-9a8e-7929ffe05370,math:Orz57K,859,2026-04-23T03:34:51.817930Z,2026-04-23T03:36:03.017689Z,71.199759,1,True,True,False,0.0,0.0,0.01404499136015334,0.0,0.0,,622,517,1139,70.46982758199738,70.46982758199738,,,1139.0,0.0,1.0,1.0
bbccb5a2-3f36-4518-a17d-bc2456fb2daf,math:Orz57K,860,2026-04-23T03:34:53.913372Z,2026-04-23T03:36:06.605742Z,72.69237,1,True,True,False,0.0,0.0,0.013756601965240645,0.0,0.0,,614,396,1010,71.95214089601359,71.95214089601359,,,1010.0,0.0,1.0,1.0
ea0b02b7-fafc-4e96-b6e4-2a3de44152a2,math:Orz57K,861,2026-04-23T03:34:55.072653Z,2026-04-23T03:37:04.539785Z,129.467132,1,True,True,True,1.0,1.0,0.00772396811879636,0.00772396811879636,0.0,,1360,260,1620,126.86834740400082,126.86834740400082,,,1620.0,0.0,1.0,1.0
d39e4d14-581a-4aba-8f4f-10ff7a1523df,math:Orz57K,862,2026-04-23T03:34:57.632800Z,2026-04-23T03:36:10.198116Z,72.565316,1,True,True,False,0.0,0.0,0.013780688283642286,0.0,0.0,,583,457,1040,71.85002050400362,71.85002050400362,,,1040.0,0.0,1.0,1.0
6c74a6f9-00b0-4a6a-8cb1-0cb7da0d2697,math:Orz57K,859,2026-04-23T03:35:02.151781Z,2026-04-23T03:36:14.477356Z,72.325575,1,True,True,False,0.0,0.0,0.013826367782074321,0.0,0.0,,622,517,1139,71.58154698200815,71.58154698200815,,,1139.0,0.0,1.0,1.0
ce703b1b-eb45-4602-a9ab-472c92e46210,math:Orz57K,860,2026-04-23T03:35:03.312280Z,2026-04-23T03:36:16.728347Z,73.416067,1,True,True,False,0.0,0.0,0.013620996613724895,0.0,0.0,,614,396,1010,72.64182660200458,72.64182660200458,,,1010.0,0.0,1.0,1.0
709b938a-6609-4b06-9a21-1514ecf762b8,math:Orz57K,861,2026-04-23T03:35:05.275178Z,2026-04-23T03:37:12.437261Z,127.162083,1,True,True,True,1.0,1.0,0.007863979390774843,0.007863979390774843,0.0,,1360,260,1620,124.58978985399881,124.58978985399881,,,1620.0,0.0,1.0,1.0
413b90c1-4216-4910-a8f7-d3df58f766da,math:Orz57K,862,2026-04-23T03:35:09.920453Z,2026-04-23T03:36:21.675522Z,71.755069,1,True,True,False,0.0,0.0,0.013936297657242863,0.0,0.0,,583,457,1040,71.01287435200356,71.01287435200356,,,1040.0,0.0,1.0,1.0
dc539d72-4cff-424b-a483-61cd41156cc9,math:Orz57K,863,2026-04-23T03:35:11.140640Z,2026-04-23T03:38:52.001216Z,220.860576,1,True,True,False,0.0,0.0,0.004527743330706518,0.0,0.0,,3351,589,3940,214.6355147929862,214.6355147929862,,,3940.0,0.0,1.0,1.0
e65b7289-8325-4215-9875-bd53fd0ce301,math:Orz57K,860,2026-04-23T03:35:13.074682Z,2026-04-23T03:36:24.753047Z,71.678365,1,True,True,False,0.0,0.0,0.013951211080219255,0.0,0.0,,614,396,1010,70.91878366599849,70.91878366599849,,,1010.0,0.0,1.0,1.0
fac0b487-1650-4119-a0b0-c3476f4b5218,math:Orz57K,861,2026-04-23T03:35:17.081682Z,2026-04-23T03:37:16.508550Z,119.426868,1,True,True,True,1.0,1.0,0.008373325171685823,0.008373325171685823,0.0,,1360,260,1620,116.88503924998804,116.88503924998804,,,1620.0,0.0,1.0,1.0
97ec0e24-af4e-40fc-8e2d-6301f1752236,math:Orz57K,862,2026-04-23T03:35:19.110549Z,2026-04-23T03:36:28.359226Z,69.248677,1,True,True,False,0.0,0.0,0.014440709098312448,0.0,0.0,,583,457,1040,68.52437043799728,68.52437043799728,,,1040.0,0.0,1.0,1.0
a2f87348-b33e-4d8d-abbe-10cd2fa0793b,math:Orz57K,863,2026-04-23T03:35:20.234576Z,2026-04-23T03:38:56.653024Z,216.418448,1,True,True,False,0.0,0.0,0.004620678178045155,0.0,0.0,,3351,589,3940,210.45232598100847,210.45232598100847,,,3940.0,0.0,1.0,1.0
58a80296-c010-44d8-b59f-90beff203a57,math:Orz57K,864,2026-04-23T03:35:22.205840Z,2026-04-23T03:36:31.693843Z,69.488003,1,True,True,False,0.0,0.0,0.014390973359818671,0.0,0.0,,609,445,1054,68.76728874898981,68.76728874898981,,,1054.0,0.0,1.0,1.0
aa8e6189-7dd9-4adb-82db-cf28a6d67121,math:Orz57K,861,2026-04-23T03:35:26.242117Z,2026-04-23T03:37:23.336220Z,117.094103,1,True,True,True,1.0,1.0,0.00854013971993107,0.00854013971993107,0.0,,1360,260,1620,114.56889434398909,114.56889434398909,,,1620.0,0.0,1.0,1.0
de3b5ede-69f7-46f6-be3d-a2ac1ce58624,math:Orz57K,862,2026-04-23T03:35:29.102102Z,2026-04-23T03:36:35.320463Z,66.218361,1,True,True,False,0.0,0.0,0.015101551667822162,0.0,0.0,,583,457,1040,65.45501472600154,65.45501472600154,,,1040.0,0.0,1.0,1.0
e8823977-def1-4ea8-9f6d-16fa859f2278,math:Orz57K,863,2026-04-23T03:35:30.246062Z,2026-04-23T03:39:03.278952Z,213.03289,1,True,True,False,0.0,0.0,0.00469411084832957,0.0,0.0,,3351,589,3940,206.7518562819896,206.7518562819896,,,3940.0,0.0,1.0,1.0
7facc549-4eec-4d69-b8b8-38c8ca3962e4,math:Orz57K,864,2026-04-23T03:35:32.189270Z,2026-04-23T03:36:38.604291Z,66.415021,1,True,True,False,0.0,0.0,0.01505683480849912,0.0,0.0,,609,445,1054,65.71693010900344,65.71693010900344,,,1054.0,0.0,1.0,1.0
bcccd34f-f135-43b9-a28c-9023d81e010e,math:Orz57K,865,2026-04-23T03:35:37.559269Z,2026-04-23T03:36:43.103727Z,65.544458,1,True,True,False,0.0,0.0,0.01525682003503637,0.0,0.0,,667,620,1287,64.82177969900658,64.82177969900658,,,1287.0,0.0,1.0,1.0
fc4d885e-4ce4-40af-8dd2-1d5019753dac,math:Orz57K,862,2026-04-23T03:35:40.495678Z,2026-04-23T03:36:45.662635Z,65.166957,1,True,True,False,0.0,0.0,0.015345200175604333,0.0,0.0,,583,457,1040,64.44312214000092,64.44312214000092,,,1040.0,0.0,1.0,1.0
03ccc301-ca32-43cc-bfc7-0d47b7561e69,math:Orz57K,863,2026-04-23T03:35:42.747933Z,2026-04-23T03:39:15.964199Z,213.216266,1,True,True,False,0.0,0.0,0.004690073692595292,0.0,0.0,,3384,682,4066,207.27306569099892,207.27306569099892,,,4066.0,0.0,1.0,1.0
403d7c0f-4516-47a0-9151-417d929d5900,math:Orz57K,864,2026-04-23T03:35:44.637556Z,2026-04-23T03:36:49.011498Z,64.373942,1,True,True,False,0.0,0.0,0.015534235886936984,0.0,0.0,,609,445,1054,63.624186592001934,63.624186592001934,,,1054.0,0.0,1.0,1.0
aedf8738-a725-4334-ba77-ffe0989fe4b3,math:Orz57K,865,2026-04-23T03:35:48.635218Z,2026-04-23T03:36:52.464381Z,63.829163,1,True,True,False,0.0,0.0,0.01566681988294285,0.0,0.0,,667,620,1287,63.102152583000134,63.102152583000134,,,1287.0,0.0,1.0,1.0
b7b8540d-b75b-49fc-98bb-4958d737c53d,math:Orz57K,866,2026-04-23T03:35:52.899092Z,2026-04-23T03:36:54.678026Z,61.778934,1,True,True,False,0.0,0.0,0.016186747411342513,0.0,0.0,,611,216,827,61.02652071500779,61.02652071500779,,,827.0,0.0,1.0,1.0
e88b5463-e140-4e84-9acf-b6675b5919f5,math:Orz57K,863,2026-04-23T03:35:55.156168Z,2026-04-23T03:39:27.500956Z,212.344788,1,True,True,False,0.0,0.0,0.004709322086115907,0.0,0.0,,3384,682,4066,206.35252913100703,206.35252913100703,,,4066.0,0.0,1.0,1.0
1c897667-45ba-49a9-84ad-b72def30c835,math:Orz57K,864,2026-04-23T03:36:00.208698Z,2026-04-23T03:36:58.455578Z,58.24688,1,True,True,False,0.0,0.0,0.017168301546795297,0.0,0.0,,609,445,1054,57.51741027999378,57.51741027999378,,,1054.0,0.0,1.0,1.0
846e0a01-197b-45e6-bbe3-faedb11e62c5,math:Orz57K,865,2026-04-23T03:36:03.042767Z,2026-04-23T03:37:01.902247Z,58.85948,1,True,True,False,0.0,0.0,0.016989616625902915,0.0,0.0,,667,620,1287,58.14958411701082,58.14958411701082,,,1287.0,0.0,1.0,1.0
2a412c54-4116-4f16-a9f0-e577cdb55c6b,math:Orz57K,866,2026-04-23T03:36:06.629415Z,2026-04-23T03:37:04.090922Z,57.461507,1,True,True,False,0.0,0.0,0.017402954642313853,0.0,0.0,,611,216,827,56.71907544200076,56.71907544200076,,,827.0,0.0,1.0,1.0
8af16ed4-274f-4d42-b770-cd27ed31ce20,math:Orz57K,867,2026-04-23T03:36:10.222489Z,2026-04-23T03:37:45.458741Z,95.236252,1,True,True,False,0.0,0.0,0.01050020322093314,0.0,0.0,,1247,125,1372,92.75184341499698,92.75184341499698,,,1372.0,0.0,1.0,1.0
63be208c-a70b-44d5-876e-cbaef3037953,math:Orz57K,864,2026-04-23T03:36:14.504221Z,2026-04-23T03:37:08.532850Z,54.028629,1,True,True,False,0.0,0.0,0.0185087058196498,0.0,0.0,,609,445,1054,53.28482902199903,53.28482902199903,,,1054.0,0.0,1.0,1.0
4754697b-f402-4e6d-a68a-6c3fe85f9889,math:Orz57K,865,2026-04-23T03:36:16.751881Z,2026-04-23T03:37:11.979817Z,55.227936,1,True,True,False,0.0,0.0,0.01810677842460019,0.0,0.0,,667,620,1287,54.50520467800379,54.50520467800379,,,1287.0,0.0,1.0,1.0
36c17ac6-bf9e-49f0-810b-197a1900e67d,math:Orz57K,866,2026-04-23T03:36:21.699000Z,2026-04-23T03:37:14.626864Z,52.927864,1,True,True,False,0.0,0.0,0.018893639841577586,0.0,0.0,,611,216,827,52.198030719999224,52.198030719999224,,,827.0,0.0,1.0,1.0
dafbe691-f74f-43ba-9435-f9f7e35ec905,math:Orz57K,867,2026-04-23T03:36:24.777929Z,2026-04-23T03:38:52.147656Z,147.369727,1,True,True,False,0.0,0.0,0.006785654152701253,0.0,0.0,,2072,206,2278,143.01605653499428,143.01605653499428,,,2278.0,0.0,1.0,1.0
1043ce14-4d48-4c6d-8864-92e0d8ef64d3,math:Orz57K,868,2026-04-23T03:36:28.383624Z,2026-04-23T03:37:18.422275Z,50.038651,1,True,True,False,0.0,0.0,0.019984551541967027,0.0,0.0,,607,336,943,49.32170312899689,49.32170312899689,,,943.0,0.0,1.0,1.0
5f54e55e-b409-40a5-9212-dddbb2cb8265,math:Orz57K,865,2026-04-23T03:36:31.716341Z,2026-04-23T03:37:22.906445Z,51.190104,1,True,True,False,0.0,0.0,0.019535025754196553,0.0,0.0,,667,620,1287,50.44912634199136,50.44912634199136,,,1287.0,0.0,1.0,1.0
2f39a773-0460-459d-9778-0aedc14a2a66,math:Orz57K,866,2026-04-23T03:36:35.344947Z,2026-04-23T03:37:24.559010Z,49.214063,1,True,True,False,0.0,0.0,0.020319395291545018,0.0,0.0,,611,216,827,48.47731664100138,48.47731664100138,,,827.0,0.0,1.0,1.0
805dc194-58ea-4e6a-9add-c9257dcb603d,math:Orz57K,867,2026-04-23T03:36:38.629625Z,2026-04-23T03:39:03.436034Z,144.806409,1,True,True,False,0.0,0.0,0.006905771691362086,0.0,0.0,,2072,206,2278,140.46234597000876,140.46234597000876,,,2278.0,0.0,1.0,1.0
a0ee585c-7f24-4529-ba96-10c779734560,math:Orz57K,868,2026-04-23T03:36:43.130902Z,2026-04-23T03:37:28.822561Z,45.691659,1,True,True,False,0.0,0.0,0.021885832598024072,0.0,0.0,,607,395,1002,44.95843859500019,44.95843859500019,,,1002.0,0.0,1.0,1.0
0a438845-ff2a-42f4-bc8b-0d75052ec395,math:Orz57K,869,2026-04-23T03:36:45.686958Z,2026-04-23T03:37:30.805812Z,45.118854,1,True,True,False,0.0,0.0,0.022163683501358434,0.0,0.0,,574,354,928,44.378433713005506,44.378433713005506,,,928.0,0.0,1.0,1.0
d8ff3dbc-da2a-4d7e-8d86-117dae9ea278,math:Orz57K,866,2026-04-23T03:36:49.036094Z,2026-04-23T03:37:32.929186Z,43.893092,1,True,True,True,1.0,1.0,0.0227826283005991,0.0227826283005991,0.0,,611,213,824,43.14239385300607,43.14239385300607,,,824.0,0.0,1.0,1.0
9097a2db-5342-4321-ad82-014692b1c4cf,math:Orz57K,867,2026-04-23T03:36:52.488563Z,2026-04-23T03:39:16.084910Z,143.596347,1,True,True,False,0.0,0.0,0.0069639654551936474,0.0,0.0,,2072,206,2278,139.2419986120076,139.2419986120076,,,2278.0,0.0,1.0,1.0
6b2e7eca-ec5b-409a-9186-0fec8ba846b1,math:Orz57K,868,2026-04-23T03:36:54.702203Z,2026-04-23T03:37:36.163164Z,41.460961,1,True,True,False,0.0,0.0,0.024119074326328326,0.0,0.0,,607,395,1002,40.75390555399645,40.75390555399645,,,1002.0,0.0,1.0,1.0
89738238-3505-48c6-bf58-b5eff0cadcc7,math:Orz57K,869,2026-04-23T03:36:55.948759Z,2026-04-23T03:37:38.183526Z,42.234767,1,True,True,False,0.0,0.0,0.02367717572586585,0.0,0.0,,574,354,928,41.50095614200109,41.50095614200109,,,928.0,0.0,1.0,1.0
f1029ed3-355b-4b96-bbab-0bd419024e0a,math:Orz57K,870,2026-04-23T03:36:58.481028Z,2026-04-23T03:37:39.905750Z,41.424722,1,True,True,False,0.0,0.0,0.024140174072864024,0.0,0.0,,607,140,747,40.684661245992174,40.684661245992174,,,747.0,0.0,1.0,1.0
a9ec3de3-2df7-4ac2-950d-bdcf9fcf4ec0,math:Orz57K,867,2026-04-23T03:37:01.926346Z,2026-04-23T03:39:27.674264Z,145.747918,1,True,True,False,0.0,0.0,0.006861161474704565,0.0,0.0,,2072,206,2278,141.43892636901,141.43892636901,,,2278.0,0.0,1.0,1.0
d9b10540-48c2-4cdf-b6fc-51a3dbbc4338,math:Orz57K,868,2026-04-23T03:37:04.113600Z,2026-04-23T03:37:43.178439Z,39.064839,1,True,True,False,0.0,0.0,0.025598467204741328,0.0,0.0,,607,395,1002,38.3471376170055,38.3471376170055,,,1002.0,0.0,1.0,1.0
116214ab-c253-462a-930a-7b9c0d2c2648,math:Orz57K,869,2026-04-23T03:37:04.565140Z,2026-04-23T03:37:45.153959Z,40.588819,1,True,True,False,0.0,0.0,0.024637326846095226,0.0,0.0,,574,354,928,39.87924643199949,39.87924643199949,,,928.0,0.0,1.0,1.0
bad950bc-6949-4849-85c6-8a2c86a5f0de,math:Orz57K,870,2026-04-23T03:37:08.557340Z,2026-04-23T03:37:48.729799Z,40.172459,1,True,True,False,0.0,0.0,0.024892675850387947,0.0,0.0,,607,476,1083,39.4271958390018,39.4271958390018,,,1083.0,0.0,1.0,1.0
2e1ea086-f550-4b92-a112-06a0245e4be8,math:Orz57K,871,2026-04-23T03:37:12.003024Z,2026-04-23T03:38:55.835867Z,103.832843,1,True,True,False,0.0,0.0,0.00963086409952196,0.0,0.0,,1474,886,2360,88.04702604099293,88.04702604099293,,,2360.0,0.0,1.0,1.0
df0dfbf9-881a-4c7f-8bd8-5f8c22e9007b,math:Orz57K,868,2026-04-23T03:37:12.463135Z,2026-04-23T03:37:52.540039Z,40.076904,1,True,True,False,0.0,0.0,0.024952027232442907,0.0,0.0,,607,440,1047,39.31689481899957,39.31689481899957,,,1047.0,0.0,1.0,1.0
cbfe09a5-d2f6-425a-8eae-0c34e043d9cc,math:Orz57K,869,2026-04-23T03:37:14.651336Z,2026-04-23T03:37:57.445835Z,42.794499,1,True,True,False,0.0,0.0,0.023367489358854274,0.0,0.0,,574,777,1351,42.040307443996426,42.040307443996426,,,1351.0,0.0,1.0,1.0
19832279-3d32-42cf-8ab9-fc12b13db649,math:Orz57K,870,2026-04-23T03:37:16.534361Z,2026-04-23T03:37:59.945947Z,43.411586,1,True,True,False,0.0,0.0,0.02303532517793752,0.0,0.0,,607,438,1045,42.62061445899599,42.62061445899599,,,1045.0,0.0,1.0,1.0
22abf2e7-88bb-45ac-8f65-231639d692f0,math:Orz57K,871,2026-04-23T03:37:18.447369Z,2026-04-23T03:39:12.521520Z,114.074151,1,True,True,False,0.0,0.0,0.00876622785472232,0.0,0.0,,1474,886,2360,98.3053407589905,98.3053407589905,,,2360.0,0.0,1.0,1.0
cede13a2-019f-4570-bb08-fcf7e3a9a7d8,math:Orz57K,872,2026-04-23T03:37:22.932155Z,2026-04-23T03:38:05.352950Z,42.420795,1,True,True,False,0.0,0.0,0.02357334415821297,0.0,0.0,,581,319,900,41.680879476014525,41.680879476014525,,,900.0,0.0,1.0,1.0
62bb0402-2f79-47ef-bcfa-1c4d037c7957,math:Orz57K,869,2026-04-23T03:37:23.360081Z,2026-04-23T03:38:06.780765Z,43.420684,1,True,True,False,0.0,0.0,0.0230304985522568,0.0,0.0,,574,254,828,42.68586803099606,42.68586803099606,,,828.0,0.0,1.0,1.0
cacf380b-6338-4f34-a026-238f350231a2,math:Orz57K,870,2026-04-23T03:37:24.584596Z,2026-04-23T03:38:09.347065Z,44.762469,1,True,True,False,0.0,0.0,0.022340143927270857,0.0,0.0,,607,438,1045,43.934348377006245,43.934348377006245,,,1045.0,0.0,1.0,1.0
892d2ddf-8ef7-466d-a6dd-946a3f59fbf1,math:Orz57K,871,2026-04-23T03:37:26.573920Z,2026-04-23T03:39:23.749981Z,117.176061,1,True,True,False,0.0,0.0,0.008534166377209077,0.0,0.0,,1474,886,2360,101.39849654400314,101.39849654400314,,,2360.0,0.0,1.0,1.0
771e0533-6045-430a-acbb-193712f54179,math:Orz57K,872,2026-04-23T03:37:28.849174Z,2026-04-23T03:38:13.995201Z,45.146027,1,True,True,False,0.0,0.0,0.02215034337351546,0.0,0.0,,581,327,908,44.36731749500905,44.36731749500905,,,908.0,0.0,1.0,1.0
87af0fd5-ec23-4401-8bef-e7bd5a5591be,math:Orz57K,873,2026-04-23T03:37:30.830796Z,2026-04-23T03:38:15.591936Z,44.76114,1,True,True,False,0.0,0.0,0.02234080722698305,0.0,0.0,,573,281,854,43.979719539012876,43.979719539012876,,,854.0,0.0,1.0,1.0
e7dd6a37-e6da-498f-9712-77976213e0f2,math:Orz57K,870,2026-04-23T03:37:32.953876Z,2026-04-23T03:38:18.056508Z,45.102632,1,True,True,False,0.0,0.0,0.022171655082124698,0.0,0.0,,607,438,1045,44.34428648299945,44.34428648299945,,,1045.0,0.0,1.0,1.0
0c39d09a-91bc-4c14-b79b-a7bb77a77997,math:Orz57K,871,2026-04-23T03:37:33.941544Z,2026-04-23T03:39:35.360911Z,121.419367,1,True,True,False,0.0,0.0,0.008235918409951849,0.0,0.0,,1474,886,2360,105.67491411701485,105.67491411701485,,,2360.0,0.0,1.0,1.0
58641bb0-37b1-4d2e-8cbb-318deceb9720,math:Orz57K,872,2026-04-23T03:37:36.189292Z,2026-04-23T03:38:22.977073Z,46.787781,1,True,True,False,0.0,0.0,0.02137310166515484,0.0,0.0,,581,327,908,46.04297475000203,46.04297475000203,,,908.0,0.0,1.0,1.0
a71b6903-6733-4556-9415-7bdcf2c512b4,math:Orz57K,873,2026-04-23T03:37:38.209884Z,2026-04-23T03:38:24.572823Z,46.362939,1,True,True,False,0.0,0.0,0.021568951873391806,0.0,0.0,,573,281,854,45.60046594799496,45.60046594799496,,,854.0,0.0,1.0,1.0
af24c014-e0b0-45ac-98f4-214399962c0f,math:Orz57K,874,2026-04-23T03:37:39.931541Z,2026-04-23T03:38:26.904001Z,46.97246,1,True,True,True,1.0,1.0,0.021289070233920047,0.021289070233920047,0.0,,590,422,1012,46.24594838799385,46.24594838799385,,,1012.0,0.0,1.0,1.0
44e5c33f-0843-4fd0-a873-b839ec0efa61,math:Orz57K,871,2026-04-23T03:37:40.993708Z,2026-04-23T03:39:47.905509Z,126.911801,1,True,True,False,0.0,0.0,0.00787948789726812,0.0,0.0,,1474,886,2360,111.10955199199088,111.10955199199088,,,2360.0,0.0,1.0,1.0
808bb0c1-1263-4aaf-88d9-99dd33cb37fa,math:Orz57K,872,2026-04-23T03:37:43.202942Z,2026-04-23T03:38:31.814579Z,48.611637,1,True,True,False,0.0,0.0,0.020571206026244293,0.0,0.0,,581,327,908,47.875335796998115,47.875335796998115,,,908.0,0.0,1.0,1.0
14a3a68d-c881-4290-82bd-7cf174bfc46f,math:Orz57K,873,2026-04-23T03:37:45.179778Z,2026-04-23T03:38:33.383284Z,48.203506,1,True,True,False,0.0,0.0,0.02074537897720552,0.0,0.0,,573,281,854,47.47039236800629,47.47039236800629,,,854.0,0.0,1.0,1.0
0cfb24c3-347f-46e2-8d3d-9ef62e0111d7,math:Orz57K,874,2026-04-23T03:37:45.483429Z,2026-04-23T03:38:35.732438Z,50.249009,1,True,True,True,1.0,1.0,0.019900889985710962,0.019900889985710962,0.0,,590,422,1012,49.495297321002,49.495297321002,,,1012.0,0.0,1.0,1.0
ee2f09f1-20e7-424f-9e7c-855cb0271e53,math:Orz57K,875,2026-04-23T03:37:46.057362Z,2026-04-23T03:38:38.121540Z,52.064178,1,True,True,True,1.0,1.0,0.019207064020102266,0.019207064020102266,0.0,,627,424,1051,51.321722954002325,51.321722954002325,,,1051.0,0.0,1.0,1.0
83518fc8-00b6-4b62-bd3c-a83559c6b569,math:Orz57K,872,2026-04-23T03:37:48.755579Z,2026-04-23T03:38:39.934981Z,51.179402,1,True,True,False,0.0,0.0,0.019539110675814462,0.0,0.0,,581,327,908,50.46186919900356,50.46186919900356,,,908.0,0.0,1.0,1.0
414e7b6f-0eaf-48f3-a506-002404475606,math:Orz57K,873,2026-04-23T03:37:52.565278Z,2026-04-23T03:38:41.487322Z,48.922044,1,True,True,False,0.0,0.0,0.0204406831407126,0.0,0.0,,573,281,854,48.222054848010885,48.222054848010885,,,854.0,0.0,1.0,1.0
1dede7c4-98be-4b90-8258-1b2a5edd5dc1,math:Orz57K,874,2026-04-23T03:37:53.107130Z,2026-04-23T03:38:43.909328Z,50.802198,1,True,True,True,1.0,1.0,0.019684187680225965,0.019684187680225965,0.0,,590,422,1012,50.07134612099617,50.07134612099617,,,1012.0,0.0,1.0,1.0
932cf2ca-f68a-4532-89e7-52ab1bb37914,math:Orz57K,875,2026-04-23T03:37:57.467854Z,2026-04-23T03:38:46.293034Z,48.82518,1,True,True,True,1.0,1.0,0.02048123529703321,0.02048123529703321,0.0,,627,424,1051,48.09890107800311,48.09890107800311,,,1051.0,0.0,1.0,1.0
054f97cb-590e-408e-ac2b-00c046077994,math:Orz57K,876,2026-04-23T03:37:59.972907Z,2026-04-23T03:38:51.130754Z,51.157847,1,True,True,False,0.0,0.0,0.019547343343045694,0.0,0.0,,601,867,1468,50.43940256600035,50.43940256600035,,,1468.0,0.0,1.0,1.0
3b7d1420-a8bc-4a4e-a359-4a83f1d9f05d,math:Orz57K,873,2026-04-23T03:38:05.375903Z,2026-04-23T03:38:57.691009Z,52.315106,1,True,True,True,1.0,1.0,0.0191149378537052,0.0191149378537052,0.0,,573,183,756,51.592573615998845,51.592573615998845,,,756.0,0.0,1.0,1.0
1daae1ed-a616-478f-8981-e3b6d3a136a1,math:Orz57K,874,2026-04-23T03:38:06.804236Z,2026-04-23T03:39:00.076148Z,53.271912,1,True,True,True,1.0,1.0,0.018771618334254645,0.018771618334254645,0.0,,590,422,1012,52.53050867399725,52.53050867399725,,,1012.0,0.0,1.0,1.0
d629b78e-a7c0-438c-93ff-9a96f0793185,math:Orz57K,875,2026-04-23T03:38:09.371623Z,2026-04-23T03:39:02.447655Z,53.076032,1,True,True,True,1.0,1.0,0.018840896018752874,0.018840896018752874,0.0,,627,424,1051,52.346824715001276,52.346824715001276,,,1051.0,0.0,1.0,1.0
46986e92-3c7c-4908-a453-e0f08037d3d5,math:Orz57K,876,2026-04-23T03:38:14.018492Z,2026-04-23T03:39:06.131658Z,52.113166,1,True,True,False,0.0,0.0,0.019189008781389332,0.0,0.0,,601,491,1092,51.39642831799574,51.39642831799574,,,1092.0,0.0,1.0,1.0
2deaa413-9920-4f42-8153-908556eddbd2,math:Orz57K,877,2026-04-23T03:38:15.615522Z,2026-04-23T03:39:08.851859Z,53.236337,1,True,True,False,0.0,0.0,0.01878416240396104,0.0,0.0,,643,475,1118,52.47760034400562,52.47760034400562,,,1118.0,0.0,1.0,1.0
425cd889-e0e5-4ff7-938a-588dc9ea5e4e,math:Orz57K,874,2026-04-23T03:38:18.080840Z,2026-04-23T03:39:14.838839Z,56.757999,1,True,True,True,1.0,1.0,0.01761866199687554,0.01761866199687554,0.0,,590,412,1002,56.017133352012024,56.017133352012024,,,1002.0,0.0,1.0,1.0
7dcd6be1-bcdb-480d-8ed5-14ef69e79acd,math:Orz57K,875,2026-04-23T03:38:23.008037Z,2026-04-23T03:39:17.894107Z,54.88607,1,True,True,True,1.0,1.0,0.018219559170478048,0.018219559170478048,0.0,,627,318,945,54.14949350300594,54.14949350300594,,,945.0,0.0,1.0,1.0
ebb3a4b5-3d86-419d-aa64-f55701a018d0,math:Orz57K,876,2026-04-23T03:38:24.598542Z,2026-04-23T03:40:26.815166Z,122.216624,1,True,True,False,0.0,0.0,0.008182192956008996,0.0,0.0,,1645,546,2191,119.58640648701112,119.58640648701112,,,2191.0,0.0,1.0,1.0
ca78289a-c9f8-4cfb-a3de-88f7f35fc74f,math:Orz57K,877,2026-04-23T03:38:26.928435Z,2026-04-23T03:39:26.426900Z,59.498465,1,True,True,False,0.0,0.0,0.01680715628546047,0.0,0.0,,643,475,1118,58.74216467300721,58.74216467300721,,,1118.0,0.0,1.0,1.0
49b8976f-b8dd-4054-8f6c-3e5c7d9d0639,math:Orz57K,878,2026-04-23T03:38:31.841237Z,2026-04-23T03:39:29.918086Z,58.076849,1,True,True,False,0.0,0.0,0.01721856500858027,0.0,0.0,,619,397,1016,57.33494424899982,57.33494424899982,,,1016.0,0.0,1.0,1.0
156b6188-7a58-41c3-8deb-ac22d2386627,math:Orz57K,875,2026-04-23T03:38:33.406110Z,2026-04-23T03:39:31.692918Z,58.286808,1,True,True,True,1.0,1.0,0.017156540807655826,0.017156540807655826,0.0,,627,318,945,57.581681508003385,57.581681508003385,,,945.0,0.0,1.0,1.0
e9f846b5-49c3-4176-a099-51aa7bc2137e,math:Orz57K,876,2026-04-23T03:38:35.757097Z,2026-04-23T03:39:38.137349Z,62.380252,1,True,True,False,0.0,0.0,0.01603071433568431,0.0,0.0,,601,491,1092,61.66003019800701,61.66003019800701,,,1092.0,0.0,1.0,1.0
10e11ff1-06e3-4af8-99ef-fdd7465983e9,math:Orz57K,877,2026-04-23T03:38:38.146463Z,2026-04-23T03:39:40.832766Z,62.686303,1,True,True,False,0.0,0.0,0.01595244817675721,0.0,0.0,,643,475,1118,61.937385611992795,61.937385611992795,,,1118.0,0.0,1.0,1.0
7b3b584c-c9ff-4d7f-b3ae-ee8080272852,math:Orz57K,878,2026-04-23T03:38:39.959211Z,2026-04-23T03:39:43.066593Z,63.107382,1,True,True,False,0.0,0.0,0.015846006731827348,0.0,0.0,,619,397,1016,62.358228135999525,62.358228135999525,,,1016.0,0.0,1.0,1.0
3f46a9c1-328f-4485-9ed5-2a04408d0aff,math:Orz57K,879,2026-04-23T03:38:41.512357Z,2026-04-23T03:39:44.156260Z,62.643903,1,True,True,False,0.0,0.0,0.015963245457423048,0.0,0.0,,560,199,759,61.925436949997675,61.925436949997675,,,759.0,0.0,1.0,1.0
9fad2548-0529-4623-a903-12493dcde44e,math:Orz57K,876,2026-04-23T03:38:43.935366Z,2026-04-23T03:39:50.606842Z,66.671476,1,True,True,False,0.0,0.0,0.014998917978057063,0.0,0.0,,601,491,1092,65.95300039900758,65.95300039900758,,,1092.0,0.0,1.0,1.0
e4910a16-47d8-4d23-9bc3-774225bbd387,math:Orz57K,877,2026-04-23T03:38:46.318717Z,2026-04-23T03:39:53.287749Z,66.969032,1,True,True,False,0.0,0.0,0.014932274965539297,0.0,0.0,,643,475,1118,66.23280591001094,66.23280591001094,,,1118.0,0.0,1.0,1.0
a6b5f01d-955d-43a0-adaf-133793435d8b,math:Orz57K,878,2026-04-23T03:38:51.156156Z,2026-04-23T03:39:55.523871Z,64.367715,1,True,True,False,0.0,0.0,0.015535738685146738,0.0,0.0,,619,397,1016,63.62143752600241,63.62143752600241,,,1016.0,0.0,1.0,1.0
064b88bb-dff0-4772-b4e3-54889b7a8bcf,math:Orz57K,879,2026-04-23T03:38:52.027341Z,2026-04-23T03:39:56.633648Z,64.606307,1,True,True,False,0.0,0.0,0.015478364983777823,0.0,0.0,,560,199,759,63.86667486400984,63.86667486400984,,,759.0,0.0,1.0,1.0
36cbab7b-41fe-47e4-b1b8-6992acbcf25e,math:Orz57K,880,2026-04-23T03:38:52.171585Z,2026-04-23T03:39:58.653342Z,66.481757,1,True,True,False,0.0,0.0,0.015041720392558217,0.0,0.0,,566,357,923,65.7232677169959,65.7232677169959,,,923.0,0.0,1.0,1.0
9cc972e0-a373-481d-bf7b-962d068fa62d,math:Orz57K,877,2026-04-23T03:38:55.860405Z,2026-04-23T03:40:01.314717Z,65.454312,1,True,True,False,0.0,0.0,0.01527783226871287,0.0,0.0,,643,475,1118,64.6921079629974,64.6921079629974,,,1118.0,0.0,1.0,1.0
a7620e24-c2d3-4160-b379-d29efb47b602,math:Orz57K,878,2026-04-23T03:38:56.678421Z,2026-04-23T03:40:03.507502Z,66.829081,1,True,True,False,0.0,0.0,0.014963545585790713,0.0,0.0,,619,397,1016,66.10143856701325,66.10143856701325,,,1016.0,0.0,1.0,1.0
d1cad884-55b9-4615-a46b-31ca68273da5,math:Orz57K,879,2026-04-23T03:38:57.715776Z,2026-04-23T03:40:04.556878Z,66.841102,1,True,True,False,0.0,0.0,0.014960854475439378,0.0,0.0,,560,199,759,66.1350495229999,66.1350495229999,,,759.0,0.0,1.0,1.0
b4034f4c-1984-4afd-b415-283e5a75a79c,math:Orz57K,880,2026-04-23T03:39:00.101602Z,2026-04-23T03:40:06.595756Z,66.494154,1,True,True,False,0.0,0.0,0.015038916052680361,0.0,0.0,,566,357,923,65.75076091299707,65.75076091299707,,,923.0,0.0,1.0,1.0
944a6d52-be53-41ea-9c5d-ed9ecd85fc3b,math:Orz57K,881,2026-04-23T03:39:02.472845Z,2026-04-23T03:40:08.353812Z,65.880967,1,True,True,False,0.0,0.0,0.01517889074093281,0.0,0.0,,629,314,943,65.14137120700616,65.14137120700616,,,943.0,0.0,1.0,1.0
8b1b9d1f-6c34-4482-8e4e-ea0ed7409c75,math:Orz57K,878,2026-04-23T03:39:03.303085Z,2026-04-23T03:40:10.572180Z,67.269095,1,True,True,False,0.0,0.0,0.014865667510466732,0.0,0.0,,619,397,1016,66.55457334899984,66.55457334899984,,,1016.0,0.0,1.0,1.0
2d74fffb-b063-4d23-b4e4-25d8b713aa20,math:Orz57K,879,2026-04-23T03:39:03.460411Z,2026-04-23T03:40:11.684842Z,68.224431,1,True,True,False,0.0,0.0,0.014657505901368384,0.0,0.0,,560,199,759,67.51518791100534,67.51518791100534,,,759.0,0.0,1.0,1.0
4cad44d4-8613-4b4e-83ca-8c380bcb8dd3,math:Orz57K,880,2026-04-23T03:39:06.157355Z,2026-04-23T03:40:13.745730Z,67.588375,1,True,True,False,0.0,0.0,0.014795443743099313,0.0,0.0,,566,357,923,66.82214387400018,66.82214387400018,,,923.0,0.0,1.0,1.0
5c40591a-cacb-4d9a-b657-46bc88707268,math:Orz57K,881,2026-04-23T03:39:08.877440Z,2026-04-23T03:40:15.474622Z,66.597182,1,True,True,False,0.0,0.0,0.015015650361902699,0.0,0.0,,629,314,943,65.86699351000425,65.86699351000425,,,943.0,0.0,1.0,1.0
a023e712-9d7c-46f5-b7f9-2a41b1573af5,math:Orz57K,882,2026-04-23T03:39:12.545945Z,2026-04-23T03:40:18.236893Z,65.690948,1,True,True,False,0.0,0.0,0.015222797515420236,0.0,0.0,,641,491,1132,64.95791093500156,64.95791093500156,,,1132.0,0.0,1.0,1.0
4ba55779-20b9-4814-a956-0016864f6942,math:Orz57K,879,2026-04-23T03:39:14.864012Z,2026-04-23T03:40:19.350097Z,64.486085,1,True,True,False,0.0,0.0,0.015507221441649,0.0,0.0,,560,199,759,63.75999732299533,63.75999732299533,,,759.0,0.0,1.0,1.0
842c6005-243c-4102-86e0-ce644280dff8,math:Orz57K,880,2026-04-23T03:39:15.989933Z,2026-04-23T03:40:21.388969Z,65.399036,1,True,True,False,0.0,0.0,0.01529074526419625,0.0,0.0,,566,357,923,64.64056769800663,64.64056769800663,,,923.0,0.0,1.0,1.0
f52e9fe4-ab66-49f3-9152-a3e661a2346a,math:Orz57K,881,2026-04-23T03:39:16.109083Z,2026-04-23T03:40:23.140524Z,67.031441,1,True,True,False,0.0,0.0,0.01491837240974724,0.0,0.0,,629,314,943,66.28729042000487,66.28729042000487,,,943.0,0.0,1.0,1.0
c9427c2c-932c-478b-a0b0-14f6f3ddb717,math:Orz57K,882,2026-04-23T03:39:17.919170Z,2026-04-23T03:40:25.868469Z,67.949299,1,True,True,False,0.0,0.0,0.014716855283525442,0.0,0.0,,641,491,1132,67.23524590799934,67.23524590799934,,,1132.0,0.0,1.0,1.0
960468ee-9d2b-449b-aba3-5c3f6ec2f727,math:Orz57K,883,2026-04-23T03:39:23.775708Z,2026-04-23T03:40:27.519628Z,63.74392,1,True,True,False,0.0,0.0,0.015687770692483297,0.0,0.0,,564,126,690,63.02805716199509,63.02805716199509,,,690.0,0.0,1.0,1.0
9e82c50f-0190-44bb-9647-b906ee94c218,math:Orz57K,880,2026-04-23T03:39:26.451665Z,2026-04-23T03:40:29.568411Z,63.116746,1,True,True,False,0.0,0.0,0.015843655818378218,0.0,0.0,,566,357,923,62.34575442298956,62.34575442298956,,,923.0,0.0,1.0,1.0
2d0ec57d-00d0-4fb4-87a4-0fd3fbe5f6c7,math:Orz57K,881,2026-04-23T03:39:27.527721Z,2026-04-23T03:40:31.281190Z,63.753469,1,True,True,False,0.0,0.0,0.015685420976856962,0.0,0.0,,629,314,943,63.03681073800544,63.03681073800544,,,943.0,0.0,1.0,1.0
d3a66d6a-7bd4-47fd-9cf4-740a54426481,math:Orz57K,882,2026-04-23T03:39:27.698099Z,2026-04-23T03:40:34.041361Z,66.343262,1,True,True,False,0.0,0.0,0.015073120763944348,0.0,0.0,,641,491,1132,65.62348013400333,65.62348013400333,,,1132.0,0.0,1.0,1.0
cb876a89-1349-4281-ba8f-e34bb39d4993,math:Orz57K,883,2026-04-23T03:39:29.942176Z,2026-04-23T03:40:34.746456Z,64.80428,1,True,True,False,0.0,0.0,0.015431079552153035,0.0,0.0,,564,126,690,64.03916941100033,64.03916941100033,,,690.0,0.0,1.0,1.0
5b99fcae-24cc-4474-ace8-4db09e93ae48,math:Orz57K,884,2026-04-23T03:39:31.717277Z,2026-04-23T03:42:56.040000Z,204.322723,1,True,True,True,1.0,1.0,0.004894218250996978,0.004894218250996978,0.0,,2842,845,3687,200.14672432100633,200.14672432100633,,,3687.0,0.0,1.0,1.0
f12a0f34-78b3-4002-a445-0cc453ae20b6,math:Orz57K,881,2026-04-23T03:39:35.384689Z,2026-04-23T03:40:38.472028Z,63.087339,1,True,True,False,0.0,0.0,0.01585104104644515,0.0,0.0,,629,314,943,62.37583144500968,62.37583144500968,,,943.0,0.0,1.0,1.0
6596e0e7-a1d3-4efc-a448-40aabfc1cd4d,math:Orz57K,882,2026-04-23T03:39:38.163863Z,2026-04-23T03:40:41.238538Z,63.074675,1,True,True,False,0.0,0.0,0.015854223584980818,0.0,0.0,,641,491,1132,62.346799588005524,62.346799588005524,,,1132.0,0.0,1.0,1.0
9dde8275-5578-4180-a0a5-e2e65998ab08,math:Orz57K,883,2026-04-23T03:39:40.858286Z,2026-04-23T03:40:41.973273Z,61.114987,1,True,True,False,0.0,0.0,0.016362598588133544,0.0,0.0,,564,126,690,60.36351072198886,60.36351072198886,,,690.0,0.0,1.0,1.0
af8c2cbe-fde6-4e4c-9f01-35050ba7fbbc,math:Orz57K,884,2026-04-23T03:39:43.092380Z,2026-04-23T03:43:04.910761Z,201.818381,1,True,True,True,1.0,1.0,0.004954950064731715,0.004954950064731715,0.0,,2842,845,3687,197.63591645500856,197.63591645500856,,,3687.0,0.0,1.0,1.0
90f75f3e-30d3-44a3-b5e4-c838415d859d,math:Orz57K,885,2026-04-23T03:39:44.182091Z,2026-04-23T03:40:45.513087Z,61.330996,1,True,True,False,0.0,0.0,0.01630496918719533,0.0,0.0,,586,276,862,60.59509087000333,60.59509087000333,,,862.0,0.0,1.0,1.0
fa0e6f32-332b-4936-b9c0-af7940e54be2,math:Orz57K,882,2026-04-23T03:39:47.929935Z,2026-04-23T03:41:09.578545Z,81.64861,1,True,True,False,0.0,0.0,0.012247605929849876,0.0,0.0,,641,4096,4737,80.90397874399787,80.90397874399787,,,4737.0,0.0,1.0,1.0
8f17498b-5f1b-423d-bd3a-4bfd18b248a9,math:Orz57K,883,2026-04-23T03:39:50.632733Z,2026-04-23T03:41:10.277235Z,79.644502,1,True,True,False,0.0,0.0,0.012555794497905204,0.0,0.0,,564,126,690,78.92067846900318,78.92067846900318,,,690.0,0.0,1.0,1.0
6da5e4e2-3f28-4219-8e3c-ddea85eba21f,math:Orz57K,884,2026-04-23T03:39:53.311730Z,2026-04-23T03:43:09.450796Z,196.139066,1,True,True,True,1.0,1.0,0.005098423380888333,0.005098423380888333,0.0,,2842,845,3687,191.9997227230051,191.9997227230051,,,3687.0,0.0,1.0,1.0
a67ea0e4-f5e9-47a8-a411-e5b21f9533d0,math:Orz57K,885,2026-04-23T03:39:55.551295Z,2026-04-23T03:41:13.836160Z,78.284865,1,True,True,False,0.0,0.0,0.012773861205483334,0.0,0.0,,586,276,862,77.56716707200394,77.56716707200394,,,862.0,0.0,1.0,1.0
fa852c6d-0c73-4d21-9f28-0b0ebeea2b90,math:Orz57K,886,2026-04-23T03:39:56.659862Z,2026-04-23T03:41:16.130109Z,79.470247,1,True,True,False,0.0,0.0,0.012583325681622709,0.0,0.0,,600,402,1002,78.72007737999957,78.72007737999957,,,1002.0,0.0,1.0,1.0
522cbf9f-fb58-4e6c-8cbd-759010cf986c,math:Orz57K,883,2026-04-23T03:39:58.676777Z,2026-04-23T03:41:16.851526Z,78.174749,1,True,True,False,0.0,0.0,0.012791854310910546,0.0,0.0,,564,126,690,77.4207562070078,77.4207562070078,,,690.0,0.0,1.0,1.0
361ec11e-bbf2-4f31-be2a-cb86f157c179,math:Orz57K,884,2026-04-23T03:40:01.339536Z,2026-04-23T03:43:19.467841Z,198.128305,1,True,True,True,1.0,1.0,0.005047234417111679,0.005047234417111679,0.0,,2842,845,3687,193.88131282302493,193.88131282302493,,,3687.0,0.0,1.0,1.0
9b3d201e-3d87-4442-ad50-7199bab79d65,math:Orz57K,885,2026-04-23T03:40:03.530364Z,2026-04-23T03:41:20.402398Z,76.872034,1,True,True,False,0.0,0.0,0.013008631981820593,0.0,0.0,,586,276,862,76.13455046000308,76.13455046000308,,,862.0,0.0,1.0,1.0
f4071c64-5c4b-4575-ba9e-ee03de737ccb,math:Orz57K,886,2026-04-23T03:40:04.581855Z,2026-04-23T03:41:22.638945Z,78.05709,1,True,True,False,0.0,0.0,0.012811136054393008,0.0,0.0,,600,402,1002,77.3319338880101,77.3319338880101,,,1002.0,0.0,1.0,1.0
8c636fc4-00ed-44dc-bb72-e5c80f54717f,math:Orz57K,887,2026-04-23T03:40:06.621651Z,2026-04-23T03:41:25.778993Z,79.157342,1,True,True,False,0.0,0.0,0.012633066936482026,0.0,0.0,,655,557,1212,78.40431819899823,78.40431819899823,,,1212.0,0.0,1.0,1.0
83312e24-7910-4bb3-b0b2-62d85dc8d17a,math:Orz57K,884,2026-04-23T03:40:08.379833Z,2026-04-23T03:43:23.879059Z,195.499226,1,True,True,True,1.0,1.0,0.005115109765191602,0.005115109765191602,0.0,,2842,845,3687,191.23289287800435,191.23289287800435,,,3687.0,0.0,1.0,1.0
098b6cc8-3c48-4bb4-a332-78bd4205420b,math:Orz57K,885,2026-04-23T03:40:10.598113Z,2026-04-23T03:41:29.305392Z,78.707279,1,True,True,False,0.0,0.0,0.012705305185305668,0.0,0.0,,586,276,862,77.98292550200131,77.98292550200131,,,862.0,0.0,1.0,1.0
633ac2ad-b70f-4897-8eca-19bbe34a8d82,math:Orz57K,886,2026-04-23T03:40:11.709823Z,2026-04-23T03:41:31.546309Z,79.836486,1,True,True,False,0.0,0.0,0.01252560138982069,0.0,0.0,,600,402,1002,79.12659192799765,79.12659192799765,,,1002.0,0.0,1.0,1.0
5c566890-8f17-470c-9318-c4a601d5094f,math:Orz57K,887,2026-04-23T03:40:13.771779Z,2026-04-23T03:41:34.704454Z,80.932675,1,True,True,False,0.0,0.0,0.012355948941512188,0.0,0.0,,655,557,1212,80.18125452900131,80.18125452900131,,,1212.0,0.0,1.0,1.0
e4f2caef-7266-459b-af33-5d3e23dd0cef,math:Orz57K,888,2026-04-23T03:40:15.499285Z,2026-04-23T03:42:30.790021Z,135.290736,1,True,True,False,0.0,0.0,0.0073914890964892075,0.0,0.0,,1577,424,2001,132.83143032100634,132.83143032100634,,,2001.0,0.0,1.0,1.0
107571ff-e68c-43fa-8595-5d3accb8f228,math:Orz57K,885,2026-04-23T03:40:18.261724Z,2026-04-23T03:41:38.407210Z,80.145486,1,True,True,False,0.0,0.0,0.012477309077644123,0.0,0.0,,586,276,862,79.40518227299617,79.40518227299617,,,862.0,0.0,1.0,1.0
d5e7bb05-43c6-4c7c-8ac8-c209dcaf1b51,math:Orz57K,886,2026-04-23T03:40:19.373665Z,2026-04-23T03:41:40.631814Z,81.258149,1,True,True,False,0.0,0.0,0.012306458026751262,0.0,0.0,,600,402,1002,80.54121310000482,80.54121310000482,,,1002.0,0.0,1.0,1.0
86b94567-5dbc-47ae-9dc1-34f865130c10,math:Orz57K,887,2026-04-23T03:40:21.412743Z,2026-04-23T03:41:43.759167Z,82.346424,1,True,True,False,0.0,0.0,0.012143818169930489,0.0,0.0,,655,557,1212,81.62588844000129,81.62588844000129,,,1212.0,0.0,1.0,1.0
9fc8ba4b-a42d-4878-8acc-11c790e2fa5f,math:Orz57K,888,2026-04-23T03:40:23.166412Z,2026-04-23T03:42:41.587734Z,138.421322,1,True,True,False,0.0,0.0,0.007224320542177743,0.0,0.0,,1577,424,2001,135.90453279901703,135.90453279901703,,,2001.0,0.0,1.0,1.0
138aa31c-04cd-45a3-a78e-5630263c4c18,math:Orz57K,889,2026-04-23T03:40:25.892653Z,2026-04-23T03:41:46.479539Z,80.586886,1,True,True,False,0.0,0.0,0.012408966888235387,0.0,0.0,,568,93,661,79.87256617199455,79.87256617199455,,,661.0,0.0,1.0,1.0
145a2639-20eb-47d9-b84c-ecccdb3c4145,math:Orz57K,886,2026-04-23T03:40:26.841186Z,2026-04-23T03:41:49.523622Z,82.682436,1,True,True,False,0.0,0.0,0.012094467076417537,0.0,0.0,,600,532,1132,81.91963044799922,81.91963044799922,,,1132.0,0.0,1.0,1.0
480fcefe-eafb-4aa7-8fbd-a39de4ae1106,math:Orz57K,887,2026-04-23T03:40:27.545351Z,2026-04-23T03:41:52.591532Z,85.046181,1,True,True,False,0.0,0.0,0.011758317519278144,0.0,0.0,,655,557,1212,84.33212204699521,84.33212204699521,,,1212.0,0.0,1.0,1.0
5a89b3b7-0f74-4246-b867-6c1172b5ae08,math:Orz57K,888,2026-04-23T03:40:29.593035Z,2026-04-23T03:42:49.914363Z,140.321328,1,True,True,False,0.0,0.0,0.0071265003991410345,0.0,0.0,,1577,424,2001,137.84240227799455,137.84240227799455,,,2001.0,0.0,1.0,1.0
d4427bd5-ef5f-46f8-bedb-6af3e8f19092,math:Orz57K,889,2026-04-23T03:40:31.306411Z,2026-04-23T03:41:55.332239Z,84.025828,1,True,True,False,0.0,0.0,0.011901102599072275,0.0,0.0,,568,93,661,83.29812298099569,83.29812298099569,,,661.0,0.0,1.0,1.0
ee91b04d-1cde-4240-a384-f05cc7a1dc4d,math:Orz57K,890,2026-04-23T03:40:34.065656Z,2026-04-23T03:41:56.444642Z,82.378986,1,True,True,False,0.0,0.0,0.012139018074342407,0.0,0.0,,597,192,789,81.6386093290057,81.6386093290057,,,789.0,0.0,1.0,1.0
e676a9f7-c657-4a91-8b30-095c506e2227,math:Orz57K,887,2026-04-23T03:40:34.770229Z,2026-04-23T03:42:00.611081Z,85.840852,1,True,True,False,0.0,0.0,0.011649464989000808,0.0,0.0,,655,747,1402,85.1141591869964,85.1141591869964,,,1402.0,0.0,1.0,1.0
f2d1b422-1d33-4be8-ae5d-90bb64ec340d,math:Orz57K,888,2026-04-23T03:40:38.496719Z,2026-04-23T03:42:58.221771Z,139.725052,1,True,True,False,0.0,0.0,0.007156912705961992,0.0,0.0,,1577,424,2001,137.21076247800374,137.21076247800374,,,2001.0,0.0,1.0,1.0
98e19a84-4f66-4451-8084-d217153efa12,math:Orz57K,889,2026-04-23T03:40:41.263687Z,2026-04-23T03:42:04.956198Z,83.692511,1,True,True,False,0.0,0.0,0.011948500386133713,0.0,0.0,,568,93,661,82.97607805000735,82.97607805000735,,,661.0,0.0,1.0,1.0
7a895f0f-43b8-46d5-a3ff-faa8536d8a16,math:Orz57K,890,2026-04-23T03:40:42.003397Z,2026-04-23T03:42:06.037193Z,84.033796,1,True,True,False,0.0,0.0,0.01189997414849616,0.0,0.0,,597,192,789,83.29261618400051,83.29261618400051,,,789.0,0.0,1.0,1.0
33f19908-916a-4397-bba7-b09a4f4d1655,math:Orz57K,891,2026-04-23T03:40:45.537984Z,2026-04-23T03:44:50.504058Z,244.966074,1,True,True,False,0.0,0.0,0.0040821979291712045,0.0,0.0,,2996,416,3412,239.075129526027,239.075129526027,,,3412.0,0.0,1.0,1.0
62cd5eec-578d-4507-8bfc-3b4c428a6bd1,math:Orz57K,888,2026-04-23T03:41:09.604176Z,2026-04-23T03:43:08.198106Z,118.59393,1,True,True,False,0.0,0.0,0.008432134764401517,0.0,0.0,,1577,424,2001,116.04861585900653,116.04861585900653,,,2001.0,0.0,1.0,1.0
8c571352-2322-4a58-aeb0-f1e1eaff588d,math:Orz57K,889,2026-04-23T03:41:10.302530Z,2026-04-23T03:42:11.111202Z,60.808672,1,True,True,False,0.0,0.0,0.016445022841478925,0.0,0.0,,568,93,661,60.09374135400867,60.09374135400867,,,661.0,0.0,1.0,1.0
a8ad56fa-4ea5-456d-81b5-1b34b5e1b249,math:Orz57K,890,2026-04-23T03:41:13.861185Z,2026-04-23T03:42:13.876906Z,60.015721,1,True,True,False,0.0,0.0,0.016662300866134724,0.0,0.0,,597,192,789,59.272629212995525,59.272629212995525,,,789.0,0.0,1.0,1.0
3cd99073-d774-495f-8b65-368433b7a717,math:Orz57K,891,2026-04-23T03:41:16.154702Z,2026-04-23T03:44:57.720041Z,221.565339,1,True,True,False,0.0,0.0,0.004513341321857206,0.0,0.0,,2996,416,3412,215.54175467400637,215.54175467400637,,,3412.0,0.0,1.0,1.0
70627691-2395-46e1-859d-1eeb5bdd43bb,math:Orz57K,892,2026-04-23T03:41:16.876266Z,2026-04-23T03:42:16.566271Z,59.690005,1,True,True,False,0.0,0.0,0.016753223592459072,0.0,0.0,,570,346,916,58.94117444400035,58.94117444400035,,,916.0,0.0,1.0,1.0
05b732bd-28da-48c3-bc93-3f02b549e851,math:Orz57K,889,2026-04-23T03:41:20.426839Z,2026-04-23T03:42:18.690051Z,58.263212,1,True,True,False,0.0,0.0,0.017163489029750022,0.0,0.0,,568,93,661,57.55305904299894,57.55305904299894,,,661.0,0.0,1.0,1.0
cc1959f4-eb6e-4e1b-8525-36f68624deca,math:Orz57K,890,2026-04-23T03:41:22.663449Z,2026-04-23T03:42:19.836593Z,57.173144,1,True,True,False,0.0,0.0,0.017490729563516744,0.0,0.0,,597,192,789,56.420723878996796,56.420723878996796,,,789.0,0.0,1.0,1.0
910bb2fd-559e-4721-a8d5-4ea83f4ffdae,math:Orz57K,891,2026-04-23T03:41:25.803612Z,2026-04-23T03:45:06.324444Z,220.520832,1,True,True,False,0.0,0.0,0.004534718969317148,0.0,0.0,,2996,416,3412,214.53065950500604,214.53065950500604,,,3412.0,0.0,1.0,1.0
1dfa3512-0d69-4b8e-82ad-2d3c5f738317,math:Orz57K,892,2026-04-23T03:41:29.329538Z,2026-04-23T03:42:24.142335Z,54.812797,1,True,True,False,0.0,0.0,0.018243914828867426,0.0,0.0,,570,346,916,54.06796330299403,54.06796330299403,,,916.0,0.0,1.0,1.0
eab2da7a-cfcf-46df-8e8a-543e36e9fcbd,math:Orz57K,893,2026-04-23T03:41:31.571948Z,2026-04-23T03:42:29.527137Z,57.955189,1,True,True,False,0.0,0.0,0.017254710359067244,0.0,0.0,,667,964,1631,57.20437229500385,57.20437229500385,,,1631.0,0.0,1.0,1.0
4a925001-afd2-49f2-b04d-7fb84b33819d,math:Orz57K,890,2026-04-23T03:41:34.729878Z,2026-04-23T03:42:30.577910Z,55.848032,1,True,True,False,0.0,0.0,0.017905733903031712,0.0,0.0,,597,192,789,55.1223922509962,55.1223922509962,,,789.0,0.0,1.0,1.0
6c5d95c2-a63e-4657-8265-1e7e91c6106c,math:Orz57K,891,2026-04-23T03:41:38.432045Z,2026-04-23T03:45:17.444543Z,219.012498,1,True,True,False,0.0,0.0,0.0045659494738058285,0.0,0.0,,2996,416,3412,212.9637142940046,212.9637142940046,,,3412.0,0.0,1.0,1.0
647b5dd2-7219-4f2d-916f-84c0db16510d,math:Orz57K,892,2026-04-23T03:41:40.657261Z,2026-04-23T03:42:33.443444Z,52.786183,1,True,True,False,0.0,0.0,0.018944351403472382,0.0,0.0,,570,346,916,52.052578033995815,52.052578033995815,,,916.0,0.0,1.0,1.0
40c99901-f34d-4696-92d8-8bdabcf29796,math:Orz57K,893,2026-04-23T03:41:43.783366Z,2026-04-23T03:42:38.867730Z,55.084364,1,True,True,False,0.0,0.0,0.018153971969250657,0.0,0.0,,667,964,1631,54.29323893599212,54.29323893599212,,,1631.0,0.0,1.0,1.0
2c03e6fd-d524-4bcb-914e-432126b6e264,math:Orz57K,894,2026-04-23T03:41:46.506280Z,2026-04-23T03:42:41.362119Z,54.855839,1,True,True,False,0.0,0.0,0.01822959995197594,0.0,0.0,,644,454,1098,54.123207201992045,54.123207201992045,,,1098.0,0.0,1.0,1.0
0a1e1b31-f5d8-49a2-bf61-f7ce326b5267,math:Orz57K,891,2026-04-23T03:41:49.548229Z,2026-04-23T03:45:23.576908Z,214.028679,1,True,True,False,0.0,0.0,0.004672271046442332,0.0,0.0,,2996,416,3412,208.05981063596846,208.05981063596846,,,3412.0,0.0,1.0,1.0
ee0c59c2-23fe-442f-af50-7ee1cfd24edc,math:Orz57K,892,2026-04-23T03:41:52.616532Z,2026-04-23T03:42:44.245056Z,51.628524,1,True,True,False,0.0,0.0,0.019369137881997168,0.0,0.0,,570,346,916,50.9094138960063,50.9094138960063,,,916.0,0.0,1.0,1.0
b54a8498-17c1-4fc8-9f6d-e263145459c7,math:Orz57K,893,2026-04-23T03:41:55.355996Z,2026-04-23T03:42:49.709600Z,54.353604,1,True,True,False,0.0,0.0,0.018398044037705393,0.0,0.0,,667,964,1631,53.59956085099839,53.59956085099839,,,1631.0,0.0,1.0,1.0
4d8ee43d-05ee-4315-a2f7-55c4d83fcf11,math:Orz57K,894,2026-04-23T03:41:56.469406Z,2026-04-23T03:42:52.431398Z,55.961992,1,True,True,False,0.0,0.0,0.017869270986636786,0.0,0.0,,644,454,1098,55.252913901989814,55.252913901989814,,,1098.0,0.0,1.0,1.0
0964a73d-d698-42c1-8385-3f9c67c0e5a0,math:Orz57K,895,2026-04-23T03:42:00.635917Z,2026-04-23T03:42:54.815711Z,54.179794,1,True,True,False,0.0,0.0,0.01845706537754647,0.0,0.0,,581,426,1007,53.467947525001364,53.467947525001364,,,1007.0,0.0,1.0,1.0
40794fba-42fb-4df5-a487-0d43e41e1e05,math:Orz57K,892,2026-04-23T03:42:04.982951Z,2026-04-23T03:42:57.988201Z,53.00525,1,True,True,False,0.0,0.0,0.018866055720895572,0.0,0.0,,570,346,916,52.28274566899927,52.28274566899927,,,916.0,0.0,1.0,1.0
565090a8-8079-44b3-b7da-7baac965328b,math:Orz57K,893,2026-04-23T03:42:06.061866Z,2026-04-23T03:43:03.676564Z,57.614698,1,True,True,False,0.0,0.0,0.017356682143851557,0.0,0.0,,667,964,1631,56.86220501198841,56.86220501198841,,,1631.0,0.0,1.0,1.0
bd39e39f-0aae-4cfa-96ef-d3340d59e308,math:Orz57K,894,2026-04-23T03:42:11.135998Z,2026-04-23T03:43:07.992461Z,56.856463,1,True,True,False,0.0,0.0,0.017588150005039885,0.0,0.0,,644,454,1098,56.13111960199603,56.13111960199603,,,1098.0,0.0,1.0,1.0
6e44c16e-9cc6-4ebc-be0a-adad452ca54e,math:Orz57K,895,2026-04-23T03:42:13.902788Z,2026-04-23T03:43:11.447153Z,57.544365,1,True,True,False,0.0,0.0,0.017377896167591736,0.0,0.0,,581,352,933,56.815287126999465,56.815287126999465,,,933.0,0.0,1.0,1.0
b85d357d-8dfb-46a4-8525-92fe4f38c0a7,math:Orz57K,896,2026-04-23T03:42:16.592540Z,2026-04-23T03:45:58.602192Z,222.009652,1,True,True,False,0.0,0.0,0.0045043086685258174,0.0,0.0,,2967,409,3376,216.03557122699567,216.03557122699567,,,3376.0,0.0,1.0,1.0
0c9d6d3d-145d-4fcf-9178-ed7b3efdf3d2,math:Orz57K,893,2026-04-23T03:42:18.712438Z,2026-04-23T03:43:18.258560Z,59.546122,1,True,True,False,0.0,0.0,0.0167937048864408,0.0,0.0,,667,964,1631,58.795792492994224,58.795792492994224,,,1631.0,0.0,1.0,1.0
f6b609c8-0f39-45fc-af86-a6ca8e17dc26,math:Orz57K,894,2026-04-23T03:42:19.863343Z,2026-04-23T03:43:21.985871Z,62.122528,1,True,True,False,0.0,0.0,0.016097219997228702,0.0,0.0,,644,454,1098,61.41712416999508,61.41712416999508,,,1098.0,0.0,1.0,1.0
20fddb67-e281-4265-b34d-25e21b64304c,math:Orz57K,895,2026-04-23T03:42:24.168305Z,2026-04-23T03:43:25.847401Z,61.679096,1,True,True,False,0.0,0.0,0.016212948386921885,0.0,0.0,,581,352,933,60.942903137998655,60.942903137998655,,,933.0,0.0,1.0,1.0
31cb6b42-b16d-40bf-8581-22ba2cc4e5b8,math:Orz57K,896,2026-04-23T03:42:29.554097Z,2026-04-23T03:45:13.290981Z,163.736884,1,True,True,False,0.0,0.0,0.006107359414510416,0.0,0.0,,2244,275,2519,159.59779406499,159.59779406499,,,2519.0,0.0,1.0,1.0
6f492ad7-aa80-42ab-b21f-d041fec59198,math:Orz57K,897,2026-04-23T03:42:30.603058Z,2026-04-23T03:46:19.931937Z,229.328879,1,True,True,False,0.0,0.0,0.004360549811085938,0.0,0.0,,4200,1176,5376,223.41401938300987,223.41401938300987,,,5376.0,0.0,1.0,1.0
56b5f7fc-5057-48ef-9ac5-c0c19cb600d3,math:Orz57K,894,2026-04-23T03:42:30.815270Z,2026-04-23T03:43:31.240148Z,60.424878,1,True,True,False,0.0,0.0,0.01654947487026784,0.0,0.0,,644,454,1098,59.6755000109988,59.6755000109988,,,1098.0,0.0,1.0,1.0
6e903a4c-b0d7-4e47-8589-8da680982ebc,math:Orz57K,895,2026-04-23T03:42:33.468389Z,2026-04-23T03:43:34.164140Z,60.695751,1,True,True,False,0.0,0.0,0.016475617873152274,0.0,0.0,,581,426,1007,59.989685592008755,59.989685592008755,,,1007.0,0.0,1.0,1.0
16390ef4-40ab-4925-9203-f7db034539a1,math:Orz57K,896,2026-04-23T03:42:38.892294Z,2026-04-23T03:45:18.641750Z,159.749456,1,True,True,False,0.0,0.0,0.006259802224303035,0.0,0.0,,2244,275,2519,155.55714519399044,155.55714519399044,,,2519.0,0.0,1.0,1.0
db9a00ac-db8e-494f-80b5-17861334f80e,math:Orz57K,897,2026-04-23T03:42:41.385401Z,2026-04-23T03:46:32.896590Z,231.511189,1,True,True,False,0.0,0.0,0.004319445657548759,0.0,0.0,,4200,1176,5376,225.59910031298932,225.59910031298932,,,5376.0,0.0,1.0,1.0
fa8223e0-b106-44c8-bd56-39f88cab5b5b,math:Orz57K,898,2026-04-23T03:42:41.610727Z,2026-04-23T03:43:41.018209Z,59.407482,1,True,True,False,0.0,0.0,0.016832896570166025,0.0,0.0,,578,724,1302,58.68244374799542,58.68244374799542,,,1302.0,0.0,1.0,1.0
b1289dac-1ecc-42c7-8fb6-57f65cc6730c,math:Orz57K,895,2026-04-23T03:42:44.269839Z,2026-04-23T03:43:44.039854Z,59.770015,1,True,True,False,0.0,0.0,0.016730797206592637,0.0,0.0,,581,426,1007,59.02842518000398,59.02842518000398,,,1007.0,0.0,1.0,1.0
4b8ecb23-8f04-40fd-b05b-ae57a69059b1,math:Orz57K,896,2026-04-23T03:42:49.734243Z,2026-04-23T03:45:26.912445Z,157.178202,1,True,True,False,0.0,0.0,0.006362205364838058,0.0,0.0,,2244,275,2519,152.93085814001097,152.93085814001097,,,2519.0,0.0,1.0,1.0
54752ac8-aaeb-46ab-a47c-6798a9bd0fbc,math:Orz57K,897,2026-04-23T03:42:49.937742Z,2026-04-23T03:46:43.136355Z,233.198613,1,True,True,False,0.0,0.0,0.004288190170324898,0.0,0.0,,4200,1176,5376,227.3342923420132,227.3342923420132,,,5376.0,0.0,1.0,1.0
26b1b630-8638-44d1-bebc-dab9860d7d52,math:Orz57K,898,2026-04-23T03:42:52.456512Z,2026-04-23T03:43:50.910459Z,58.453947,1,True,True,False,0.0,0.0,0.017107484632303785,0.0,0.0,,578,724,1302,57.74340690500685,57.74340690500685,,,1302.0,0.0,1.0,1.0
05e631f3-85b1-406a-b481-93127e59b0d2,math:Orz57K,899,2026-04-23T03:42:54.842473Z,2026-04-23T03:43:52.047465Z,57.204992,1,True,True,False,0.0,0.0,0.01748099186868167,0.0,0.0,,602,190,792,56.43313856500026,56.43313856500026,,,792.0,0.0,1.0,1.0
3ac21e1a-a9b2-42c3-8f67-da594ce1a8ab,math:Orz57K,896,2026-04-23T03:42:56.064924Z,2026-04-23T03:45:35.369661Z,159.304737,1,True,True,False,0.0,0.0,0.006277277241291325,0.0,0.0,,2244,275,2519,155.08560194200254,155.08560194200254,,,2519.0,0.0,1.0,1.0
13c792ed-ff31-4b5c-8489-ba1f383f213f,math:Orz57K,897,2026-04-23T03:42:58.013681Z,2026-04-23T03:46:50.514000Z,232.500319,1,True,True,False,0.0,0.0,0.00430106936756504,0.0,0.0,,4200,1176,5376,226.5871290530049,226.5871290530049,,,5376.0,0.0,1.0,1.0
a8c96c9d-dfe9-460a-8d78-d18d604fafc6,math:Orz57K,898,2026-04-23T03:42:58.244850Z,2026-04-23T03:43:58.893745Z,60.648895,1,True,True,False,0.0,0.0,0.01648834657251381,0.0,0.0,,578,724,1302,59.914087170996936,59.914087170996936,,,1302.0,0.0,1.0,1.0
f810ac2d-67e1-4e38-ba16-0252b3e0695a,math:Orz57K,899,2026-04-23T03:43:03.701671Z,2026-04-23T03:44:00.004310Z,56.302639,1,True,True,False,0.0,0.0,0.0177611568082981,0.0,0.0,,602,190,792,55.53601878401241,55.53601878401241,,,792.0,0.0,1.0,1.0
cef209f7-86ab-4141-a477-b999a65ddb36,math:Orz57K,900,2026-04-23T03:43:04.936110Z,2026-04-23T03:44:01.465572Z,56.529462,1,True,True,False,0.0,0.0,0.017689890627298026,0.0,0.0,,602,270,872,55.820046805994934,55.820046805994934,,,872.0,0.0,1.0,1.0
003ac9f0-300b-4b96-9e4d-f262700bba55,math:Orz57K,897,2026-04-23T03:43:08.016107Z,2026-04-23T03:46:56.863954Z,228.847847,1,True,True,False,0.0,0.0,0.0043697155691397,0.0,0.0,,4200,1176,5376,222.79467352198844,222.79467352198844,,,5376.0,0.0,1.0,1.0
b4bb9122-a977-41e5-924a-224ffd69329d,math:Orz57K,898,2026-04-23T03:43:08.222588Z,2026-04-23T03:44:08.176928Z,59.95434,1,True,True,False,0.0,0.0,0.016679359659367444,0.0,0.0,,578,724,1302,59.19747622401337,59.19747622401337,,,1302.0,0.0,1.0,1.0
6cb2d0b3-959e-42f8-a1db-b14b725bcbc9,math:Orz57K,899,2026-04-23T03:43:09.475876Z,2026-04-23T03:44:09.246113Z,59.770237,1,True,True,False,0.0,0.0,0.01673073506467776,0.0,0.0,,602,190,792,59.026124117008294,59.026124117008294,,,792.0,0.0,1.0,1.0
5332c091-5020-4fad-827e-45d263ed79c8,math:Orz57K,900,2026-04-23T03:43:11.472086Z,2026-04-23T03:44:10.729860Z,59.257774,1,True,True,False,0.0,0.0,0.01687542296138225,0.0,0.0,,602,270,872,58.54349273900152,58.54349273900152,,,872.0,0.0,1.0,1.0
5a474c2a-c164-4c7d-8e6a-5b60b0dd7fe1,math:Orz57K,901,2026-04-23T03:43:18.283803Z,2026-04-23T03:44:13.257710Z,54.973907,1,True,True,False,0.0,0.0,0.018190448061113796,0.0,0.0,,562,235,797,54.2109465310059,54.2109465310059,,,797.0,0.0,1.0,1.0
b131997b-bd23-46bd-92aa-186ba1c5ee24,math:Orz57K,898,2026-04-23T03:43:19.493234Z,2026-04-23T03:44:17.321496Z,57.828262,1,True,True,False,0.0,0.0,0.017292582647564263,0.0,0.0,,578,724,1302,57.08167402699473,57.08167402699473,,,1302.0,0.0,1.0,1.0
d305eca0-91af-48e5-9421-338a87f08ce3,math:Orz57K,899,2026-04-23T03:43:22.009358Z,2026-04-23T03:44:18.397976Z,56.388618,1,True,True,False,0.0,0.0,0.01773407534123287,0.0,0.0,,602,190,792,55.64175495300151,55.64175495300151,,,792.0,0.0,1.0,1.0
e84cd5f6-dd3f-43fe-a3e6-b99e131fcd0c,math:Orz57K,900,2026-04-23T03:43:23.903793Z,2026-04-23T03:44:20.478724Z,56.574931,1,True,True,False,0.0,0.0,0.017675673347264,0.0,0.0,,602,270,872,55.85334762900311,55.85334762900311,,,872.0,0.0,1.0,1.0
865f69fe-2adb-4873-9b57-e044f22d66ce,math:Orz57K,901,2026-04-23T03:43:25.873165Z,2026-04-23T03:44:21.652816Z,55.779651,1,True,True,False,0.0,0.0,0.017927684775223853,0.0,0.0,,562,207,769,55.04966076200071,55.04966076200071,,,769.0,0.0,1.0,1.0
3a1f7940-06e3-4f87-a1e4-de3cb22d8711,math:Orz57K,902,2026-04-23T03:43:31.265844Z,2026-04-23T03:45:16.863016Z,105.597172,1,True,True,False,0.0,0.0,0.009469950577843127,0.0,0.0,,1931,986,2917,103.09406926299562,103.09406926299562,,,2917.0,0.0,1.0,1.0
fbd48c02-64da-4ca6-a03a-3be223f26f8f,math:Orz57K,899,2026-04-23T03:43:34.188571Z,2026-04-23T03:44:29.222278Z,55.033707,1,True,True,False,0.0,0.0,0.018170682196639962,0.0,0.0,,602,190,792,54.22924262601009,54.22924262601009,,,792.0,0.0,1.0,1.0
7a35cd68-b75a-41b1-8e76-ba0c049e916d,math:Orz57K,900,2026-04-23T03:43:41.045361Z,2026-04-23T03:44:32.812668Z,51.767307,1,True,True,False,0.0,0.0,0.019317211150272892,0.0,0.0,,602,270,872,51.0419509360072,51.0419509360072,,,872.0,0.0,1.0,1.0
51b4e1eb-ba5e-4196-b606-99babf3f1e48,math:Orz57K,901,2026-04-23T03:43:44.065256Z,2026-04-23T03:44:34.576798Z,50.511542,1,True,True,False,0.0,0.0,0.019797455401381333,0.0,0.0,,562,207,769,49.763762216010946,49.763762216010946,,,769.0,0.0,1.0,1.0
09f483a2-af73-410f-bcde-e0d8b295d796,math:Orz57K,902,2026-04-23T03:43:50.943317Z,2026-04-23T03:45:35.009112Z,104.065795,1,True,True,False,0.0,0.0,0.009609305343797163,0.0,0.0,,1931,986,2917,101.57487664200016,101.57487664200016,,,2917.0,0.0,1.0,1.0
d87c305f-741c-4c9b-b0df-34f5ac220e76,math:Orz57K,903,2026-04-23T03:43:52.074797Z,2026-04-23T03:44:41.348953Z,49.274156,1,True,True,False,0.0,0.0,0.020294614483097387,0.0,0.0,,603,168,771,48.53546497199568,48.53546497199568,,,771.0,0.0,1.0,1.0
a8e72fee-4f23-4954-a47f-d2714ce69493,math:Orz57K,900,2026-04-23T03:43:58.918489Z,2026-04-23T03:44:45.029928Z,46.111439,1,True,True,False,0.0,0.0,0.02168659277798726,0.0,0.0,,602,270,872,45.37954327800253,45.37954327800253,,,872.0,0.0,1.0,1.0
84e584e2-f440-4892-afe9-2ac41f04a42a,math:Orz57K,901,2026-04-23T03:44:00.032529Z,2026-04-23T03:44:46.234718Z,46.202189,1,True,True,False,0.0,0.0,0.02164399613187159,0.0,0.0,,562,207,769,45.44844999299676,45.44844999299676,,,769.0,0.0,1.0,1.0
7ae6d48f-bda5-486d-8450-df3f7e1707ab,math:Orz57K,902,2026-04-23T03:44:01.492238Z,2026-04-23T03:45:44.968984Z,103.476746,1,True,True,False,0.0,0.0,0.009664007022408687,0.0,0.0,,1931,986,2917,100.99389643399627,100.99389643399627,,,2917.0,0.0,1.0,1.0
30446b04-e4c2-4a46-8d1a-2761f3b82b7e,math:Orz57K,903,2026-04-23T03:44:08.200850Z,2026-04-23T03:44:53.150744Z,44.949894,1,True,True,False,0.0,0.0,0.02224699350792685,0.0,0.0,,603,168,771,44.16278655000497,44.16278655000497,,,771.0,0.0,1.0,1.0
8eb030e3-886f-41f1-9885-d8b682d1f484,math:Orz57K,904,2026-04-23T03:44:09.270838Z,2026-04-23T03:44:55.926271Z,46.655433,1,True,True,False,0.0,0.0,0.02143373098691421,0.0,0.0,,587,495,1082,45.89400809300423,45.89400809300423,,,1082.0,0.0,1.0,1.0
157ec488-7ad0-4b38-8658-4163e958a978,math:Orz57K,901,2026-04-23T03:44:10.755354Z,2026-04-23T03:44:57.040468Z,46.285114,1,True,True,False,0.0,0.0,0.02160521847261735,0.0,0.0,,562,207,769,45.57662953599356,45.57662953599356,,,769.0,0.0,1.0,1.0
2c8042bf-034a-44ff-85ce-cea1c4ea109b,math:Orz57K,902,2026-04-23T03:44:13.281015Z,2026-04-23T03:46:05.147440Z,111.866425,1,True,True,False,0.0,0.0,0.008939232660738018,0.0,0.0,,1931,986,2917,109.33166125400749,109.33166125400749,,,2917.0,0.0,1.0,1.0
9a8ae064-ee68-4fb0-83da-70e46440bcf8,math:Orz57K,903,2026-04-23T03:44:17.345258Z,2026-04-23T03:45:02.947034Z,45.601776,1,True,True,False,0.0,0.0,0.021928970485710908,0.0,0.0,,603,168,771,44.87562606099527,44.87562606099527,,,771.0,0.0,1.0,1.0
f76b1539-d66a-4bfd-b83e-5d1acab5c59d,math:Orz57K,904,2026-04-23T03:44:18.422963Z,2026-04-23T03:45:05.758840Z,47.335877,1,True,True,False,0.0,0.0,0.02112562528417927,0.0,0.0,,587,495,1082,46.58674986600818,46.58674986600818,,,1082.0,0.0,1.0,1.0
b50c1a7e-819b-4157-a25a-6c15dd0294c1,math:Orz57K,905,2026-04-23T03:44:20.503581Z,2026-04-23T03:45:09.320259Z,48.816678,1,True,True,False,0.0,0.0,0.02048480234562458,0.0,0.0,,773,523,1296,48.029690484996536,48.029690484996536,,,1296.0,0.0,1.0,1.0
245bc650-8b8e-48a3-8cba-fd35d818a8a8,math:Orz57K,902,2026-04-23T03:44:21.677956Z,2026-04-23T03:46:18.305662Z,116.627706,1,True,True,False,0.0,0.0,0.008574291943974273,0.0,0.0,,1931,986,2917,114.19474272198568,114.19474272198568,,,2917.0,0.0,1.0,1.0
a70ae9a6-a873-4f7b-b1f5-00ed9a84a066,math:Orz57K,903,2026-04-23T03:44:29.249496Z,2026-04-23T03:45:18.295487Z,49.045991,1,True,True,False,0.0,0.0,0.02038902629166979,0.0,0.0,,603,149,752,48.33856269999524,48.33856269999524,,,752.0,0.0,1.0,1.0
91f99246-a272-49ad-8105-6484924582f0,math:Orz57K,904,2026-04-23T03:44:32.837507Z,2026-04-23T03:45:23.034797Z,50.19729,1,True,True,False,0.0,0.0,0.01992139416291198,0.0,0.0,,587,495,1082,49.44294535400695,49.44294535400695,,,1082.0,0.0,1.0,1.0
6de44462-6806-4fae-8897-1a4c1dbcf8a8,math:Orz57K,905,2026-04-23T03:44:34.601507Z,2026-04-23T03:45:26.595561Z,51.994054,1,True,True,False,0.0,0.0,0.01923296844673816,0.0,0.0,,773,523,1296,51.22079868799483,51.22079868799483,,,1296.0,0.0,1.0,1.0
a55f2b8a-51b8-4df8-a68f-7891f4c93f74,math:Orz57K,906,2026-04-23T03:44:41.373652Z,2026-04-23T03:46:43.453738Z,122.080086,1,True,True,True,1.0,1.0,0.008191344164026884,0.008191344164026884,0.0,,2178,869,3047,119.63617965001322,119.63617965001322,,,3047.0,0.0,1.0,1.0
83eaf81b-72e9-4a40-86f4-b59ca0556a17,math:Orz57K,903,2026-04-23T03:44:45.054736Z,2026-04-23T03:45:37.876726Z,52.82199,1,True,True,False,0.0,0.0,0.018931509395992085,0.0,0.0,,603,168,771,52.06921903300099,52.06921903300099,,,771.0,0.0,1.0,1.0
4fc77368-a2a0-41c6-9bf0-89902a5e9d09,math:Orz57K,904,2026-04-23T03:44:46.260615Z,2026-04-23T03:45:40.617275Z,54.35666,1,True,True,False,0.0,0.0,0.01839700967645915,0.0,0.0,,587,495,1082,53.65249181300169,53.65249181300169,,,1082.0,0.0,1.0,1.0
47f2d459-7ce4-4261-8733-d679214264e0,math:Orz57K,905,2026-04-23T03:44:50.528654Z,2026-04-23T03:45:43.045883Z,52.517229,1,True,True,False,0.0,0.0,0.019041370213953978,0.0,0.0,,773,430,1203,51.80195707701205,51.80195707701205,,,1203.0,0.0,1.0,1.0
03c637cd-9117-4582-b084-7b2b411c966b,math:Orz57K,906,2026-04-23T03:44:53.174948Z,2026-04-23T03:46:57.233116Z,124.058168,1,True,True,True,1.0,1.0,0.008060734864309782,0.008060734864309782,0.0,,2178,869,3047,121.62830364600813,121.62830364600813,,,3047.0,0.0,1.0,1.0
923443e3-6ceb-47d6-8b07-d2e61102a550,math:Orz57K,907,2026-04-23T03:44:55.953150Z,2026-04-23T03:45:52.860952Z,56.907802,1,True,True,False,0.0,0.0,0.017572282970971187,0.0,0.0,,635,279,914,56.18791811699339,56.18791811699339,,,914.0,0.0,1.0,1.0
2e72146f-a4c0-4a85-a4bf-e3231bc31166,math:Orz57K,904,2026-04-23T03:44:57.066028Z,2026-04-23T03:45:55.654013Z,58.587985,1,True,True,False,0.0,0.0,0.017068346009851677,0.0,0.0,,587,495,1082,57.84163958700083,57.84163958700083,,,1082.0,0.0,1.0,1.0
e3575229-410b-444b-90b3-73e70065ba91,math:Orz57K,905,2026-04-23T03:44:57.745297Z,2026-04-23T03:45:58.090059Z,60.344762,1,True,True,False,0.0,0.0,0.016571446582223655,0.0,0.0,,773,430,1203,59.579207928996766,59.579207928996766,,,1203.0,0.0,1.0,1.0
c81d71c6-0a80-4b68-90d0-62483f8b41ef,math:Orz57K,906,2026-04-23T03:45:02.972447Z,2026-04-23T03:47:04.547957Z,121.57551,1,True,True,True,1.0,1.0,0.008225340777924766,0.008225340777924766,0.0,,2174,865,3039,119.11800189899805,119.11800189899805,,,3039.0,0.0,1.0,1.0
147645d0-1da0-4d91-a703-a37e628e1f2d,math:Orz57K,907,2026-04-23T03:45:05.784363Z,2026-04-23T03:46:07.135629Z,61.351266,1,True,True,False,0.0,0.0,0.01629958214717199,0.0,0.0,,635,356,991,60.61608990500099,60.61608990500099,,,991.0,0.0,1.0,1.0
846ce4a3-9514-462f-8406-060e5934bbab,math:Orz57K,908,2026-04-23T03:45:06.349220Z,2026-04-23T03:46:09.473254Z,63.124034,1,True,True,False,0.0,0.0,0.015841826585417527,0.0,0.0,,607,411,1018,62.3545657319919,62.3545657319919,,,1018.0,0.0,1.0,1.0
d6495d8d-787a-4a76-be2a-2676e0725df2,math:Orz57K,905,2026-04-23T03:45:09.344442Z,2026-04-23T03:46:11.579783Z,62.235341,1,True,True,False,0.0,0.0,0.016068040825870947,0.0,0.0,,773,380,1153,61.51590963399212,61.51590963399212,,,1153.0,0.0,1.0,1.0
b9533f73-1188-4d05-bfa9-a77bc45be5fe,math:Orz57K,906,2026-04-23T03:45:13.314396Z,2026-04-23T03:47:11.870078Z,118.555682,1,True,True,True,1.0,1.0,0.008434855108842442,0.008434855108842442,0.0,,2198,889,3087,116.06913054500183,116.06913054500183,,,3087.0,0.0,1.0,1.0
839af250-5de2-42eb-a06b-f2bc4c4ca1cc,math:Orz57K,907,2026-04-23T03:45:16.887975Z,2026-04-23T03:46:21.946576Z,65.058601,1,True,True,False,0.0,0.0,0.01537075781878556,0.0,0.0,,635,356,991,64.34527997999976,64.34527997999976,,,991.0,0.0,1.0,1.0
02750d91-186d-4576-9dfb-824ee3b4e817,math:Orz57K,908,2026-04-23T03:45:17.467634Z,2026-04-23T03:46:24.317140Z,66.849506,1,True,True,False,0.0,0.0,0.014958973668406763,0.0,0.0,,607,411,1018,66.07035299300333,66.07035299300333,,,1018.0,0.0,1.0,1.0
eee17a6b-e0f3-4481-a7ee-0a37b7f65ef2,math:Orz57K,909,2026-04-23T03:45:18.320640Z,2026-04-23T03:46:25.897279Z,67.576639,1,True,True,False,0.0,0.0,0.014798013260174126,0.0,0.0,,584,280,864,66.785118358006,66.785118358006,,,864.0,0.0,1.0,1.0
2f074594-6f75-45aa-90f4-c107009dfff9,math:Orz57K,906,2026-04-23T03:45:18.666627Z,2026-04-23T03:48:34.083446Z,195.416819,1,True,True,True,1.0,1.0,0.0051172667998449,0.0051172667998449,0.0,,4199,1167,5366,191.10995780899248,191.10995780899248,,,5366.0,0.0,1.0,1.0
b2b447c1-b76f-44a7-b17b-9d15d9d91b6c,math:Orz57K,907,2026-04-23T03:45:23.061590Z,2026-04-23T03:46:34.897829Z,71.836239,1,True,True,False,0.0,0.0,0.013920550601208394,0.0,0.0,,635,356,991,71.10671524300415,71.10671524300415,,,991.0,0.0,1.0,1.0
22a4910a-57e0-47f9-a30d-022e37f7c593,math:Orz57K,908,2026-04-23T03:45:23.602121Z,2026-04-23T03:46:37.221733Z,73.619612,1,True,True,False,0.0,0.0,0.013583337005362102,0.0,0.0,,607,411,1018,72.85413639299804,72.85413639299804,,,1018.0,0.0,1.0,1.0
d089b578-7493-4b7b-b303-d0cede2e4f49,math:Orz57K,909,2026-04-23T03:45:26.619904Z,2026-04-23T03:46:38.767169Z,72.147265,1,True,True,False,0.0,0.0,0.013860539273387562,0.0,0.0,,584,280,864,71.37047682399862,71.37047682399862,,,864.0,0.0,1.0,1.0
3ca754e6-f44e-420c-aa9f-0518ea4849f0,math:Orz57K,910,2026-04-23T03:45:26.939835Z,2026-04-23T03:46:41.529705Z,74.58987,1,True,True,False,0.0,0.0,0.013406646237619129,0.0,0.0,,595,505,1100,73.87953673799348,73.87953673799348,,,1100.0,0.0,1.0,1.0
e2635f7a-cb35-484b-9faf-10f4e1d216f3,math:Orz57K,907,2026-04-23T03:45:35.033965Z,2026-04-23T03:46:45.020040Z,69.986075,1,True,True,False,0.0,0.0,0.014288556687883983,0.0,0.0,,635,279,914,69.25184999899648,69.25184999899648,,,914.0,0.0,1.0,1.0
d5011a80-3ff7-4f13-a63d-2bc8fa32c6e6,math:Orz57K,908,2026-04-23T03:45:35.393134Z,2026-04-23T03:46:47.376612Z,71.983478,1,True,True,False,0.0,0.0,0.01389207673460846,0.0,0.0,,607,411,1018,71.21107600699179,71.21107600699179,,,1018.0,0.0,1.0,1.0
4d360d0e-c002-4ebd-b938-f6dddb8164b0,math:Orz57K,909,2026-04-23T03:45:37.902029Z,2026-04-23T03:46:48.928610Z,71.026581,1,True,True,False,0.0,0.0,0.014079236053893683,0.0,0.0,,584,280,864,70.27174908699817,70.27174908699817,,,864.0,0.0,1.0,1.0
97975d01-6aef-4a9d-9c10-847f63f3c626,math:Orz57K,910,2026-04-23T03:45:40.642008Z,2026-04-23T03:46:52.518001Z,71.875993,1,True,True,False,0.0,0.0,0.013912851263147072,0.0,0.0,,595,359,954,71.14881559700007,71.14881559700007,,,954.0,0.0,1.0,1.0
177a3a48-58a7-40b2-a2c9-caafb9d42707,math:Orz57K,911,2026-04-23T03:45:43.072199Z,2026-04-23T03:46:53.141226Z,70.069027,1,True,True,False,0.0,0.0,0.014271641020503966,0.0,0.0,,556,105,661,69.31414527600282,69.31414527600282,,,661.0,0.0,1.0,1.0
118592a9-2e25-4aa0-b79d-e5edddfd1fba,math:Orz57K,908,2026-04-23T03:45:44.994857Z,2026-04-23T03:46:55.349727Z,70.35487,1,True,True,False,0.0,0.0,0.014213657135604116,0.0,0.0,,607,388,995,69.5679022490076,69.5679022490076,,,995.0,0.0,1.0,1.0
bb83d7e1-656b-4491-b8cd-71a68a9d5ad0,math:Orz57K,909,2026-04-23T03:45:52.886152Z,2026-04-23T03:46:58.845771Z,65.959619,1,True,True,False,0.0,0.0,0.015160791028826288,0.0,0.0,,584,280,864,65.16936828799953,65.16936828799953,,,864.0,0.0,1.0,1.0
3008ebf5-4627-410e-b1e4-3dc3991f2f7f,math:Orz57K,910,2026-04-23T03:45:55.679790Z,2026-04-23T03:47:00.675944Z,64.996154,1,True,True,False,0.0,0.0,0.015385525734338065,0.0,0.0,,595,337,932,64.26388144600787,64.26388144600787,,,932.0,0.0,1.0,1.0
88ecd009-771b-4ac7-b53e-7e6298dd9608,math:Orz57K,911,2026-04-23T03:45:58.115014Z,2026-04-23T03:47:01.255850Z,63.140836,1,True,True,False,0.0,0.0,0.015837611019277602,0.0,0.0,,556,105,661,62.42320530899451,62.42320530899451,,,661.0,0.0,1.0,1.0
124d655d-23e1-4d9c-9484-a71610ec6a62,math:Orz57K,912,2026-04-23T03:45:58.628206Z,2026-04-23T03:47:04.270602Z,65.642396,1,True,True,True,1.0,1.0,0.015234056965257635,0.015234056965257635,0.0,,592,538,1130,64.92140693900001,64.92140693900001,,,1130.0,0.0,1.0,1.0
99c73b00-b3a7-472c-b81a-489400800e71,math:Orz57K,909,2026-04-23T03:46:05.172579Z,2026-04-23T03:47:06.187297Z,61.014718,1,True,True,False,0.0,0.0,0.016389488188735053,0.0,0.0,,584,280,864,60.221357151007396,60.221357151007396,,,864.0,0.0,1.0,1.0
68a4e3cc-3670-4ca3-b479-581a2cce2af8,math:Orz57K,910,2026-04-23T03:46:07.161468Z,2026-04-23T03:47:07.955266Z,60.793798,1,True,True,False,0.0,0.0,0.016449046331995905,0.0,0.0,,595,337,932,60.070065107007395,60.070065107007395,,,932.0,0.0,1.0,1.0
ba3f4ff0-f028-467d-88f1-e4492d38e201,math:Orz57K,911,2026-04-23T03:46:09.499150Z,2026-04-23T03:47:08.551111Z,59.051961,1,True,True,False,0.0,0.0,0.016934238644504964,0.0,0.0,,556,105,661,58.32709430200339,58.32709430200339,,,661.0,0.0,1.0,1.0
400aea65-9d48-4487-9b64-7f1dee9b3da4,math:Orz57K,912,2026-04-23T03:46:11.605555Z,2026-04-23T03:47:11.561887Z,59.956332,1,True,True,True,1.0,1.0,0.01667880550131052,0.01667880550131052,0.0,,592,538,1130,59.24477707900223,59.24477707900223,,,1130.0,0.0,1.0,1.0
ff3af6cc-5c89-4cb9-a0b8-7155b68737fe,math:Orz57K,913,2026-04-23T03:46:18.330174Z,2026-04-23T03:50:03.837098Z,225.506924,1,True,True,False,0.0,0.0,0.004434453640101977,0.0,0.0,,2990,481,3471,219.43723708001198,219.43723708001198,,,3471.0,0.0,1.0,1.0
38bb94ce-97ed-4cf2-8a36-ddf7e657cd02,math:Orz57K,910,2026-04-23T03:46:19.958132Z,2026-04-23T03:47:14.589545Z,54.631413,1,True,True,False,0.0,0.0,0.018304487200431735,0.0,0.0,,595,337,932,53.8860726619896,53.8860726619896,,,932.0,0.0,1.0,1.0
35b819d7-91e1-4045-8d29-e03c7c996960,math:Orz57K,911,2026-04-23T03:46:21.972568Z,2026-04-23T03:47:15.159864Z,53.187296,1,True,True,False,0.0,0.0,0.018801482218611,0.0,0.0,,556,105,661,52.46676000900334,52.46676000900334,,,661.0,0.0,1.0,1.0
29314234-df99-4e61-9176-1e3569ce782a,math:Orz57K,912,2026-04-23T03:46:24.342566Z,2026-04-23T03:47:18.217834Z,53.875268,1,True,True,True,1.0,1.0,0.01856139258555521,0.01856139258555521,0.0,,592,538,1130,53.118737960001454,53.118737960001454,,,1130.0,0.0,1.0,1.0
b742c268-7818-423c-ba9a-503b773161ce,math:Orz57K,913,2026-04-23T03:46:25.921760Z,2026-04-23T03:50:09.213212Z,223.291452,1,True,True,False,0.0,0.0,0.004478451777007568,0.0,0.0,,2990,481,3471,217.24319027003367,217.24319027003367,,,3471.0,0.0,1.0,1.0
b92e26c0-c578-4d2b-a870-72bdeb7c8852,math:Orz57K,914,2026-04-23T03:46:32.921158Z,2026-04-23T03:47:23.999624Z,51.078466,1,True,True,True,1.0,1.0,0.019577721852492593,0.019577721852492593,0.0,,594,706,1300,50.335342730992124,50.335342730992124,,,1300.0,0.0,1.0,1.0
70255389-a2ea-4d3b-9378-60530b156e4b,math:Orz57K,911,2026-04-23T03:46:34.922957Z,2026-04-23T03:47:24.561833Z,49.638876,1,True,True,False,0.0,0.0,0.02014550047426537,0.0,0.0,,556,105,661,48.92524282500381,48.92524282500381,,,661.0,0.0,1.0,1.0
184d1f69-ee9e-4d4f-bbcb-a6b87e79d793,math:Orz57K,912,2026-04-23T03:46:37.244753Z,2026-04-23T03:47:27.588512Z,50.343759,1,True,True,True,1.0,1.0,0.01986343530684707,0.01986343530684707,0.0,,592,538,1130,49.61099596899294,49.61099596899294,,,1130.0,0.0,1.0,1.0
799fee39-5734-4d35-a937-3d5bf792d4b9,math:Orz57K,913,2026-04-23T03:46:38.792143Z,2026-04-23T03:50:17.839389Z,219.047246,1,True,True,False,0.0,0.0,0.004565225166081294,0.0,0.0,,2990,481,3471,213.01409313901968,213.01409313901968,,,3471.0,0.0,1.0,1.0
dd4707c7-865f-4f59-842b-3f8981996ccb,math:Orz57K,914,2026-04-23T03:46:41.554610Z,2026-04-23T03:47:32.319943Z,50.765333,1,True,True,True,1.0,1.0,0.01969848203300469,0.01969848203300469,0.0,,594,706,1300,50.04486794098921,50.04486794098921,,,1300.0,0.0,1.0,1.0
892bbcca-51fa-4773-9195-6757ef39270a,math:Orz57K,915,2026-04-23T03:46:43.168634Z,2026-04-23T03:48:43.577777Z,120.409143,1,True,True,False,0.0,0.0,0.008305017169667922,0.0,0.0,,1948,848,2796,117.88484712100762,117.88484712100762,,,2796.0,0.0,1.0,1.0
7c80b9f1-0c41-4b1c-8967-768032a1b0bb,math:Orz57K,912,2026-04-23T03:46:43.477654Z,2026-04-23T03:47:39.168705Z,55.691051,1,True,True,True,1.0,1.0,0.01795620628527912,0.01795620628527912,0.0,,592,538,1130,54.95600024599116,54.95600024599116,,,1130.0,0.0,1.0,1.0
58731f2e-20db-44cd-bbe0-6bd1421fae63,math:Orz57K,913,2026-04-23T03:46:45.046362Z,2026-04-23T03:50:24.878375Z,219.832013,1,True,True,False,0.0,0.0,0.004548928003493286,0.0,0.0,,2990,481,3471,213.91038882099383,213.91038882099383,,,3471.0,0.0,1.0,1.0
7acd5a79-f06d-4745-9860-42d5035ec55f,math:Orz57K,914,2026-04-23T03:46:47.400600Z,2026-04-23T03:47:43.966971Z,56.566371,1,True,True,True,1.0,1.0,0.017678348147877474,0.017678348147877474,0.0,,594,706,1300,55.84168565800064,55.84168565800064,,,1300.0,0.0,1.0,1.0
cd384593-5435-4297-b0bf-ca0744f61943,math:Orz57K,915,2026-04-23T03:46:48.954066Z,2026-04-23T03:48:48.287628Z,119.333562,1,True,True,False,0.0,0.0,0.008379872210635932,0.0,0.0,,1948,848,2796,116.86422753399529,116.86422753399529,,,2796.0,0.0,1.0,1.0
f3979f17-7cb2-4bea-b626-5db45348375d,math:Orz57K,916,2026-04-23T03:46:50.539907Z,2026-04-23T03:47:49.013816Z,58.473909,1,True,True,False,0.0,0.0,0.017101644427431728,0.0,0.0,,567,205,772,57.72777816499001,57.72777816499001,,,772.0,0.0,1.0,1.0
f75fe4d5-d2de-490b-9ac6-d80f33fd5d7d,math:Orz57K,913,2026-04-23T03:46:52.543814Z,2026-04-23T03:50:32.110906Z,219.567092,1,True,True,False,0.0,0.0,0.004554416560747637,0.0,0.0,,2990,481,3471,213.62367691699183,213.62367691699183,,,3471.0,0.0,1.0,1.0
5f6461ed-83c9-477f-b3af-c53bc5b469c6,math:Orz57K,914,2026-04-23T03:46:53.167089Z,2026-04-23T03:47:53.804676Z,60.637587,1,True,True,True,1.0,1.0,0.01649142140171244,0.01649142140171244,0.0,,594,706,1300,59.885071864002384,59.885071864002384,,,1300.0,0.0,1.0,1.0
96f959a8-ed06-4f29-954e-83ca7ca2e5ce,math:Orz57K,915,2026-04-23T03:46:55.374327Z,2026-04-23T03:48:55.337803Z,119.963476,1,True,True,False,0.0,0.0,0.008335870494449494,0.0,0.0,,1948,848,2796,117.48787816699769,117.48787816699769,,,2796.0,0.0,1.0,1.0
81238fa7-592f-449c-9e9e-8758bea828a4,math:Orz57K,916,2026-04-23T03:46:56.890699Z,2026-04-23T03:47:58.812869Z,61.92217,1,True,True,False,0.0,0.0,0.01614930484509829,0.0,0.0,,567,205,772,61.172544638990075,61.172544638990075,,,772.0,0.0,1.0,1.0
dd0a30d7-66b5-48c2-8f01-9eb823b0fcb4,math:Orz57K,917,2026-04-23T03:46:57.256982Z,2026-04-23T03:48:00.759324Z,63.502342,1,True,True,False,0.0,0.0,0.015747450700322203,0.0,0.0,,737,339,1076,62.75113728700671,62.75113728700671,,,1076.0,0.0,1.0,1.0
abffe5dc-c2be-4621-a188-ed980ac7dd4f,math:Orz57K,914,2026-04-23T03:46:58.871561Z,2026-04-23T03:48:04.724638Z,65.853077,1,True,True,True,1.0,1.0,0.015185319282802838,0.015185319282802838,0.0,,594,706,1300,65.07942933299637,65.07942933299637,,,1300.0,0.0,1.0,1.0
c9e26f2b-5fd5-4a7e-b985-e6989b338414,math:Orz57K,915,2026-04-23T03:47:00.702480Z,2026-04-23T03:49:01.973244Z,121.270764,1,True,True,False,0.0,0.0,0.008246010555355288,0.0,0.0,,1948,848,2796,118.74115179799264,118.74115179799264,,,2796.0,0.0,1.0,1.0
559b2ebc-eb5a-48d3-8b1e-4421ca59f829,math:Orz57K,916,2026-04-23T03:47:01.282112Z,2026-04-23T03:48:09.680028Z,68.397916,1,True,True,False,0.0,0.0,0.014620328490710157,0.0,0.0,,567,205,772,67.65108538599452,67.65108538599452,,,772.0,0.0,1.0,1.0
8c7a03d6-d134-4bf0-bfc7-b89d3a6896ce,math:Orz57K,917,2026-04-23T03:47:04.295782Z,2026-04-23T03:48:11.625557Z,67.329775,1,True,True,False,0.0,0.0,0.014852270039518178,0.0,0.0,,737,339,1076,66.59960479500296,66.59960479500296,,,1076.0,0.0,1.0,1.0
4b3c4f09-3045-4e06-b7a9-3649a99e56b6,math:Orz57K,918,2026-04-23T03:47:04.572032Z,2026-04-23T03:49:08.504077Z,123.932045,1,True,True,True,1.0,1.0,0.008068938102328579,0.008068938102328579,0.0,,1725,647,2372,121.484281372017,121.484281372017,,,2372.0,0.0,1.0,1.0
f3e1c991-f922-47bc-a6e2-551218f9d732,math:Orz57K,915,2026-04-23T03:47:06.213595Z,2026-04-23T03:49:09.438087Z,123.224492,1,True,True,False,0.0,0.0,0.008115269811783846,0.0,0.0,,1948,848,2796,120.7478064919851,120.7478064919851,,,2796.0,0.0,1.0,1.0
d71c4c79-7899-4be2-a07d-1973def34ecc,math:Orz57K,916,2026-04-23T03:47:07.980242Z,2026-04-23T03:48:19.475442Z,71.4952,1,True,True,False,0.0,0.0,0.013986952970269334,0.0,0.0,,567,205,772,70.75314264200279,70.75314264200279,,,772.0,0.0,1.0,1.0
cbd56398-7f33-442a-b9f5-cf96500b5d4f,math:Orz57K,917,2026-04-23T03:47:08.576584Z,2026-04-23T03:48:21.396269Z,72.819685,1,True,True,False,0.0,0.0,0.01373255047725076,0.0,0.0,,737,339,1076,72.09058591199573,72.09058591199573,,,1076.0,0.0,1.0,1.0
92871e29-f6be-41fa-9d1b-d801e5f86eba,math:Orz57K,918,2026-04-23T03:47:11.590112Z,2026-04-23T03:49:13.660488Z,122.070376,1,True,True,True,1.0,1.0,0.008191995738589353,0.008191995738589353,0.0,,1725,647,2372,119.60539419400448,119.60539419400448,,,2372.0,0.0,1.0,1.0
cd8cb5e1-d1c1-4f12-9577-880a716e7ed9,math:Orz57K,919,2026-04-23T03:47:11.895352Z,2026-04-23T03:48:26.566702Z,74.67135,1,True,True,False,0.0,0.0,0.013392017152495567,0.0,0.0,,1181,416,1597,73.95608265198825,73.95608265198825,,,1597.0,0.0,1.0,1.0
a6981b13-d04b-46c3-bc8b-4553d9831cf0,math:Orz57K,916,2026-04-23T03:47:14.615596Z,2026-04-23T03:48:28.384258Z,73.768662,1,True,True,False,0.0,0.0,0.01355589179589566,0.0,0.0,,567,205,772,73.03883006400429,73.03883006400429,,,772.0,0.0,1.0,1.0
142807ae-4f2a-42c0-8f53-367808da3611,math:Orz57K,917,2026-04-23T03:47:15.184457Z,2026-04-23T03:48:30.334293Z,75.149836,1,True,True,False,0.0,0.0,0.013306748932891884,0.0,0.0,,737,339,1076,74.41114874600316,74.41114874600316,,,1076.0,0.0,1.0,1.0
a5bf9f19-f2a9-4de7-bd26-4175d1028793,math:Orz57K,918,2026-04-23T03:47:18.246799Z,2026-04-23T03:49:21.355384Z,123.108585,1,True,True,True,1.0,1.0,0.008122910355926842,0.008122910355926842,0.0,,1725,647,2372,120.66771225101547,120.66771225101547,,,2372.0,0.0,1.0,1.0
6b348064-4c6a-4871-9ca2-9167557ed584,math:Orz57K,919,2026-04-23T03:47:24.024458Z,2026-04-23T03:48:36.537987Z,72.513529,1,True,True,False,0.0,0.0,0.013790530040263245,0.0,0.0,,1181,416,1597,71.80106917300145,71.80106917300145,,,1597.0,0.0,1.0,1.0
4b3348ec-b88c-4ee3-a6a0-dba9d856b68c,math:Orz57K,920,2026-04-23T03:47:24.587530Z,2026-04-23T03:49:28.284945Z,123.697415,1,True,True,True,1.0,1.0,0.008084243312602773,0.008084243312602773,0.0,,1307,180,1487,121.2630533019983,121.2630533019983,,,1487.0,0.0,1.0,1.0
8bf0a539-68c7-4bd9-b908-b286abce7ba1,math:Orz57K,917,2026-04-23T03:47:27.613970Z,2026-04-23T03:48:39.130427Z,71.516457,1,True,True,False,0.0,0.0,0.013982795596263947,0.0,0.0,,737,339,1076,70.79576003800321,70.79576003800321,,,1076.0,0.0,1.0,1.0
bf452de7-18b1-49f6-8d15-9fd2571fd7b6,math:Orz57K,918,2026-04-23T03:47:32.345771Z,2026-04-23T03:49:32.070998Z,119.725227,1,True,True,True,1.0,1.0,0.008352458584187941,0.008352458584187941,0.0,,1725,647,2372,117.3033120080072,117.3033120080072,,,2372.0,0.0,1.0,1.0
7dcc6bb4-b28d-4b56-92d2-be480381af8d,math:Orz57K,919,2026-04-23T03:47:39.194665Z,2026-04-23T03:48:45.964393Z,66.769728,1,True,True,False,0.0,0.0,0.01497684699269705,0.0,0.0,,1181,416,1597,66.05072284999187,66.05072284999187,,,1597.0,0.0,1.0,1.0
dba66d5c-a35e-4138-833e-c8f8b4ae51f3,math:Orz57K,920,2026-04-23T03:47:43.990930Z,2026-04-23T03:49:36.611422Z,112.620492,1,True,True,True,1.0,1.0,0.008879378719105577,0.008879378719105577,0.0,,1307,180,1487,110.18333910799993,110.18333910799993,,,1487.0,0.0,1.0,1.0
022dbf15-ff22-4170-821d-a702e8212525,math:Orz57K,921,2026-04-23T03:47:49.037616Z,2026-04-23T03:48:50.921559Z,61.883943,1,True,True,False,0.0,0.0,0.016159280606925775,0.0,0.0,,618,462,1080,61.13929229599307,61.13929229599307,,,1080.0,0.0,1.0,1.0
90630482-d899-4772-981d-76e56f6040c7,math:Orz57K,918,2026-04-23T03:47:53.828828Z,2026-04-23T03:49:44.238030Z,110.409202,1,True,True,True,1.0,1.0,0.009057216082405886,0.009057216082405886,0.0,,1725,647,2372,107.89596237099613,107.89596237099613,,,2372.0,0.0,1.0,1.0
c23f453a-5824-439a-9c5d-fec559677b14,math:Orz57K,919,2026-04-23T03:47:58.836717Z,2026-04-23T03:48:57.689518Z,58.852801,1,True,True,False,0.0,0.0,0.01699154471849182,0.0,0.0,,1181,416,1597,58.13933876999363,58.13933876999363,,,1597.0,0.0,1.0,1.0
91276340-3955-402c-8bc4-4c7d66c253bb,math:Orz57K,920,2026-04-23T03:48:00.784102Z,2026-04-23T03:49:46.688347Z,105.904245,1,True,True,True,1.0,1.0,0.009442492130509027,0.009442492130509027,0.0,,1307,180,1487,103.44513717800146,103.44513717800146,,,1487.0,0.0,1.0,1.0
90a1b4a6-3ceb-4648-b393-1f42e31e0765,math:Orz57K,921,2026-04-23T03:48:04.753161Z,2026-04-23T03:49:00.986310Z,56.233149,1,True,True,False,0.0,0.0,0.01778310512185615,0.0,0.0,,618,462,1080,55.534106974999304,55.534106974999304,,,1080.0,0.0,1.0,1.0
3f357fa8-4417-4946-8bd9-731185ba3e8f,math:Orz57K,922,2026-04-23T03:48:09.703988Z,2026-04-23T03:49:05.289542Z,55.585554,1,True,True,False,0.0,0.0,0.017990285749423313,0.0,0.0,,600,587,1187,54.831374553992646,54.831374553992646,,,1187.0,0.0,1.0,1.0
c4d70f55-2a1d-4c3e-b8ba-b351be9537de,math:Orz57K,919,2026-04-23T03:48:11.650904Z,2026-04-23T03:49:07.644317Z,55.993413,1,True,True,False,0.0,0.0,0.017859243550665507,0.0,0.0,,1181,416,1597,55.26506891900499,55.26506891900499,,,1597.0,0.0,1.0,1.0
be7a0138-8993-4f0e-b377-2cfa86fb15a9,math:Orz57K,920,2026-04-23T03:48:19.500160Z,2026-04-23T03:49:58.533640Z,99.03348,1,True,True,True,1.0,1.0,0.010097595277879763,0.010097595277879763,0.0,,1307,180,1487,96.5697292900004,96.5697292900004,,,1487.0,0.0,1.0,1.0
b86085af-84d5-4e0b-aa30-4a92e9986652,math:Orz57K,921,2026-04-23T03:48:21.419582Z,2026-04-23T03:49:12.740003Z,51.320421,1,True,True,False,0.0,0.0,0.01948542082302871,0.0,0.0,,618,462,1080,50.59132468799362,50.59132468799362,,,1080.0,0.0,1.0,1.0
d022a94f-6ab4-4e46-863a-1d517b19b397,math:Orz57K,922,2026-04-23T03:48:26.593540Z,2026-04-23T03:49:16.938304Z,50.344764,1,True,True,False,0.0,0.0,0.01986303878592022,0.0,0.0,,600,587,1187,49.6037496580102,49.6037496580102,,,1187.0,0.0,1.0,1.0
087bc4f9-ab18-4782-8983-1d8533ff6feb,math:Orz57K,923,2026-04-23T03:48:28.407436Z,2026-04-23T03:49:19.445291Z,51.037855,1,True,True,False,0.0,0.0,0.01959329991434789,0.0,0.0,,579,322,901,50.28948775099707,50.28948775099707,,,901.0,0.0,1.0,1.0
304c3a1d-9290-4294-ba17-812152d9678c,math:Orz57K,920,2026-04-23T03:48:30.359797Z,2026-04-23T03:54:18.625162Z,348.265365,1,True,True,False,0.0,0.0,0.002871373672199646,0.0,0.0,,3243,615,3858,342.29509158598376,342.29509158598376,,,3858.0,0.0,1.0,1.0
b9a10758-a493-42f4-863b-7eb88f6fd088,math:Orz57K,921,2026-04-23T03:48:34.108091Z,2026-04-23T03:49:23.969013Z,49.860922,1,True,True,False,0.0,0.0,0.02005578637314408,0.0,0.0,,618,462,1080,49.1270387639961,49.1270387639961,,,1080.0,0.0,1.0,1.0
9865d392-3d6c-4cc4-941c-d04f663bd3f1,math:Orz57K,922,2026-04-23T03:48:36.565041Z,2026-04-23T03:49:27.973701Z,51.40866,1,True,True,False,0.0,0.0,0.019451975600997966,0.0,0.0,,600,587,1187,50.6448200540035,50.6448200540035,,,1187.0,0.0,1.0,1.0
8a586685-8137-4ebf-9287-3151dad0f69f,math:Orz57K,923,2026-04-23T03:48:39.154746Z,2026-04-23T03:49:30.532278Z,51.377532,1,True,True,False,0.0,0.0,0.019463760929582994,0.0,0.0,,579,401,980,50.63755868701264,50.63755868701264,,,980.0,0.0,1.0,1.0
41f9a37f-2a7f-4865-87c2-acb7587fa4b5,math:Orz57K,924,2026-04-23T03:48:43.603308Z,2026-04-23T03:49:33.022144Z,49.418836,1,True,True,False,0.0,0.0,0.020235199388346583,0.0,0.0,,604,159,763,48.678419532006956,48.678419532006956,,,763.0,0.0,1.0,1.0
c1166fea-13a1-4ad8-b979-2a32add5c414,math:Orz57K,921,2026-04-23T03:48:45.990259Z,2026-04-23T03:49:35.594204Z,49.603945,1,True,True,False,0.0,0.0,0.02015968689587088,0.0,0.0,,618,462,1080,48.87392995999835,48.87392995999835,,,1080.0,0.0,1.0,1.0
8e9a2e57-966e-4753-ae54-74b0929db7d6,math:Orz57K,922,2026-04-23T03:48:48.312764Z,2026-04-23T03:49:39.911121Z,51.598357,1,True,True,False,0.0,0.0,0.019380462056185238,0.0,0.0,,600,587,1187,50.84874912099622,50.84874912099622,,,1187.0,0.0,1.0,1.0
2f9d29dd-b151-4a1c-86fb-b51de8e058d2,math:Orz57K,923,2026-04-23T03:48:50.946352Z,2026-04-23T03:49:41.712503Z,50.766151,1,True,True,False,0.0,0.0,0.019698164629420103,0.0,0.0,,579,322,901,50.02732239699981,50.02732239699981,,,901.0,0.0,1.0,1.0
a8c36c6e-5465-4038-916d-cdc0c38e22d6,math:Orz57K,924,2026-04-23T03:48:55.361566Z,2026-04-23T03:49:43.283474Z,47.921908,1,True,True,False,0.0,0.0,0.020867282663286277,0.0,0.0,,604,159,763,47.19757533099619,47.19757533099619,,,763.0,0.0,1.0,1.0
87ee29b6-7faa-49a9-b015-853fef8d4e13,math:Orz57K,925,2026-04-23T03:48:57.716071Z,2026-04-23T03:49:46.309817Z,48.593746,1,True,True,False,0.0,0.0,0.020578779828992807,0.0,0.0,,595,379,974,47.88667090900708,47.88667090900708,,,974.0,0.0,1.0,1.0
bb0c1c31-d411-4095-a162-e0bb94dfa491,math:Orz57K,922,2026-04-23T03:49:01.012627Z,2026-04-23T03:49:50.018177Z,49.00555,1,True,True,False,0.0,0.0,0.02040585199023376,0.0,0.0,,600,587,1187,48.2237574160099,48.2237574160099,,,1187.0,0.0,1.0,1.0
c63f870c-b69e-434a-8abf-91d0513e8c22,math:Orz57K,923,2026-04-23T03:49:01.997315Z,2026-04-23T03:49:51.745005Z,49.74769,1,True,True,False,0.0,0.0,0.02010143586566532,0.0,0.0,,579,322,901,49.04008670599433,49.04008670599433,,,901.0,0.0,1.0,1.0
1903cfc2-5047-4587-8f64-bd8ad7494dbc,math:Orz57K,924,2026-04-23T03:49:05.315006Z,2026-04-23T03:49:52.658544Z,47.343538,1,True,True,False,0.0,0.0,0.021122206794092997,0.0,0.0,,604,159,763,46.6216532499966,46.6216532499966,,,763.0,0.0,1.0,1.0
aaf8f426-8d73-45fc-a4af-0fba4609caf0,math:Orz57K,925,2026-04-23T03:49:07.671965Z,2026-04-23T03:49:54.799247Z,47.127282,1,True,True,False,0.0,0.0,0.021219131627408513,0.0,0.0,,595,379,974,46.388505196999176,46.388505196999176,,,974.0,0.0,1.0,1.0
19d54574-3e2f-4253-ac15-c7f84f43a91c,math:Orz57K,926,2026-04-23T03:49:08.529798Z,2026-04-23T03:49:56.429637Z,47.899839,1,True,True,False,0.0,0.0,0.020876896893118994,0.0,0.0,,641,285,926,47.131679097001324,47.131679097001324,,,926.0,0.0,1.0,1.0
d1c459dd-acb4-4a4a-bd2b-747d0f053621,math:Orz57K,923,2026-04-23T03:49:09.461483Z,2026-04-23T03:49:58.187737Z,48.726254,1,True,True,False,0.0,0.0,0.02052281712441921,0.0,0.0,,579,322,901,48.00359774900426,48.00359774900426,,,901.0,0.0,1.0,1.0
e2d0dd24-1ea3-4038-ba4f-e1a9e410a19a,math:Orz57K,924,2026-04-23T03:49:12.765810Z,2026-04-23T03:49:59.436818Z,46.671008,1,True,True,False,0.0,0.0,0.021426578144616033,0.0,0.0,,604,159,763,45.939011750000645,45.939011750000645,,,763.0,0.0,1.0,1.0
5d91b96b-ec57-49b1-81da-7af26801f7b6,math:Orz57K,925,2026-04-23T03:49:13.687065Z,2026-04-23T03:50:01.565137Z,47.878072,1,True,True,False,0.0,0.0,0.02088638824052898,0.0,0.0,,595,379,974,47.145090556005016,47.145090556005016,,,974.0,0.0,1.0,1.0
fbd48411-404f-4201-b24e-cdc6d98335c1,math:Orz57K,926,2026-04-23T03:49:16.963872Z,2026-04-23T03:50:03.201501Z,46.237629,1,True,True,False,0.0,0.0,0.021627406543704913,0.0,0.0,,641,285,926,45.46715306398983,45.46715306398983,,,926.0,0.0,1.0,1.0
637b62fd-6dee-40e2-a54b-2fe47d7fab70,math:Orz57K,927,2026-04-23T03:49:19.470092Z,2026-04-23T03:51:06.896595Z,107.426503,1,True,True,False,0.0,0.0,0.009308689867713557,0.0,0.0,,1605,421,2026,104.89688089799893,104.89688089799893,,,2026.0,0.0,1.0,1.0
c29bc781-1699-4cc7-90a0-d1576a19619f,math:Orz57K,924,2026-04-23T03:49:21.386140Z,2026-04-23T03:50:06.064616Z,44.678476,1,True,True,False,0.0,0.0,0.022382142130362725,0.0,0.0,,604,159,763,43.93560718500521,43.93560718500521,,,763.0,0.0,1.0,1.0
13dc1f71-dd13-4507-9072-7500f51d1a59,math:Orz57K,925,2026-04-23T03:49:23.995418Z,2026-04-23T03:50:08.586982Z,44.591564,1,True,True,True,1.0,1.0,0.022425766452147767,0.022425766452147767,0.0,,595,287,882,43.84936550600105,43.84936550600105,,,882.0,0.0,1.0,1.0
eb1eb60d-2a7a-4812-9713-b66849cbf8a1,math:Orz57K,926,2026-04-23T03:49:27.998474Z,2026-04-23T03:50:10.865573Z,42.867099,1,True,True,False,0.0,0.0,0.023327914025626038,0.0,0.0,,641,285,926,42.116708715999266,42.116708715999266,,,926.0,0.0,1.0,1.0
8bf4b188-ee19-45d0-9cd4-ea563b10b597,math:Orz57K,927,2026-04-23T03:49:28.310813Z,2026-04-23T03:51:14.104292Z,105.793479,1,True,True,False,0.0,0.0,0.009452378440073796,0.0,0.0,,1605,421,2026,103.31948535300035,103.31948535300035,,,2026.0,0.0,1.0,1.0
8cbb8922-2f62-4035-8513-75a1c858adc0,math:Orz57K,928,2026-04-23T03:49:30.557609Z,2026-04-23T03:50:15.546612Z,44.989003,1,True,True,False,0.0,0.0,0.022227654166952757,0.0,0.0,,631,602,1233,44.25789943498967,44.25789943498967,,,1233.0,0.0,1.0,1.0
cb9fcb8a-5771-4da5-a1e3-d079a9967f19,math:Orz57K,925,2026-04-23T03:49:32.095624Z,2026-04-23T03:50:17.174935Z,45.079311,1,True,True,False,0.0,0.0,0.02218312520348858,0.0,0.0,,595,287,882,44.33638334600255,44.33638334600255,,,882.0,0.0,1.0,1.0
deefb3ab-32dc-4e71-9f07-e315dbbb91b0,math:Orz57K,926,2026-04-23T03:49:33.048473Z,2026-04-23T03:50:19.530155Z,46.481682,1,True,True,False,0.0,0.0,0.021513851413552547,0.0,0.0,,641,285,926,45.71311213199806,45.71311213199806,,,926.0,0.0,1.0,1.0
8383ba18-7455-4c8c-ac5c-9ce27f53ccd1,math:Orz57K,927,2026-04-23T03:49:35.620016Z,2026-04-23T03:51:22.306661Z,106.686645,1,True,True,False,0.0,0.0,0.009373244420611408,0.0,0.0,,1605,421,2026,104.1482596220012,104.1482596220012,,,2026.0,0.0,1.0,1.0
273fb6ba-612a-4e52-aa2a-c5b53960fc7d,math:Orz57K,928,2026-04-23T03:49:36.635684Z,2026-04-23T03:50:24.205644Z,47.56996,1,True,True,False,0.0,0.0,0.02102166997828041,0.0,0.0,,631,602,1233,46.82654613800696,46.82654613800696,,,1233.0,0.0,1.0,1.0
edca060b-d5e1-41f0-897c-bb938b554528,math:Orz57K,929,2026-04-23T03:49:39.936657Z,2026-04-23T03:50:28.059443Z,48.122786,1,True,True,False,0.0,0.0,0.020780176775301414,0.0,0.0,,605,560,1165,47.36309195199283,47.36309195199283,,,1165.0,0.0,1.0,1.0
28c2de17-9fd3-4691-a935-c13e3f367060,math:Orz57K,926,2026-04-23T03:49:41.739019Z,2026-04-23T03:50:29.651931Z,47.912912,1,True,True,False,0.0,0.0,0.020871200648376373,0.0,0.0,,641,285,926,47.16046025400283,47.16046025400283,,,926.0,0.0,1.0,1.0
072b2937-a365-423c-a183-f9a19a62fa4f,math:Orz57K,927,2026-04-23T03:49:43.308125Z,2026-04-23T03:50:31.406572Z,48.098447,1,True,True,False,0.0,0.0,0.020790692057063714,0.0,0.0,,594,323,917,47.39575115399202,47.39575115399202,,,917.0,0.0,1.0,1.0
9ac4a394-2b70-4bf2-a1d6-174e161a0f11,math:Orz57K,928,2026-04-23T03:49:44.263489Z,2026-04-23T03:50:36.429728Z,52.166239,1,True,True,False,0.0,0.0,0.019169486226522866,0.0,0.0,,631,764,1395,51.42088424300891,51.42088424300891,,,1395.0,0.0,1.0,1.0
f37fcf1b-09ce-4e29-a6ab-058007865e43,math:Orz57K,929,2026-04-23T03:49:46.334877Z,2026-04-23T03:50:38.554254Z,52.219377,1,True,True,False,0.0,0.0,0.019149979518139407,0.0,0.0,,605,372,977,51.43567619299574,51.43567619299574,,,977.0,0.0,1.0,1.0
8400b732-048e-48c0-9e3b-bdc52ecdcb9f,math:Orz57K,930,2026-04-23T03:49:46.715502Z,2026-04-23T03:50:40.169344Z,53.453842,1,True,True,False,0.0,0.0,0.018707729184368076,0.0,0.0,,591,301,892,52.69647030699707,52.69647030699707,,,892.0,0.0,1.0,1.0
4f7a860c-26b9-4c89-8aa6-14a357953dfb,math:Orz57K,927,2026-04-23T03:49:50.045165Z,2026-04-23T03:52:04.353972Z,134.308807,1,True,True,False,0.0,0.0,0.007445528125344751,0.0,0.0,,1605,421,2026,131.84815009700833,131.84815009700833,,,2026.0,0.0,1.0,1.0
42de2ede-b71e-4b3b-a414-7dfddcbe10bb,math:Orz57K,928,2026-04-23T03:49:51.769490Z,2026-04-23T03:50:44.832268Z,53.062778,1,True,True,False,0.0,0.0,0.018845602090414488,0.0,0.0,,631,602,1233,52.3305188830127,52.3305188830127,,,1233.0,0.0,1.0,1.0
89580077-12ba-4e83-aa45-b3b08cae5f86,math:Orz57K,929,2026-04-23T03:49:52.684106Z,2026-04-23T03:50:46.945063Z,54.260957,1,True,True,False,0.0,0.0,0.01842945748266106,0.0,0.0,,605,372,977,53.49441892899631,53.49441892899631,,,977.0,0.0,1.0,1.0
397f5662-19e4-4f71-b9a9-f2cba4d4e654,math:Orz57K,930,2026-04-23T03:49:54.825667Z,2026-04-23T03:50:48.645524Z,53.819857,1,True,True,False,0.0,0.0,0.018580502731547578,0.0,0.0,,591,301,892,53.057390306988964,53.057390306988964,,,892.0,0.0,1.0,1.0
53f24ce9-70cc-45c9-b8ef-925ed900251a,math:Orz57K,931,2026-04-23T03:49:56.453348Z,2026-04-23T03:50:51.355135Z,54.901787,1,True,True,False,0.0,0.0,0.0182143433691876,0.0,0.0,,606,490,1096,54.18004359101178,54.18004359101178,,,1096.0,0.0,1.0,1.0
80de1309-cb65-4dca-bc4a-769f7451bf09,math:Orz57K,928,2026-04-23T03:49:58.211416Z,2026-04-23T03:50:54.716449Z,56.505033,1,True,True,False,0.0,0.0,0.017697538553778033,0.0,0.0,,631,602,1233,55.78928409999935,55.78928409999935,,,1233.0,0.0,1.0,1.0
e1dc5428-0e63-4e6a-a7f1-89c96bf41bc2,math:Orz57K,929,2026-04-23T03:49:58.559772Z,2026-04-23T03:50:56.857709Z,58.297937,1,True,True,False,0.0,0.0,0.017153265646432738,0.0,0.0,,605,372,977,57.52988505399844,57.52988505399844,,,977.0,0.0,1.0,1.0
b871dfed-f917-4793-a114-b42fbe74a752,math:Orz57K,930,2026-04-23T03:49:59.461146Z,2026-04-23T03:50:58.573359Z,59.112213,1,True,True,False,0.0,0.0,0.016916977884079556,0.0,0.0,,591,301,892,58.317866460987716,58.317866460987716,,,892.0,0.0,1.0,1.0
719d69e8-0f5d-4af3-8f78-dcd2e798387e,math:Orz57K,931,2026-04-23T03:50:01.590839Z,2026-04-23T03:51:01.264201Z,59.673362,1,True,True,False,0.0,0.0,0.01675789609440809,0.0,0.0,,606,490,1096,58.926093973001116,58.926093973001116,,,1096.0,0.0,1.0,1.0
9f998645-a2d0-4272-9896-886d698df1a5,math:Orz57K,932,2026-04-23T03:50:03.228254Z,2026-04-23T03:53:28.079633Z,204.851379,1,True,True,True,1.0,1.0,0.0048815878364187135,0.0048815878364187135,0.0,,1284,175,1459,202.34255799600214,202.34255799600214,,,1459.0,0.0,1.0,1.0
2f6304e8-53cb-4d15-8964-fa62e8f9bca4,math:Orz57K,929,2026-04-23T03:50:03.861693Z,2026-04-23T03:51:04.087866Z,60.226173,1,True,True,False,0.0,0.0,0.016604076769081773,0.0,0.0,,605,372,977,59.477385394013254,59.477385394013254,,,977.0,0.0,1.0,1.0
c9d8c9ea-d59b-4113-9f51-4fbcd20d557a,math:Orz57K,930,2026-04-23T03:50:06.089508Z,2026-04-23T03:51:05.772386Z,59.682878,1,True,True,False,0.0,0.0,0.016755224169987246,0.0,0.0,,591,301,892,58.93807447400468,58.93807447400468,,,892.0,0.0,1.0,1.0
1a5c0649-8079-42c9-978e-758de4e865f5,math:Orz57K,931,2026-04-23T03:50:08.612743Z,2026-04-23T03:51:10.406332Z,61.793589,1,True,True,False,0.0,0.0,0.016182908553830724,0.0,0.0,,606,490,1096,61.078864647002774,61.078864647002774,,,1096.0,0.0,1.0,1.0
0ba021b8-e46f-4b15-9c6d-2af56574bcf6,math:Orz57K,932,2026-04-23T03:50:09.238170Z,2026-04-23T03:54:24.507485Z,255.269315,1,True,True,True,1.0,1.0,0.003917431282330193,0.003917431282330193,0.0,,1284,175,1459,252.8375723969948,252.8375723969948,,,1459.0,0.0,1.0,1.0
61d91bf5-8099-4191-9923-6340f38cbeef,math:Orz57K,933,2026-04-23T03:50:10.890535Z,2026-04-23T03:54:24.688285Z,253.79775,1,True,True,False,0.0,0.0,0.003940145253454768,0.0,0.0,,1575,359,1934,251.21876021700155,251.21876021700155,,,1934.0,0.0,1.0,1.0
934ff27b-be82-44b3-bd7a-2872c4b9f684,math:Orz57K,930,2026-04-23T03:50:15.571734Z,2026-04-23T03:51:15.857337Z,60.285603,1,True,True,False,0.0,0.0,0.0165877083455564,0.0,0.0,,591,301,892,59.541238578996854,59.541238578996854,,,892.0,0.0,1.0,1.0
6c982a53-5841-426a-9c7e-fa5ba3c78ab3,math:Orz57K,931,2026-04-23T03:50:17.198937Z,2026-04-23T03:51:18.586701Z,61.387764,1,True,True,False,0.0,0.0,0.01628989125585353,0.0,0.0,,606,490,1096,60.6575910919928,60.6575910919928,,,1096.0,0.0,1.0,1.0
e7235a47-82fa-4816-8668-c2d2f47b4bd1,math:Orz57K,932,2026-04-23T03:50:17.866186Z,2026-04-23T03:55:14.573224Z,296.707038,1,True,True,True,1.0,1.0,0.0033703278720338273,0.0033703278720338273,0.0,,1284,175,1459,294.18335377500625,294.18335377500625,,,1459.0,0.0,1.0,1.0
c2b4ec18-7ae8-4338-bf48-98ec94184031,math:Orz57K,933,2026-04-23T03:50:19.555078Z,2026-04-23T03:55:14.739441Z,295.184363,1,True,True,False,0.0,0.0,0.0033877133254514567,0.0,0.0,,1575,359,1934,292.73289166000905,292.73289166000905,,,1934.0,0.0,1.0,1.0
93e40164-b6f8-403a-a5bd-3a8ad98c368a,math:Orz57K,934,2026-04-23T03:50:24.233031Z,2026-04-23T03:51:25.296896Z,61.063865,1,True,True,False,0.0,0.0,0.016376297176734556,0.0,0.0,,587,537,1124,60.34045399000752,60.34045399000752,,,1124.0,0.0,1.0,1.0
19c0507a-ec79-421e-af5e-cc3d3581e723,math:Orz57K,931,2026-04-23T03:50:24.904966Z,2026-04-23T03:51:28.032532Z,63.127566,1,True,True,False,0.0,0.0,0.01584094023203746,0.0,0.0,,606,490,1096,62.40668442599417,62.40668442599417,,,1096.0,0.0,1.0,1.0
8125a024-a504-42dd-968c-3648319d13d9,math:Orz57K,932,2026-04-23T03:50:28.085493Z,2026-04-23T03:55:28.140327Z,300.054834,1,True,True,True,1.0,1.0,0.0033327241780080766,0.0033327241780080766,0.0,,1284,178,1462,297.61769195598026,297.61769195598026,,,1462.0,0.0,1.0,1.0
e9304943-1f82-4d88-9fa0-c5c10b6b89d9,math:Orz57K,933,2026-04-23T03:50:29.676981Z,2026-04-23T03:55:28.359149Z,298.682168,1,True,True,False,0.0,0.0,0.0033480405164328392,0.0,0.0,,1575,359,1934,296.1557208810118,296.1557208810118,,,1934.0,0.0,1.0,1.0
55c7a22b-b532-43ff-b61a-219c13e16de0,math:Orz57K,934,2026-04-23T03:50:31.430722Z,2026-04-23T03:51:33.630037Z,62.199315,1,True,True,False,0.0,0.0,0.016077347475611268,0.0,0.0,,587,537,1124,61.47034804600116,61.47034804600116,,,1124.0,0.0,1.0,1.0
a1af572b-8cd2-4ea5-ad0f-37374687df5b,math:Orz57K,935,2026-04-23T03:50:32.136614Z,2026-04-23T03:51:57.625041Z,85.488427,1,True,True,False,0.0,0.0,0.011697489766655784,0.0,0.0,,584,4096,4680,84.78449913799705,84.78449913799705,,,4680.0,0.0,1.0,1.0
458a5c29-7e3b-4b5d-83c0-78443c454ffb,math:Orz57K,932,2026-04-23T03:50:36.454977Z,2026-04-23T03:55:59.137824Z,322.682847,1,True,True,True,1.0,1.0,0.0030990181514048685,0.0030990181514048685,0.0,,1284,175,1459,320.29642278602114,320.29642278602114,,,1459.0,0.0,1.0,1.0
33986f4f-bd01-4860-953f-216511772100,math:Orz57K,933,2026-04-23T03:50:38.579938Z,2026-04-23T03:55:59.345754Z,320.765816,1,True,True,False,0.0,0.0,0.0031175391831653287,0.0,0.0,,1575,359,1934,318.3353958880034,318.3353958880034,,,1934.0,0.0,1.0,1.0
f85b4d1d-28ab-49a6-b7da-cf4f91f2a481,math:Orz57K,934,2026-04-23T03:50:40.194642Z,2026-04-23T03:52:03.223084Z,83.028442,1,True,True,False,0.0,0.0,0.012044065574541312,0.0,0.0,,587,537,1124,82.33031297499838,82.33031297499838,,,1124.0,0.0,1.0,1.0
7da5954e-7a67-49b7-a71e-ecceb1846d43,math:Orz57K,935,2026-04-23T03:50:44.855173Z,2026-04-23T03:52:28.452382Z,103.597209,1,True,True,False,0.0,0.0,0.009652769699616134,0.0,0.0,,584,4096,4680,102.87922459600668,102.87922459600668,,,4680.0,0.0,1.0,1.0
13fdd36d-f2df-4748-aafe-d3b9ad80bfe6,math:Orz57K,936,2026-04-23T03:50:46.969839Z,2026-04-23T03:57:49.401737Z,422.431898,1,True,True,True,1.0,1.0,0.002367245477281642,0.002367245477281642,0.0,,2525,536,3061,418.1979176760069,418.1979176760069,,,3061.0,0.0,1.0,1.0
bc47d913-5968-45d3-9f93-8d00ae891a21,math:Orz57K,933,2026-04-23T03:50:48.670550Z,2026-04-23T03:56:30.758843Z,342.088293,1,True,True,False,0.0,0.0,0.00292322192972561,0.0,0.0,,1575,359,1934,339.5625215950131,339.5625215950131,,,1934.0,0.0,1.0,1.0
9bc7fdb6-ed21-46ba-96b6-25e8ab4c6149,math:Orz57K,934,2026-04-23T03:50:51.380375Z,2026-04-23T03:52:34.931714Z,103.551339,1,True,True,False,0.0,0.0,0.009657045574273066,0.0,0.0,,587,537,1124,102.81025796099857,102.81025796099857,,,1124.0,0.0,1.0,1.0
f98c3b75-e09f-4b33-97df-073fa25884cd,math:Orz57K,935,2026-04-23T03:50:54.741992Z,2026-04-23T03:52:59.013059Z,124.271067,1,True,True,False,0.0,0.0,0.00804692535552141,0.0,0.0,,584,4096,4680,123.55165405099979,123.55165405099979,,,4680.0,0.0,1.0,1.0
921c2db1-aea3-4696-bebb-542559429fb1,math:Orz57K,936,2026-04-23T03:50:56.882655Z,2026-04-23T03:57:56.693711Z,419.811056,1,True,True,True,1.0,1.0,0.0023820239741375463,0.0023820239741375463,0.0,,2525,536,3061,415.5912026050064,415.5912026050064,,,3061.0,0.0,1.0,1.0
a29d0139-20aa-41b2-91be-6a87f978c338,math:Orz57K,937,2026-04-23T03:50:58.598901Z,2026-04-23T03:53:24.764224Z,146.165323,1,True,True,False,0.0,0.0,0.006841568023627602,0.0,0.0,,649,4096,4745,145.4422026240063,145.4422026240063,,,4745.0,0.0,1.0,1.0
d5aab16c-29a2-4587-a0ac-38bd59425be7,math:Orz57K,934,2026-04-23T03:51:01.290592Z,2026-04-23T03:53:27.777894Z,146.487302,1,True,True,False,0.0,0.0,0.006826530261305515,0.0,0.0,,587,537,1124,145.75365719301044,145.75365719301044,,,1124.0,0.0,1.0,1.0
fd98265c-e3b1-4fd1-8bb1-6ef4219667c1,math:Orz57K,935,2026-04-23T03:51:04.112488Z,2026-04-23T03:53:52.127738Z,168.01525,1,True,True,False,0.0,0.0,0.005951840681128647,0.0,0.0,,584,4096,4680,167.29871724899567,167.29871724899567,,,4680.0,0.0,1.0,1.0
974754a3-eb2b-4393-a82e-6e7199971c5f,math:Orz57K,936,2026-04-23T03:51:05.798047Z,2026-04-23T03:58:10.022182Z,424.224135,1,True,True,True,1.0,1.0,0.002357244478794211,0.002357244478794211,0.0,,2525,536,3061,419.88418428100704,419.88418428100704,,,3061.0,0.0,1.0,1.0
cb56b49c-f979-435b-bf3c-e4900f14fd2b,math:Orz57K,937,2026-04-23T03:51:06.921857Z,2026-04-23T03:54:17.774908Z,190.853051,1,True,True,False,0.0,0.0,0.005239633292527244,0.0,0.0,,649,4096,4745,190.140266900009,190.140266900009,,,4745.0,0.0,1.0,1.0
02d80c55-b678-4db4-98e3-935f25bd144f,math:Orz57K,938,2026-04-23T03:51:10.431402Z,2026-04-23T03:54:24.236404Z,193.805002,1,True,True,False,0.0,0.0,0.005159825544647191,0.0,0.0,,639,982,1621,193.03145619100542,193.03145619100542,,,1621.0,0.0,1.0,1.0
60f1c972-4516-4b30-af35-5ca728117bda,math:Orz57K,935,2026-04-23T03:51:14.129173Z,2026-04-23T03:54:48.678890Z,214.549717,1,True,True,False,0.0,0.0,0.0046609243488305325,0.0,0.0,,584,4096,4680,213.82598319801036,213.82598319801036,,,4680.0,0.0,1.0,1.0
34b2249b-94ec-4d26-b92f-f71b59267cf0,math:Orz57K,936,2026-04-23T03:51:15.882813Z,2026-04-23T03:58:28.687920Z,432.805107,1,True,True,True,1.0,1.0,0.0023105087805722216,0.0023105087805722216,0.0,,2525,536,3061,428.5518941850023,428.5518941850023,,,3061.0,0.0,1.0,1.0
f62d7f42-6cd4-4198-8e30-60c1cf08c83d,math:Orz57K,937,2026-04-23T03:51:18.611386Z,2026-04-23T03:55:14.244935Z,235.633549,1,True,True,False,0.0,0.0,0.004243877852894369,0.0,0.0,,649,4096,4745,234.91107068699785,234.91107068699785,,,4745.0,0.0,1.0,1.0
7dde0d15-4a08-47e1-aae5-72b59a87db09,math:Orz57K,938,2026-04-23T03:51:22.330648Z,2026-04-23T04:00:13.207107Z,530.876459,1,True,True,False,0.0,0.0,0.0018836774225846772,0.0,0.0,,9284,3649,12933,523.9786373130046,523.9786373130046,,,12933.0,0.0,1.0,1.0
59726a86-9659-4b19-bd54-30e560f8fd70,math:Orz57K,939,2026-04-23T03:51:25.321938Z,2026-04-23T03:55:26.285164Z,240.963226,1,True,True,False,0.0,0.0,0.004150010840243316,0.0,0.0,,644,904,1548,240.21469425900432,240.21469425900432,,,1548.0,0.0,1.0,1.0
90c8abe0-440f-4fd7-bb2f-94a7620e00e0,math:Orz57K,936,2026-04-23T03:51:28.058213Z,2026-04-23T03:58:51.142254Z,443.084041,1,True,True,True,1.0,1.0,0.002256908187762962,0.002256908187762962,0.0,,2525,536,3061,438.83161647200177,438.83161647200177,,,3061.0,0.0,1.0,1.0
71f1e1d3-b1c4-4f70-9a9a-319d26f4b456,math:Orz57K,937,2026-04-23T03:51:33.655175Z,2026-04-23T03:55:52.446015Z,258.79084,1,True,True,False,0.0,0.0,0.0038641244025484057,0.0,0.0,,649,4096,4745,258.0819446039968,258.0819446039968,,,4745.0,0.0,1.0,1.0
501f0906-70b1-436b-b3eb-536c93c3c109,math:Orz57K,938,2026-04-23T03:51:57.649828Z,2026-04-23T04:00:36.220664Z,518.570836,1,True,True,False,0.0,0.0,0.0019283768592030888,0.0,0.0,,9284,3649,12933,511.7536682820064,511.7536682820064,,,12933.0,0.0,1.0,1.0
9295a3bc-5c57-41bd-beef-5e4cdd36ef50,math:Orz57K,939,2026-04-23T03:52:03.254469Z,2026-04-23T03:56:04.381445Z,241.126976,1,True,True,False,0.0,0.0,0.004147192556340109,0.0,0.0,,644,904,1548,240.42634164400806,240.42634164400806,,,1548.0,0.0,1.0,1.0
cd5f8e21-54b8-4070-965b-20c0893c047c,math:Orz57K,940,2026-04-23T03:52:04.379333Z,2026-04-23T04:00:37.299255Z,512.919922,1,True,True,False,0.0,0.0,0.0019496220698559646,0.0,0.0,,3506,732,4238,507.00195474400243,507.00195474400243,,,4238.0,0.0,1.0,1.0
987311c9-8cdb-484b-bc13-0eb0c78658a5,math:Orz57K,937,2026-04-23T03:52:28.476741Z,2026-04-23T03:56:29.642264Z,241.165523,1,True,True,False,0.0,0.0,0.004146529684510501,0.0,0.0,,649,4096,4745,240.37911584299582,240.37911584299582,,,4745.0,0.0,1.0,1.0
2d8b6038-2130-4095-af43-361e7e220865,math:Orz57K,938,2026-04-23T03:52:34.957272Z,2026-04-23T04:00:48.170243Z,493.212971,1,True,True,False,0.0,0.0,0.0020275216971128687,0.0,0.0,,9284,3649,12933,486.37215386699245,486.37215386699245,,,12933.0,0.0,1.0,1.0
10ae8045-28ba-4100-8349-37835473d4e7,math:Orz57K,939,2026-04-23T03:52:59.037700Z,2026-04-23T03:56:42.166270Z,223.12857,1,True,True,False,0.0,0.0,0.004481721009550682,0.0,0.0,,644,904,1548,222.41155475500273,222.41155475500273,,,1548.0,0.0,1.0,1.0
8eaa0400-5a81-4045-bfc8-6e05c518063a,math:Orz57K,940,2026-04-23T03:53:24.789446Z,2026-04-23T03:59:36.267079Z,371.477633,1,True,True,False,0.0,0.0,0.0026919521154588595,0.0,0.0,,2888,963,3851,367.17668106401106,367.17668106401106,,,3851.0,0.0,1.0,1.0
1aa41ddf-81b6-4b85-9e56-72907ab1fa77,math:Orz57K,941,2026-04-23T03:53:27.802143Z,2026-04-23T03:56:46.334707Z,198.532564,1,True,True,False,0.0,0.0,0.005036957060605937,0.0,0.0,,646,365,1011,197.81950411800062,197.81950411800062,,,1011.0,0.0,1.0,1.0
c5255ef8-480c-4941-872c-8ced1aef592b,math:Orz57K,938,2026-04-23T03:53:28.104827Z,2026-04-23T04:01:00.920280Z,452.815453,1,True,True,False,0.0,0.0,0.0022084051976909895,0.0,0.0,,9284,3649,12933,445.8965057160094,445.8965057160094,,,12933.0,0.0,1.0,1.0
e77b9a2b-1564-4557-8601-26db97caa99a,math:Orz57K,939,2026-04-23T03:53:52.152778Z,2026-04-23T03:56:57.803073Z,185.650295,1,True,True,False,0.0,0.0,0.005386471376196844,0.0,0.0,,644,904,1548,184.93564410199178,184.93564410199178,,,1548.0,0.0,1.0,1.0
a5396e0f-7307-4dd8-a82d-6ef9d90bd83d,math:Orz57K,940,2026-04-23T03:54:17.799933Z,2026-04-23T03:59:47.243269Z,329.443336,1,True,True,False,0.0,0.0,0.003035423366402531,0.0,0.0,,2888,963,3851,325.28337970300345,325.28337970300345,,,3851.0,0.0,1.0,1.0
e8a513f9-f687-4ab2-935e-f5cdc44c9a2e,math:Orz57K,941,2026-04-23T03:54:18.649792Z,2026-04-23T03:57:01.950585Z,163.300793,1,True,True,False,0.0,0.0,0.006123668976916726,0.0,0.0,,646,365,1011,162.5727413929999,162.5727413929999,,,1011.0,0.0,1.0,1.0
955a8cec-4a88-4455-9ff5-6a56c069e3f1,math:Orz57K,942,2026-04-23T03:54:24.261852Z,2026-04-23T03:57:03.601556Z,159.339704,1,True,True,False,0.0,0.0,0.006275899696663174,0.0,0.0,,561,296,857,158.6153423640062,158.6153423640062,,,857.0,0.0,1.0,1.0
f5ea960d-09d7-4de7-bcbc-071de678176c,math:Orz57K,939,2026-04-23T03:54:24.531051Z,2026-04-23T03:57:08.642202Z,164.111151,1,True,True,False,0.0,0.0,0.00609343115264605,0.0,0.0,,644,904,1548,163.39621981000528,163.39621981000528,,,1548.0,0.0,1.0,1.0
f64a0467-0e50-40af-8cd5-8358a051a672,math:Orz57K,940,2026-04-23T03:54:24.713496Z,2026-04-23T04:01:14.974206Z,410.26071,1,True,True,False,0.0,0.0,0.0024374744537443032,0.0,0.0,,3506,732,4238,404.2452490510186,404.2452490510186,,,4238.0,0.0,1.0,1.0
0fb34c9d-88de-4a53-9f0d-f87dd2b96106,math:Orz57K,941,2026-04-23T03:54:48.704133Z,2026-04-23T03:57:11.739685Z,143.035552,1,True,True,False,0.0,0.0,0.006991268856011406,0.0,0.0,,646,365,1011,142.32783168999595,142.32783168999595,,,1011.0,0.0,1.0,1.0
80bb6cc9-11be-4941-b8d5-5405fab57e01,math:Orz57K,942,2026-04-23T03:55:14.268534Z,2026-04-23T03:57:14.388135Z,120.119601,1,True,True,False,0.0,0.0,0.008325035978099861,0.0,0.0,,561,296,857,119.37129715600167,119.37129715600167,,,857.0,0.0,1.0,1.0
9dec4bbe-4672-4d3c-90e4-71b578e5c6c5,math:Orz57K,943,2026-04-23T03:55:14.598682Z,2026-04-23T03:58:32.945183Z,198.346501,1,True,True,True,1.0,1.0,0.005041682081399561,0.005041682081399561,0.0,,1363,270,1633,195.85092898400035,195.85092898400035,,,1633.0,0.0,1.0,1.0
87be62ec-8518-41a2-b33e-2bbc5a66c64c,math:Orz57K,940,2026-04-23T03:55:14.763673Z,2026-04-23T04:01:44.364140Z,389.600467,1,True,True,False,0.0,0.0,0.0025667320362837247,0.0,0.0,,3506,732,4238,383.6139708960254,383.6139708960254,,,4238.0,0.0,1.0,1.0
79700685-a961-45b4-9159-7395f7c77db6,math:Orz57K,941,2026-04-23T03:55:26.309605Z,2026-04-23T03:57:23.773455Z,117.46385,1,True,True,False,0.0,0.0,0.008513257483046913,0.0,0.0,,646,365,1011,116.73013993399218,116.73013993399218,,,1011.0,0.0,1.0,1.0
014816dd-2f80-413a-b97b-d8277445cec9,math:Orz57K,942,2026-04-23T03:55:28.165293Z,2026-04-23T03:57:25.438328Z,117.273035,1,True,True,False,0.0,0.0,0.008527109407546245,0.0,0.0,,561,296,857,116.53316463499505,116.53316463499505,,,857.0,0.0,1.0,1.0
dde5aac0-c887-49b2-bea9-d9a62994bac6,math:Orz57K,943,2026-04-23T03:55:28.382616Z,2026-04-23T03:58:50.616041Z,202.233425,1,True,True,True,1.0,1.0,0.004944781012337599,0.004944781012337599,0.0,,1363,270,1633,199.7255642030068,199.7255642030068,,,1633.0,0.0,1.0,1.0
f8bd904a-d176-4e66-8b3b-461177707cee,math:Orz57K,944,2026-04-23T03:55:52.470653Z,2026-04-23T03:57:30.804557Z,98.333904,1,True,True,False,0.0,0.0,0.010169432508242529,0.0,0.0,,733,566,1299,97.59094892400026,97.59094892400026,,,1299.0,0.0,1.0,1.0
57cd4e72-6726-402f-88d9-c89ae365ee81,math:Orz57K,941,2026-04-23T03:55:59.163565Z,2026-04-23T03:57:32.820455Z,93.65689,1,True,True,False,0.0,0.0,0.010677271047543858,0.0,0.0,,646,365,1011,92.94282346499676,92.94282346499676,,,1011.0,0.0,1.0,1.0
05c85308-085b-48a7-9c23-18f4262db2e4,math:Orz57K,942,2026-04-23T03:55:59.368489Z,2026-04-23T03:57:34.456615Z,95.088126,1,True,True,False,0.0,0.0,0.010516560185443133,0.0,0.0,,561,296,857,94.39207257700036,94.39207257700036,,,857.0,0.0,1.0,1.0
aa864887-5458-4661-8a0e-5ac1f530cf04,math:Orz57K,943,2026-04-23T03:56:04.407943Z,2026-04-23T03:59:09.171013Z,184.76307,1,True,True,True,1.0,1.0,0.005412337000029281,0.005412337000029281,0.0,,1363,270,1633,182.29106218200468,182.29106218200468,,,1633.0,0.0,1.0,1.0
a9b7bca9-890a-4903-a755-b1c11699348c,math:Orz57K,944,2026-04-23T03:56:29.667136Z,2026-04-23T03:57:45.056773Z,75.389637,1,True,True,False,0.0,0.0,0.013264422535951462,0.0,0.0,,733,566,1299,74.6163045180001,74.6163045180001,,,1299.0,0.0,1.0,1.0
a487337a-f8bd-458b-adf0-8ea38c68157d,math:Orz57K,945,2026-04-23T03:56:30.783359Z,2026-04-23T03:57:48.914201Z,78.130842,1,True,True,False,0.0,0.0,0.012799042918288274,0.0,0.0,,580,696,1276,77.38588847599749,77.38588847599749,,,1276.0,0.0,1.0,1.0
f68ed418-07b4-400c-a115-928bad964e5e,math:Orz57K,942,2026-04-23T03:56:42.189783Z,2026-04-23T03:57:56.156893Z,73.96711,1,True,True,False,0.0,0.0,0.013519522393128513,0.0,0.0,,561,296,857,73.24435644800542,73.24435644800542,,,857.0,0.0,1.0,1.0
53c0e5fd-7584-4522-8829-3c30ae6264d5,math:Orz57K,943,2026-04-23T03:56:46.359815Z,2026-04-23T03:59:36.680929Z,170.321114,1,True,True,True,1.0,1.0,0.005871262678566088,0.005871262678566088,0.0,,1363,270,1633,167.80519091700262,167.80519091700262,,,1633.0,0.0,1.0,1.0
895cbdeb-65f8-4d1a-adea-c0aa5475c3c8,math:Orz57K,944,2026-04-23T03:56:57.827298Z,2026-04-23T03:58:09.530940Z,71.703642,1,True,True,False,0.0,0.0,0.013946292993039322,0.0,0.0,,733,568,1301,70.9468574749917,70.9468574749917,,,1301.0,0.0,1.0,1.0
22da1372-5cff-4c1c-9ae0-f29babf635ea,math:Orz57K,945,2026-04-23T03:57:01.974366Z,2026-04-23T03:58:17.284387Z,75.310021,1,True,True,False,0.0,0.0,0.013278445374487413,0.0,0.0,,580,696,1276,74.59962555998936,74.59962555998936,,,1276.0,0.0,1.0,1.0
3f9913a3-aa06-4967-80dd-c6b38c62464c,math:Orz57K,946,2026-04-23T03:57:03.626836Z,2026-04-23T03:58:22.718158Z,79.091322,1,True,True,False,0.0,0.0,0.01264361215254437,0.0,0.0,,878,942,1820,78.27229779299523,78.27229779299523,,,1820.0,0.0,1.0,1.0
8a28043f-ad5a-400f-a722-2d08e3ebd3c9,math:Orz57K,943,2026-04-23T03:57:08.667699Z,2026-04-23T03:59:55.941644Z,167.273945,1,True,True,True,1.0,1.0,0.005978217348792725,0.005978217348792725,0.0,,1363,270,1633,164.86769350500253,164.86769350500253,,,1633.0,0.0,1.0,1.0
4a74b9ac-3649-4edf-a255-6d228a6660bf,math:Orz57K,944,2026-04-23T03:57:11.763676Z,2026-04-23T03:58:28.189602Z,76.425926,1,True,True,False,0.0,0.0,0.013084565046683242,0.0,0.0,,733,566,1299,75.66196125598799,75.66196125598799,,,1299.0,0.0,1.0,1.0
2c6878a9-6140-45f5-a424-193fa2bbbd9e,math:Orz57K,945,2026-04-23T03:57:14.414559Z,2026-04-23T03:58:32.544820Z,78.130261,1,True,True,False,0.0,0.0,0.012799138095801318,0.0,0.0,,580,696,1276,77.42117345699808,77.42117345699808,,,1276.0,0.0,1.0,1.0
eb19acdd-cce9-49cd-b9b5-1a7e2dd121f2,math:Orz57K,946,2026-04-23T03:57:23.797003Z,2026-04-23T03:58:47.318686Z,83.521683,1,True,True,False,0.0,0.0,0.011972938811589801,0.0,0.0,,878,1394,2272,82.687964051991,82.687964051991,,,2272.0,0.0,1.0,1.0
6ccc1b50-d9fe-4398-842a-45b430f3b763,math:Orz57K,947,2026-04-23T03:57:25.463177Z,2026-04-23T04:00:20.872731Z,175.409554,1,True,True,True,1.0,1.0,0.005700943746769916,0.005700943746769916,0.0,,1701,590,2291,172.86749170800613,172.86749170800613,,,2291.0,0.0,1.0,1.0
e36767a3-91e5-4aac-bced-dab618c25058,math:Orz57K,944,2026-04-23T03:57:30.829628Z,2026-04-23T03:58:54.383415Z,83.553787,1,True,True,False,0.0,0.0,0.011968338430907985,0.0,0.0,,733,566,1299,82.76368787800311,82.76368787800311,,,1299.0,0.0,1.0,1.0
93b59ca6-170f-4470-93ef-de6caa021ef0,math:Orz57K,945,2026-04-23T03:57:32.844623Z,2026-04-23T03:58:58.210490Z,85.365867,1,True,True,False,0.0,0.0,0.011714283883510491,0.0,0.0,,580,696,1276,84.65199659299105,84.65199659299105,,,1276.0,0.0,1.0,1.0
1d9600ef-ba75-41dc-815a-d9ae64ceb195,math:Orz57K,946,2026-04-23T03:57:34.481774Z,2026-04-23T03:59:03.676077Z,89.194303,1,True,True,False,0.0,0.0,0.011211478383322307,0.0,0.0,,878,942,1820,88.33406437899976,88.33406437899976,,,1820.0,0.0,1.0,1.0
82f45276-6647-414c-b296-a6d374e27384,math:Orz57K,947,2026-04-23T03:57:45.082564Z,2026-04-23T04:00:37.649701Z,172.567137,1,True,True,True,1.0,1.0,0.00579484609517512,0.00579484609517512,0.0,,1701,590,2291,170.13671308099583,170.13671308099583,,,2291.0,0.0,1.0,1.0
a1002060-cd8e-41b0-b09c-4edbe9613564,math:Orz57K,948,2026-04-23T03:57:48.939289Z,2026-04-23T03:59:15.332436Z,86.393147,1,True,True,False,0.0,0.0,0.011574992169228422,0.0,0.0,,603,377,980,85.69167110499984,85.69167110499984,,,980.0,0.0,1.0,1.0
22fe5d06-246b-41c3-a195-0ffe334cb536,math:Orz57K,945,2026-04-23T03:57:49.424603Z,2026-04-23T04:00:42.861815Z,173.437212,1,True,True,True,1.0,1.0,0.005765775340069466,0.005765775340069466,0.0,,1879,753,2632,170.85569650300022,170.85569650300022,,,2632.0,0.0,1.0,1.0
4c9a144a-b892-4bf8-8561-40fb0811df3a,math:Orz57K,946,2026-04-23T03:57:56.182584Z,2026-04-23T03:59:32.384964Z,96.20238,1,True,True,False,0.0,0.0,0.010394753227518903,0.0,0.0,,878,1394,2272,95.3496454529959,95.3496454529959,,,2272.0,0.0,1.0,1.0
6078edf9-2218-4de0-a45d-b8bc2b3bd172,math:Orz57K,947,2026-04-23T03:57:56.719141Z,2026-04-23T04:00:52.675885Z,175.956744,1,True,True,True,1.0,1.0,0.005683214961058839,0.005683214961058839,0.0,,1701,590,2291,173.42710538099345,173.42710538099345,,,2291.0,0.0,1.0,1.0
09b9b5e0-bf0f-4823-9859-30c9faf46b2e,math:Orz57K,948,2026-04-23T03:58:09.554379Z,2026-04-23T03:59:43.988795Z,94.434416,1,True,True,False,0.0,0.0,0.010589359709705835,0.0,0.0,,603,377,980,93.72214557600091,93.72214557600091,,,980.0,0.0,1.0,1.0
8636d65c-48eb-48bb-b843-586c6a9028a8,math:Orz57K,949,2026-04-23T03:58:10.047482Z,2026-04-23T03:59:46.263542Z,96.21606,1,True,True,True,1.0,1.0,0.01039327530144136,0.01039327530144136,0.0,,597,395,992,95.43930770900624,95.43930770900624,,,992.0,0.0,1.0,1.0
1fa1c09e-0923-4461-a3f8-214e94a9c0e9,math:Orz57K,946,2026-04-23T03:58:17.310074Z,2026-04-23T03:59:52.743075Z,95.433001,1,True,True,False,0.0,0.0,0.010478555526091022,0.0,0.0,,878,942,1820,94.56043456900807,94.56043456900807,,,1820.0,0.0,1.0,1.0
befb2590-ac2a-453e-9bf4-ae5a5fd7e063,math:Orz57K,947,2026-04-23T03:58:22.742670Z,2026-04-23T04:01:13.884624Z,171.141954,1,True,True,True,1.0,1.0,0.0058431026211141655,0.0058431026211141655,0.0,,1701,590,2291,168.68970944600005,168.68970944600005,,,2291.0,0.0,1.0,1.0
5f6eb84f-f61d-466f-8c80-5795c7cbbcdd,math:Orz57K,948,2026-04-23T03:58:28.215907Z,2026-04-23T03:59:59.184034Z,90.968127,1,True,True,False,0.0,0.0,0.01099286126887058,0.0,0.0,,603,377,980,90.26100752400816,90.26100752400816,,,980.0,0.0,1.0,1.0
0c183054-5739-4417-835f-0df51e4fbbed,math:Orz57K,949,2026-04-23T03:58:28.711970Z,2026-04-23T04:00:01.436117Z,92.724147,1,True,True,True,1.0,1.0,0.010784677264272919,0.010784677264272919,0.0,,597,395,992,91.97942471101123,91.97942471101123,,,992.0,0.0,1.0,1.0
f034375c-9ead-4277-bf64-101be5bc588a,math:Orz57K,950,2026-04-23T03:58:32.569544Z,2026-04-23T04:00:03.719491Z,91.149947,1,True,True,False,0.0,0.0,0.010970933422484602,0.0,0.0,,631,402,1033,90.37804048800899,90.37804048800899,,,1033.0,0.0,1.0,1.0
dd1bcf05-e233-41da-b0c5-1639b72665c1,math:Orz57K,947,2026-04-23T03:58:32.968587Z,2026-04-23T04:01:43.315693Z,190.347106,1,True,True,True,1.0,1.0,0.005253560303669655,0.005253560303669655,0.0,,1701,590,2291,187.86495525999635,187.86495525999635,,,2291.0,0.0,1.0,1.0
e61ed756-554e-45f8-b230-17ea8005369a,math:Orz57K,948,2026-04-23T03:58:47.344141Z,2026-04-23T04:00:15.260080Z,87.915939,1,True,True,False,0.0,0.0,0.011374501727155529,0.0,0.0,,603,377,980,87.17569566900784,87.17569566900784,,,980.0,0.0,1.0,1.0
39669183-0361-4a54-8799-f741603b48fb,math:Orz57K,949,2026-04-23T03:58:50.641313Z,2026-04-23T04:00:17.689296Z,87.047983,1,True,True,True,1.0,1.0,0.01148791695724874,0.01148791695724874,0.0,,597,430,1027,86.2991044010123,86.2991044010123,,,1027.0,0.0,1.0,1.0
03c1c220-30b8-48bc-82b5-565c856493d1,math:Orz57K,950,2026-04-23T03:58:51.167286Z,2026-04-23T04:00:20.535481Z,89.368195,1,True,True,False,0.0,0.0,0.011189663168199828,0.0,0.0,,631,501,1132,88.6037730149983,88.6037730149983,,,1132.0,0.0,1.0,1.0
72c8c8fc-6904-4c45-8445-a8191473ed41,math:Orz57K,951,2026-04-23T03:58:54.409620Z,2026-04-23T04:00:23.536779Z,89.127159,1,True,True,False,0.0,0.0,0.011219924557451674,0.0,0.0,,602,474,1076,88.38847259500471,88.38847259500471,,,1076.0,0.0,1.0,1.0
ef3e9609-2f41-40df-ab98-a4579fba59db,math:Orz57K,948,2026-04-23T03:58:58.237596Z,2026-04-23T04:00:25.643729Z,87.406133,1,True,True,False,0.0,0.0,0.011440844774588071,0.0,0.0,,603,377,980,86.67339871899458,86.67339871899458,,,980.0,0.0,1.0,1.0
c7ba34ca-54d8-4000-9e83-862ba91e6a39,math:Orz57K,949,2026-04-23T03:59:03.701037Z,2026-04-23T04:00:28.069640Z,84.368603,1,True,True,True,1.0,1.0,0.011852750483494436,0.011852750483494436,0.0,,597,430,1027,83.61451854700863,83.61451854700863,,,1027.0,0.0,1.0,1.0
f5aed2b9-207a-4a73-b326-bfc68c10dbc9,math:Orz57K,950,2026-04-23T03:59:09.193544Z,2026-04-23T04:00:30.883044Z,81.6895,1,True,True,False,0.0,0.0,0.012241475342608292,0.0,0.0,,631,501,1132,80.92636137500813,80.92636137500813,,,1132.0,0.0,1.0,1.0
bdd40518-1b9a-414d-9051-1415cb29ae83,math:Orz57K,951,2026-04-23T03:59:15.358909Z,2026-04-23T04:00:42.282773Z,86.923864,1,True,True,False,0.0,0.0,0.011504320608665073,0.0,0.0,,602,823,1425,86.14788082700397,86.14788082700397,,,1425.0,0.0,1.0,1.0
6924204e-88e8-46a1-a2ac-1daaf198e690,math:Orz57K,952,2026-04-23T03:59:32.410215Z,2026-04-23T04:00:49.895583Z,77.485368,1,True,True,False,0.0,0.0,0.012905662395511887,0.0,0.0,,612,310,922,76.74518656700093,76.74518656700093,,,922.0,0.0,1.0,1.0
e02b1c98-448b-4711-acc7-c699e74ed272,math:Orz57K,949,2026-04-23T03:59:36.290817Z,2026-04-23T04:00:52.339887Z,76.04907,1,True,True,True,1.0,1.0,0.01314940471987363,0.01314940471987363,0.0,,597,430,1027,75.27536646700173,75.27536646700173,,,1027.0,0.0,1.0,1.0
843e3c7b-cd78-496c-ba36-ff2e44bee074,math:Orz57K,950,2026-04-23T03:59:36.706232Z,2026-04-23T04:00:55.524455Z,78.818223,1,True,True,False,0.0,0.0,0.012687421283273539,0.0,0.0,,631,501,1132,78.0491667400056,78.0491667400056,,,1132.0,0.0,1.0,1.0
4a6a8196-66f1-4d70-8f29-3ae948cba2df,math:Orz57K,951,2026-04-23T03:59:44.013050Z,2026-04-23T04:01:03.545983Z,79.532933,1,True,True,False,0.0,0.0,0.012573407798251323,0.0,0.0,,602,474,1076,78.78338198599522,78.78338198599522,,,1076.0,0.0,1.0,1.0
41428048-084c-4f8c-ba38-4e5b75a78f96,math:Orz57K,952,2026-04-23T03:59:46.288586Z,2026-04-23T04:05:51.123826Z,364.83524,1,True,True,False,0.0,0.0,0.0027409632907172015,0.0,0.0,,4449,1062,5511,358.9307856709929,358.9307856709929,,,5511.0,0.0,1.0,1.0
335bbe05-19f6-46f4-893f-b4f43e4ec6a1,math:Orz57K,953,2026-04-23T03:59:47.268368Z,2026-04-23T04:01:08.097286Z,80.828918,1,True,True,False,0.0,0.0,0.012371809802031496,0.0,0.0,,642,302,944,80.08160182699794,80.08160182699794,,,944.0,0.0,1.0,1.0
574b1b19-34b5-45d5-ab7f-e11da943f14c,math:Orz57K,950,2026-04-23T03:59:52.768074Z,2026-04-23T04:01:10.929164Z,78.16109,1,True,True,False,0.0,0.0,0.012794089744654277,0.0,0.0,,631,501,1132,77.38737096299883,77.38737096299883,,,1132.0,0.0,1.0,1.0
b9b1d8a4-7c45-43ae-8e6d-f503eea6aca8,math:Orz57K,951,2026-04-23T03:59:55.965715Z,2026-04-23T04:01:13.531182Z,77.565467,1,True,True,False,0.0,0.0,0.012892335193443754,0.0,0.0,,602,474,1076,76.83885240199743,76.83885240199743,,,1076.0,0.0,1.0,1.0
f5d43312-067f-4740-8aa2-3a9e6895c7c0,math:Orz57K,952,2026-04-23T03:59:59.209498Z,2026-04-23T04:01:16.679824Z,77.470326,1,True,True,False,0.0,0.0,0.012908168219144967,0.0,0.0,,612,310,922,76.7522814690019,76.7522814690019,,,922.0,0.0,1.0,1.0
1b1bf681-5664-4b81-b8ca-08756c21b04b,math:Orz57K,953,2026-04-23T04:00:01.459977Z,2026-04-23T04:01:18.382203Z,76.922226,1,True,True,False,0.0,0.0,0.0130001438075908,0.0,0.0,,642,302,944,76.19645452500845,76.19645452500845,,,944.0,0.0,1.0,1.0
767560d8-a2bf-4ca9-9ea0-a6a373fbe3fc,math:Orz57K,954,2026-04-23T04:00:03.744990Z,2026-04-23T04:01:42.902823Z,99.157833,1,True,True,False,0.0,0.0,0.0100849319690155,0.0,0.0,,1064,4096,5160,98.45111747199553,98.45111747199553,,,5160.0,0.0,1.0,1.0
e1a347ba-9273-43ca-a2a8-9f35691eb71f,math:Orz57K,951,2026-04-23T04:00:13.233791Z,2026-04-23T04:01:46.964900Z,93.731109,1,True,True,False,0.0,0.0,0.010668816475861818,0.0,0.0,,602,474,1076,93.00656179299403,93.00656179299403,,,1076.0,0.0,1.0,1.0
66d6853e-e529-4087-b6a7-285b18d795a4,math:Orz57K,952,2026-04-23T04:00:15.283213Z,2026-04-23T04:06:04.217975Z,348.934762,1,True,True,False,0.0,0.0,0.0028658652243997405,0.0,0.0,,4449,1062,5511,342.94637514500937,342.94637514500937,,,5511.0,0.0,1.0,1.0
acb1b465-c253-4d6e-890e-0f2446c25b2a,math:Orz57K,953,2026-04-23T04:00:17.713916Z,2026-04-23T04:01:51.528921Z,93.815005,1,True,True,False,0.0,0.0,0.010659275667042814,0.0,0.0,,642,302,944,93.09374345101241,93.09374345101241,,,944.0,0.0,1.0,1.0
28d21407-fd60-4f73-8f3c-65d706a4f018,math:Orz57K,954,2026-04-23T04:00:20.560264Z,2026-04-23T04:02:15.929896Z,115.369632,1,True,True,False,0.0,0.0,0.00866779223149468,0.0,0.0,,1064,4096,5160,114.63104351500806,114.63104351500806,,,5160.0,0.0,1.0,1.0
08513d55-5bb4-4a46-9c16-dc99d94c0fb0,math:Orz57K,955,2026-04-23T04:00:20.898459Z,2026-04-23T04:02:17.531497Z,116.633038,1,True,True,False,0.0,0.0,0.008573899961347144,0.0,0.0,,656,287,943,115.92101729899878,115.92101729899878,,,943.0,0.0,1.0,1.0
3746dd9f-af95-4bf9-b887-1b0789599afe,math:Orz57K,952,2026-04-23T04:00:23.560498Z,2026-04-23T04:06:09.800621Z,346.240123,1,True,True,False,0.0,0.0,0.0028881690294454984,0.0,0.0,,4449,1062,5511,340.29902720499376,340.29902720499376,,,5511.0,0.0,1.0,1.0
c8bd3efd-43b7-45f8-bd0f-527c7c885a3e,math:Orz57K,953,2026-04-23T04:00:25.669466Z,2026-04-23T04:02:22.148880Z,116.479414,1,True,True,False,0.0,0.0,0.008585208026544501,0.0,0.0,,642,302,944,115.75167806399986,115.75167806399986,,,944.0,0.0,1.0,1.0
dc995a16-6730-485d-bcb7-38157affc32d,math:Orz57K,954,2026-04-23T04:00:28.095005Z,2026-04-23T04:02:46.552734Z,138.457729,1,True,True,False,0.0,0.0,0.007222420931084317,0.0,0.0,,1064,4096,5160,137.74150973299402,137.74150973299402,,,5160.0,0.0,1.0,1.0
dac18023-e74e-426c-b4a7-00a8327b14ae,math:Orz57K,955,2026-04-23T04:00:30.909266Z,2026-04-23T04:02:48.196714Z,137.287448,1,True,True,False,0.0,0.0,0.007283987098368963,0.0,0.0,,656,287,943,136.54368673299905,136.54368673299905,,,943.0,0.0,1.0,1.0
c4427ccb-17cb-4707-90b1-5efdd5ee4324,math:Orz57K,956,2026-04-23T04:00:36.245082Z,2026-04-23T04:02:52.749412Z,136.50433,1,True,True,False,0.0,0.0,0.007325774940619099,0.0,0.0,,605,787,1392,135.62582028900215,135.62582028900215,,,1392.0,0.0,1.0,1.0
17f91183-5eaf-4653-b028-1be396234300,math:Orz57K,953,2026-04-23T04:00:37.324028Z,2026-04-23T04:02:54.290337Z,136.966309,1,True,True,False,0.0,0.0,0.007301065548900788,0.0,0.0,,642,302,944,136.24770854300004,136.24770854300004,,,944.0,0.0,1.0,1.0
5354225d-7368-4e97-b28e-82c22cf58ff3,math:Orz57K,954,2026-04-23T04:00:37.674575Z,2026-04-23T04:03:18.700442Z,161.025867,1,True,True,False,0.0,0.0,0.006210182367780699,0.0,0.0,,1064,4096,5160,160.31520876499417,160.31520876499417,,,5160.0,0.0,1.0,1.0
ff293790-4420-4192-8e13-bbb764258e1e,math:Orz57K,955,2026-04-23T04:00:42.308288Z,2026-04-23T04:03:20.329255Z,158.020967,1,True,True,False,0.0,0.0,0.006328274146050504,0.0,0.0,,656,287,943,157.2954417610017,157.2954417610017,,,943.0,0.0,1.0,1.0
342299c7-9b04-4d10-93a8-cb0bca5d4690,math:Orz57K,956,2026-04-23T04:00:42.887582Z,2026-04-23T04:03:24.889456Z,162.001874,1,True,True,False,0.0,0.0,0.006172768100201113,0.0,0.0,,605,787,1392,161.12833880400285,161.12833880400285,,,1392.0,0.0,1.0,1.0
fe2b4e0a-660c-4dd2-ad34-ae44c9e53924,math:Orz57K,957,2026-04-23T04:00:48.193743Z,2026-04-23T04:03:25.896829Z,157.703086,1,True,True,False,0.0,0.0,0.006341030003686801,0.0,0.0,,589,202,791,156.96653880001395,156.96653880001395,,,791.0,0.0,1.0,1.0
32a76adc-5de2-478b-850d-985b676e7113,math:Orz57K,954,2026-04-23T04:00:49.921139Z,2026-04-23T04:03:50.284092Z,180.362953,1,True,True,False,0.0,0.0,0.005544375845299007,0.0,0.0,,1064,4096,5160,179.6624355130043,179.6624355130043,,,5160.0,0.0,1.0,1.0
7cdab353-26ae-4a8d-bbd5-9ee83fed5626,math:Orz57K,955,2026-04-23T04:00:52.365843Z,2026-04-23T04:03:51.944261Z,179.578418,1,True,True,False,0.0,0.0,0.005568597892426026,0.0,0.0,,656,287,943,178.84320897700673,178.84320897700673,,,943.0,0.0,1.0,1.0
9d4028a5-6cf3-40f5-b3a2-a961950b6da8,math:Orz57K,956,2026-04-23T04:00:52.700193Z,2026-04-23T04:03:56.460429Z,183.760236,1,True,True,False,0.0,0.0,0.0054418737250642195,0.0,0.0,,605,787,1392,182.91752704900864,182.91752704900864,,,1392.0,0.0,1.0,1.0
18e17c88-6f47-42d8-a8a3-0101f429f5cf,math:Orz57K,957,2026-04-23T04:00:55.547429Z,2026-04-23T04:03:57.477024Z,181.929595,1,True,True,False,0.0,0.0,0.005496631815181032,0.0,0.0,,589,202,791,181.21218946599402,181.21218946599402,,,791.0,0.0,1.0,1.0
67194788-cd23-4201-a97b-7e984c554697,math:Orz57K,958,2026-04-23T04:01:00.945004Z,2026-04-23T04:03:58.836642Z,177.891638,1,True,True,False,0.0,0.0,0.005621399697269638,0.0,0.0,,579,238,817,177.15845862199785,177.15845862199785,,,817.0,0.0,1.0,1.0
88133d78-b3e3-4b76-b8b1-74c614a7a40c,math:Orz57K,955,2026-04-23T04:01:03.570120Z,2026-04-23T04:04:00.451298Z,176.881178,1,True,True,False,0.0,0.0,0.00565351277793955,0.0,0.0,,656,287,943,176.15134323999519,176.15134323999519,,,943.0,0.0,1.0,1.0
7b3a66d4-50b8-4054-bf6a-6cde19447f74,math:Orz57K,956,2026-04-23T04:01:08.121733Z,2026-04-23T04:04:05.967205Z,177.845472,1,True,True,False,0.0,0.0,0.005622858927777481,0.0,0.0,,605,787,1392,176.9623163649958,176.9623163649958,,,1392.0,0.0,1.0,1.0
782f935a-aba3-483c-ae9e-20c15dd7d695,math:Orz57K,957,2026-04-23T04:01:10.954577Z,2026-04-23T04:04:06.968265Z,176.013688,1,True,True,False,0.0,0.0,0.0056813763256866705,0.0,0.0,,589,202,791,175.27101775699703,175.27101775699703,,,791.0,0.0,1.0,1.0
9297d3f6-7dd5-4f75-baf0-6a03ce1796cd,math:Orz57K,958,2026-04-23T04:01:13.554461Z,2026-04-23T04:04:08.304579Z,174.750118,1,True,True,False,0.0,0.0,0.00572245679399198,0.0,0.0,,579,238,817,174.00439968700812,174.00439968700812,,,817.0,0.0,1.0,1.0
55615ac6-c0b2-42f4-84e4-fcb7cc1d534c,math:Orz57K,959,2026-04-23T04:01:13.908967Z,2026-04-23T04:04:09.674743Z,175.765776,1,True,True,False,0.0,0.0,0.005689389725107805,0.0,0.0,,708,242,950,175.02515100799792,175.02515100799792,,,950.0,0.0,1.0,1.0
a5992d5f-fbc9-41f4-86e6-a4d4be0c08b2,math:Orz57K,956,2026-04-23T04:01:14.999220Z,2026-04-23T04:04:14.187660Z,179.18844,1,True,True,False,0.0,0.0,0.005580717148941081,0.0,0.0,,605,787,1392,178.32790248499077,178.32790248499077,,,1392.0,0.0,1.0,1.0
e5d41a32-55c8-4047-8579-b9c3c465f720,math:Orz57K,957,2026-04-23T04:01:16.703456Z,2026-04-23T04:04:15.185124Z,178.481668,1,True,True,False,0.0,0.0,0.005602816307162705,0.0,0.0,,589,202,791,177.76482399301312,177.76482399301312,,,791.0,0.0,1.0,1.0
4ed341b3-7162-4fdc-a8ad-df630b712f32,math:Orz57K,958,2026-04-23T04:01:18.407123Z,2026-04-23T04:04:16.467536Z,178.060413,1,True,True,False,0.0,0.0,0.0056160714397534275,0.0,0.0,,579,238,817,177.3498882809945,177.3498882809945,,,817.0,0.0,1.0,1.0
45081178-3f92-4bfa-9199-7fd998dad4e1,math:Orz57K,959,2026-04-23T04:01:42.928494Z,2026-04-23T04:04:17.831864Z,154.90337,1,True,True,False,0.0,0.0,0.006455637472574031,0.0,0.0,,708,242,950,154.20542367600137,154.20542367600137,,,950.0,0.0,1.0,1.0
36249a14-7dd3-4a5e-9e97-4f0f5cb6a918,math:Orz57K,960,2026-04-23T04:01:43.341077Z,2026-04-23T04:05:21.232204Z,217.891127,1,True,True,False,0.0,0.0,0.004589448013640317,0.0,0.0,,1437,410,1847,215.38722445700841,215.38722445700841,,,1847.0,0.0,1.0,1.0
274e8ca0-a542-4b91-bf0e-770d787c7eef,math:Orz57K,957,2026-04-23T04:01:44.389352Z,2026-04-23T04:04:20.492973Z,156.103621,1,True,True,False,0.0,0.0,0.00640600130601711,0.0,0.0,,589,202,791,155.3667632249999,155.3667632249999,,,791.0,0.0,1.0,1.0
58a57120-4be2-4106-979d-e8595c745aff,math:Orz57K,958,2026-04-23T04:01:46.988390Z,2026-04-23T04:04:21.847380Z,154.85899,1,True,True,False,0.0,0.0,0.006457487550448314,0.0,0.0,,579,238,817,154.12240663300327,154.12240663300327,,,817.0,0.0,1.0,1.0
6c3c9c91-4236-4fd0-bf77-02e5cdc95bbd,math:Orz57K,959,2026-04-23T04:01:51.552918Z,2026-04-23T04:04:24.174488Z,152.62157,1,True,True,False,0.0,0.0,0.0065521538010649485,0.0,0.0,,708,242,950,151.86951290100114,151.86951290100114,,,950.0,0.0,1.0,1.0
a1716b2d-46ba-4bc3-9112-b8f83849b4f4,math:Orz57K,960,2026-04-23T04:02:15.956364Z,2026-04-23T04:05:27.140983Z,191.184619,1,True,True,False,0.0,0.0,0.005230546292011074,0.0,0.0,,1437,410,1847,188.70097307900141,188.70097307900141,,,1847.0,0.0,1.0,1.0
fe8e1111-04c9-4984-b2a9-a63688ece39a,math:Orz57K,961,2026-04-23T04:02:17.554904Z,2026-04-23T04:04:27.652428Z,130.097524,1,True,True,False,0.0,0.0,0.00768654136722848,0.0,0.0,,601,348,949,129.3721799920022,129.3721799920022,,,949.0,0.0,1.0,1.0
3fd68b4b-ed71-43cc-933e-64376d571dfa,math:Orz57K,958,2026-04-23T04:02:22.174643Z,2026-04-23T04:04:29.943113Z,127.76847,1,True,True,False,0.0,0.0,0.007826657077446416,0.0,0.0,,579,238,817,127.03562622499885,127.03562622499885,,,817.0,0.0,1.0,1.0
9301772d-8314-41e3-9a60-7c375a13711e,math:Orz57K,959,2026-04-23T04:02:46.578367Z,2026-04-23T04:04:31.300899Z,104.722532,1,True,True,False,0.0,0.0,0.009549043371105657,0.0,0.0,,708,242,950,104.02350724299322,104.02350724299322,,,950.0,0.0,1.0,1.0
3ad5bfb0-14d3-47e3-ab41-f13b7dee177a,math:Orz57K,960,2026-04-23T04:02:48.224049Z,2026-04-23T04:05:34.845158Z,166.621109,1,True,True,False,0.0,0.0,0.006001640524430791,0.0,0.0,,1437,410,1847,164.17148694100615,164.17148694100615,,,1847.0,0.0,1.0,1.0
7d9dbadb-295b-4d15-8962-16e27862791b,math:Orz57K,961,2026-04-23T04:02:52.773897Z,2026-04-23T04:04:34.761772Z,101.987875,1,True,True,False,0.0,0.0,0.009805087124327278,0.0,0.0,,601,348,949,101.28168876799464,101.28168876799464,,,949.0,0.0,1.0,1.0
09de1e85-f355-4e06-8f39-b2502115693b,math:Orz57K,962,2026-04-23T04:02:54.314814Z,2026-04-23T04:04:37.427151Z,103.112337,1,True,True,False,0.0,0.0,0.009698160560554456,0.0,0.0,,605,473,1078,102.38762446200417,102.38762446200417,,,1078.0,0.0,1.0,1.0
1b026aa8-58a6-4d2b-8db4-766f4ee9625b,math:Orz57K,959,2026-04-23T04:03:18.725960Z,2026-04-23T04:04:38.775944Z,80.049984,1,True,True,False,0.0,0.0,0.012492194876641076,0.0,0.0,,708,242,950,79.34163881000131,79.34163881000131,,,950.0,0.0,1.0,1.0
9d436def-15f9-42f7-b31d-0cadc0d4a589,math:Orz57K,960,2026-04-23T04:03:20.352924Z,2026-04-23T04:05:41.742566Z,141.389642,1,True,True,False,0.0,0.0,0.0070726538794121845,0.0,0.0,,1437,410,1847,138.92734242101142,138.92734242101142,,,1847.0,0.0,1.0,1.0
5f1aab12-11d0-47b1-9837-7f17430c569d,math:Orz57K,961,2026-04-23T04:03:24.914280Z,2026-04-23T04:04:42.259985Z,77.345705,1,True,True,False,0.0,0.0,0.012928966126819841,0.0,0.0,,601,348,949,76.60806236600911,76.60806236600911,,,949.0,0.0,1.0,1.0
775dae7e-cfe5-4edc-a9fc-2dd7eca16cd4,math:Orz57K,962,2026-04-23T04:03:25.922605Z,2026-04-23T04:04:44.909601Z,78.986996,1,True,True,False,0.0,0.0,0.012660311831583011,0.0,0.0,,605,473,1078,78.24566732600215,78.24566732600215,,,1078.0,0.0,1.0,1.0
2efb92da-00ac-4e8e-89eb-fa49a015cf81,math:Orz57K,963,2026-04-23T04:03:50.307292Z,2026-04-23T04:04:46.891982Z,56.58469,1,True,True,False,0.0,0.0,0.017672624874325547,0.0,0.0,,634,366,1000,55.86668355000438,55.86668355000438,,,1000.0,0.0,1.0,1.0
50c699bf-33a6-4beb-bcbf-6a90d79a60ea,math:Orz57K,960,2026-04-23T04:03:51.969981Z,2026-04-23T04:05:45.705178Z,113.735197,1,True,True,False,0.0,0.0,0.008792352995177034,0.0,0.0,,1437,410,1847,111.27635509699758,111.27635509699758,,,1847.0,0.0,1.0,1.0
bd6cdd59-66e9-45cd-a313-4f92202497ee,math:Orz57K,961,2026-04-23T04:03:56.491731Z,2026-04-23T04:04:50.339027Z,53.847296,1,True,True,False,0.0,0.0,0.018571034653253528,0.0,0.0,,601,348,949,53.143004723999184,53.143004723999184,,,949.0,0.0,1.0,1.0
eeaad608-3255-4836-af8b-da00dc32257c,math:Orz57K,962,2026-04-23T04:03:57.501581Z,2026-04-23T04:04:52.987248Z,55.485667,1,True,True,False,0.0,0.0,0.018022672413760477,0.0,0.0,,605,473,1078,54.77975620300276,54.77975620300276,,,1078.0,0.0,1.0,1.0
4abfc77e-1788-4fef-b7f7-c8428de97bfc,math:Orz57K,963,2026-04-23T04:03:58.862676Z,2026-04-23T04:04:55.071377Z,56.208701,1,True,True,False,0.0,0.0,0.017790839891496515,0.0,0.0,,634,366,1000,55.47689391799213,55.47689391799213,,,1000.0,0.0,1.0,1.0
90c2ff74-c1af-473a-b7d5-4dd6f79baaf2,math:Orz57K,964,2026-04-23T04:04:00.475964Z,2026-04-23T04:04:58.927518Z,58.451554,1,True,True,False,0.0,0.0,0.01710818501078688,0.0,0.0,,635,693,1328,57.75390563800465,57.75390563800465,,,1328.0,0.0,1.0,1.0
366b9e3d-866c-4a82-a299-9379241e1dba,math:Orz57K,961,2026-04-23T04:04:05.992713Z,2026-04-23T04:05:02.121074Z,56.128361,1,True,True,False,0.0,0.0,0.017816305022696103,0.0,0.0,,601,348,949,55.38585507898824,55.38585507898824,,,949.0,0.0,1.0,1.0
22593bf6-1af8-42ac-a406-3bd77bb492ff,math:Orz57K,962,2026-04-23T04:04:06.992075Z,2026-04-23T04:05:04.747036Z,57.754961,1,True,True,False,0.0,0.0,0.017314529915447435,0.0,0.0,,605,473,1078,57.03202831900853,57.03202831900853,,,1078.0,0.0,1.0,1.0
bbc359f6-6e75-4eb9-8e09-0676cb6b628d,math:Orz57K,963,2026-04-23T04:04:08.329716Z,2026-04-23T04:05:06.824670Z,58.494954,1,True,True,False,0.0,0.0,0.01709549168976182,0.0,0.0,,634,366,1000,57.74859590799315,57.74859590799315,,,1000.0,0.0,1.0,1.0
f45eebf8-b553-4b81-9e88-4f3130afeb69,math:Orz57K,964,2026-04-23T04:04:09.698792Z,2026-04-23T04:05:10.665721Z,60.966929,1,True,True,False,0.0,0.0,0.016402335108596334,0.0,0.0,,635,693,1328,60.24941683500947,60.24941683500947,,,1328.0,0.0,1.0,1.0
5413c58b-0526-4944-a941-e5ec5d996876,math:Orz57K,965,2026-04-23T04:04:14.213112Z,2026-04-23T04:05:11.815699Z,57.602587,1,True,True,False,0.0,0.0,0.01736033140317118,0.0,0.0,,573,202,775,56.87208338599885,56.87208338599885,,,775.0,0.0,1.0,1.0
a7eea00e-3303-41e0-a795-52468229fa29,math:Orz57K,962,2026-04-23T04:04:15.209744Z,2026-04-23T04:05:14.454833Z,59.245089,1,True,True,False,0.0,0.0,0.01687903616787545,0.0,0.0,,605,473,1078,58.52560921999975,58.52560921999975,,,1078.0,0.0,1.0,1.0
94340a19-67e5-4235-ac11-0120bf7e5e0a,math:Orz57K,963,2026-04-23T04:04:16.493021Z,2026-04-23T04:05:16.472767Z,59.979746,1,True,True,False,0.0,0.0,0.016672294677606673,0.0,0.0,,634,366,1000,59.253906822996214,59.253906822996214,,,1000.0,0.0,1.0,1.0
4283b7c1-824b-4e27-bbf6-a37a5e95cb5b,math:Orz57K,964,2026-04-23T04:04:17.856036Z,2026-04-23T04:05:20.353383Z,62.497347,1,True,True,False,0.0,0.0,0.01600067919683055,0.0,0.0,,635,693,1328,61.768571787004475,61.768571787004475,,,1328.0,0.0,1.0,1.0
a1f07d1c-927b-4834-a8a1-4d66f5413bf3,math:Orz57K,965,2026-04-23T04:04:20.517224Z,2026-04-23T04:05:22.342522Z,61.825298,1,True,True,False,0.0,0.0,0.016174608652917453,0.0,0.0,,573,202,775,61.087983624995104,61.087983624995104,,,775.0,0.0,1.0,1.0
f3fa212c-9d11-42cf-8111-310814c80471,math:Orz57K,966,2026-04-23T04:04:21.872495Z,2026-04-23T04:08:17.988340Z,236.115845,1,True,True,True,1.0,1.0,0.004235209204193814,0.004235209204193814,0.0,,2414,360,2774,231.82919346699782,231.82919346699782,,,2774.0,0.0,1.0,1.0
4975f933-1a3c-4c84-8773-fe259ebbe183,math:Orz57K,963,2026-04-23T04:04:24.198603Z,2026-04-23T04:05:26.277436Z,62.078833,1,True,True,False,0.0,0.0,0.01610855023643888,0.0,0.0,,634,366,1000,61.347211212007096,61.347211212007096,,,1000.0,0.0,1.0,1.0
1f1de0e4-7197-44d0-9ec1-210aaf5fa91b,math:Orz57K,964,2026-04-23T04:04:27.677798Z,2026-04-23T04:05:30.973578Z,63.29578,1,True,True,False,0.0,0.0,0.015798841565741035,0.0,0.0,,635,693,1328,62.575191618001554,62.575191618001554,,,1328.0,0.0,1.0,1.0
182a6c4f-4b8d-4990-87f9-21dab92cbec8,math:Orz57K,965,2026-04-23T04:04:29.969378Z,2026-04-23T04:05:33.315733Z,63.346355,1,True,True,False,0.0,0.0,0.01578622795265805,0.0,0.0,,573,202,775,62.600008530003834,62.600008530003834,,,775.0,0.0,1.0,1.0
eec36f66-bf2e-4be4-97d5-3f290aebc454,math:Orz57K,966,2026-04-23T04:04:31.325922Z,2026-04-23T04:08:52.040629Z,260.714707,1,True,True,True,1.0,1.0,0.003835610240430357,0.003835610240430357,0.0,,2414,360,2774,256.43314744300733,256.43314744300733,,,2774.0,0.0,1.0,1.0
f650b8c2-28c5-4bce-9b33-471d8423a614,math:Orz57K,967,2026-04-23T04:04:34.786943Z,2026-04-23T04:08:52.180948Z,257.394005,1,True,True,False,0.0,0.0,0.003885094371176205,0.0,0.0,,2593,543,3136,253.10792222798045,253.10792222798045,,,3136.0,0.0,1.0,1.0
b32a2463-0438-45ce-95fc-2fc0a654e7d0,math:Orz57K,964,2026-04-23T04:04:37.452134Z,2026-04-23T04:05:39.723226Z,62.271092,1,True,True,False,0.0,0.0,0.016058815862744144,0.0,0.0,,635,693,1328,61.57146129899775,61.57146129899775,,,1328.0,0.0,1.0,1.0
e067ef79-de6e-4a85-afdb-0b6435da5559,math:Orz57K,965,2026-04-23T04:04:38.799619Z,2026-04-23T04:05:40.890756Z,62.091137,1,True,True,False,0.0,0.0,0.016105358160859576,0.0,0.0,,573,202,775,61.35929353299434,61.35929353299434,,,775.0,0.0,1.0,1.0
5c4a3f77-6337-4b7a-b38a-f4a0d2f89275,math:Orz57K,966,2026-04-23T04:04:42.284907Z,2026-04-23T04:08:54.848556Z,252.563649,1,True,True,True,1.0,1.0,0.003959397973379772,0.003959397973379772,0.0,,2414,360,2774,248.2535322609765,248.2535322609765,,,2774.0,0.0,1.0,1.0
130c2cd4-70fb-40a7-94b1-d39c64720ea9,math:Orz57K,967,2026-04-23T04:04:44.932292Z,2026-04-23T04:08:55.049104Z,250.116812,1,True,True,False,0.0,0.0,0.0039981318808749245,0.0,0.0,,2593,543,3136,245.81290873799298,245.81290873799298,,,3136.0,0.0,1.0,1.0
4e0cb0a2-b321-4f29-9b7d-125f2a63c4ce,math:Orz57K,968,2026-04-23T04:04:46.915445Z,2026-04-23T04:05:44.836488Z,57.921043,1,True,True,False,0.0,0.0,0.01726488247112539,0.0,0.0,,603,249,852,57.18138982099481,57.18138982099481,,,852.0,0.0,1.0,1.0
e5a38cc2-0a64-404c-becd-8745a4052e62,math:Orz57K,965,2026-04-23T04:04:50.363809Z,2026-04-23T04:05:46.780695Z,56.416886,1,True,True,False,0.0,0.0,0.01772518958242396,0.0,0.0,,573,202,775,55.67276114001288,55.67276114001288,,,775.0,0.0,1.0,1.0
a71e539b-203b-4f36-ab3a-9fe1e620ad0b,math:Orz57K,966,2026-04-23T04:04:53.013075Z,2026-04-23T04:09:03.574228Z,250.561153,1,True,True,True,1.0,1.0,0.00399104165999747,0.00399104165999747,0.0,,2414,360,2774,246.3067620350048,246.3067620350048,,,2774.0,0.0,1.0,1.0
b11b5971-8cd4-4a3c-9b7b-dbbb0b736631,math:Orz57K,967,2026-04-23T04:04:55.095210Z,2026-04-23T04:09:03.820173Z,248.724963,1,True,True,False,0.0,0.0,0.004020505171408951,0.0,0.0,,2593,543,3136,244.4128259249992,244.4128259249992,,,3136.0,0.0,1.0,1.0
cc79b37e-1492-4f67-97a8-b551afbae58d,math:Orz57K,968,2026-04-23T04:04:58.953154Z,2026-04-23T04:05:49.903645Z,50.950491,1,True,True,False,0.0,0.0,0.01962689623540625,0.0,0.0,,603,249,852,50.19923264699173,50.19923264699173,,,852.0,0.0,1.0,1.0
86933c74-f312-45e1-8e9f-9f01e16d9699,math:Orz57K,969,2026-04-23T04:05:02.147330Z,2026-04-23T04:07:24.911877Z,142.764547,1,True,True,True,1.0,1.0,0.007004540139786946,0.007004540139786946,0.0,,1303,177,1480,140.25215387000935,140.25215387000935,,,1480.0,0.0,1.0,1.0
f87dd58f-ae1f-4153-b931-e586416b8394,math:Orz57K,966,2026-04-23T04:05:04.771610Z,2026-04-23T04:09:13.283071Z,248.511461,1,True,True,True,1.0,1.0,0.004023959281298499,0.004023959281298499,0.0,,2414,360,2774,244.1269274270162,244.1269274270162,,,2774.0,0.0,1.0,1.0
7a2ad376-f6fc-4633-a7b9-14fe400fd628,math:Orz57K,967,2026-04-23T04:05:06.850608Z,2026-04-23T04:05:53.790638Z,46.94003,1,True,True,False,0.0,0.0,0.021303778459451347,0.0,0.0,,579,218,797,46.18144593000761,46.18144593000761,,,797.0,0.0,1.0,1.0
b425e2da-d3e5-4abe-9602-cfbf62fbbf0a,math:Orz57K,968,2026-04-23T04:05:10.690679Z,2026-04-23T04:05:55.205758Z,44.515079,1,True,True,False,0.0,0.0,0.022464297996640643,0.0,0.0,,603,249,852,43.771889412004384,43.771889412004384,,,852.0,0.0,1.0,1.0
6fe4473d-22d9-43a1-af38-703bf1e77604,math:Orz57K,969,2026-04-23T04:05:11.840807Z,2026-04-23T04:07:44.978861Z,153.138054,1,True,True,True,1.0,1.0,0.0065300555536640156,0.0065300555536640156,0.0,,1303,177,1480,150.63627287499548,150.63627287499548,,,1480.0,0.0,1.0,1.0
47475cc8-11ac-49a1-a361-e5f865c38f71,math:Orz57K,970,2026-04-23T04:05:14.479302Z,2026-04-23T04:05:57.269960Z,42.790658,1,True,True,False,0.0,0.0,0.02336958688506262,0.0,0.0,,578,242,820,42.04924282099819,42.04924282099819,,,820.0,0.0,1.0,1.0
5cd371f3-e69c-436d-95d1-5dcf56fea7c1,math:Orz57K,967,2026-04-23T04:05:16.497959Z,2026-04-23T04:05:58.499137Z,42.001178,1,True,True,False,0.0,0.0,0.02380885602779998,0.0,0.0,,579,218,797,41.27124048699625,41.27124048699625,,,797.0,0.0,1.0,1.0
876adf60-5326-423c-a6fe-14b4699e648f,math:Orz57K,968,2026-04-23T04:05:20.377370Z,2026-04-23T04:05:59.904815Z,39.527445,1,True,True,False,0.0,0.0,0.025298877779730007,0.0,0.0,,603,249,852,38.797115394001594,38.797115394001594,,,852.0,0.0,1.0,1.0
33a37e19-457b-463f-898b-0559f0927623,math:Orz57K,969,2026-04-23T04:05:21.256557Z,2026-04-23T04:08:16.497496Z,175.240939,1,True,True,True,1.0,1.0,0.005706429135260455,0.005706429135260455,0.0,,1303,177,1480,172.6716913019918,172.6716913019918,,,1480.0,0.0,1.0,1.0
5ae78e33-436f-42ad-85e5-ccc0dd9caac0,math:Orz57K,970,2026-04-23T04:05:22.367023Z,2026-04-23T04:06:01.969394Z,39.602371,1,True,True,False,0.0,0.0,0.02525101337998172,0.0,0.0,,578,242,820,38.87021797399211,38.87021797399211,,,820.0,0.0,1.0,1.0
cdb3b5f8-55f6-40e4-bc68-6cae4cb0c6b6,math:Orz57K,971,2026-04-23T04:05:26.303652Z,2026-04-23T04:06:06.509084Z,40.205432,1,True,True,False,0.0,0.0,0.02487226104174182,0.0,0.0,,584,403,987,39.47612283901253,39.47612283901253,,,987.0,0.0,1.0,1.0
1f60e3d7-2e36-4498-b9b2-3c3e3af1f0db,math:Orz57K,968,2026-04-23T04:05:27.170827Z,2026-04-23T04:06:07.904346Z,40.733519,1,True,True,False,0.0,0.0,0.02454980626643134,0.0,0.0,,603,249,852,40.00885699999344,40.00885699999344,,,852.0,0.0,1.0,1.0
db57bcc6-1c88-4fd9-acd4-9501f0e52240,math:Orz57K,969,2026-04-23T04:05:30.997038Z,2026-04-23T04:08:43.285976Z,192.288938,1,True,True,True,1.0,1.0,0.0052005071659400395,0.0052005071659400395,0.0,,1303,177,1480,189.85415809199912,189.85415809199912,,,1480.0,0.0,1.0,1.0
5be534b0-9cd4-412d-a528-53f94d3b2bf3,math:Orz57K,970,2026-04-23T04:05:33.339445Z,2026-04-23T04:06:11.218682Z,37.879237,1,True,True,False,0.0,0.0,0.026399686984191362,0.0,0.0,,578,233,811,37.0913930710085,37.0913930710085,,,811.0,0.0,1.0,1.0
0ffb28e6-5a2f-402d-8116-fca1072386f4,math:Orz57K,971,2026-04-23T04:05:34.870648Z,2026-04-23T04:06:19.436797Z,44.566149,1,True,True,False,0.0,0.0,0.022438555325926857,0.0,0.0,,584,1478,2062,43.80744747100107,43.80744747100107,,,2062.0,0.0,1.0,1.0
3e03fbd1-64c0-4434-be81-d72ff983c1f7,math:Orz57K,972,2026-04-23T04:05:39.747618Z,2026-04-23T04:06:39.973336Z,60.225718,1,True,True,False,0.0,0.0,0.01660420221142071,0.0,0.0,,632,3054,3686,59.51504835599917,59.51504835599917,,,3686.0,0.0,1.0,1.0
7b369546-8e21-4454-9ee0-eca536f4a483,math:Orz57K,969,2026-04-23T04:05:40.915682Z,2026-04-23T04:08:53.357322Z,192.44164,1,True,True,True,1.0,1.0,0.005196380575430556,0.005196380575430556,0.0,,1303,178,1481,189.96138937099022,189.96138937099022,,,1481.0,0.0,1.0,1.0
98b505dc-8c0e-4f1c-8f3b-6f9ef75dee8d,math:Orz57K,970,2026-04-23T04:05:41.766090Z,2026-04-23T04:06:42.056749Z,60.290659,1,True,True,False,0.0,0.0,0.0165863172933638,0.0,0.0,,578,242,820,59.54789825499756,59.54789825499756,,,820.0,0.0,1.0,1.0
19946c9d-911d-4a10-9a73-8cfcbf83f41e,math:Orz57K,971,2026-04-23T04:05:44.861963Z,2026-04-23T04:06:53.381532Z,68.519569,1,True,True,False,0.0,0.0,0.014594370843167444,0.0,0.0,,584,1478,2062,67.7288524320029,67.7288524320029,,,2062.0,0.0,1.0,1.0
5aa6c3f0-814a-40b2-8238-8897afc6f610,math:Orz57K,972,2026-04-23T04:05:45.730581Z,2026-04-23T04:07:10.930604Z,85.200023,1,True,True,False,0.0,0.0,0.011737086033415741,0.0,0.0,,632,3054,3686,84.4881011779944,84.4881011779944,,,3686.0,0.0,1.0,1.0
440cc024-0ef9-4333-a6cc-a17449a1ccc4,math:Orz57K,973,2026-04-23T04:05:46.807987Z,2026-04-23T04:07:11.975311Z,85.167324,1,True,True,False,0.0,0.0,0.011741592350606202,0.0,0.0,,579,189,768,84.47379645700858,84.47379645700858,,,768.0,0.0,1.0,1.0
6c63ff9e-78f4-4094-9996-870321229784,math:Orz57K,970,2026-04-23T04:05:49.930055Z,2026-04-23T04:07:16.270795Z,86.34074,1,True,True,False,0.0,0.0,0.011582017944252041,0.0,0.0,,578,242,820,85.61814706900623,85.61814706900623,,,820.0,0.0,1.0,1.0
ff9c1a56-f65a-41e4-b530-25b8d7d569e3,math:Orz57K,971,2026-04-23T04:05:51.149411Z,2026-04-23T04:07:24.604911Z,93.4555,1,True,True,False,0.0,0.0,0.010700279812317092,0.0,0.0,,584,1478,2062,92.71308395099186,92.71308395099186,,,2062.0,0.0,1.0,1.0
ebfab103-0904-4cde-9ef0-1ca298560b49,math:Orz57K,972,2026-04-23T04:05:53.815621Z,2026-04-23T04:07:43.570106Z,109.754485,1,True,True,False,0.0,0.0,0.009111244975547012,0.0,0.0,,632,3054,3686,109.04259692200867,109.04259692200867,,,3686.0,0.0,1.0,1.0
4167a882-e0b8-4fda-918d-bed6c8b44924,math:Orz57K,973,2026-04-23T04:05:55.230533Z,2026-04-23T04:07:44.660836Z,109.430303,1,True,True,False,0.0,0.0,0.009138236599783517,0.0,0.0,,579,189,768,108.69108383198909,108.69108383198909,,,768.0,0.0,1.0,1.0
eef907c8-cf54-4d98-b292-6d69337fead0,math:Orz57K,974,2026-04-23T04:05:57.293586Z,2026-04-23T04:09:17.304818Z,200.011232,1,True,True,False,0.0,0.0,0.004999719215768843,0.0,0.0,,2158,943,3101,197.4930607849965,197.4930607849965,,,3101.0,0.0,1.0,1.0
fa65fcf9-2b35-4190-9f42-91d43c3adf90,math:Orz57K,971,2026-04-23T04:05:58.524704Z,2026-04-23T04:07:58.533143Z,120.008439,1,True,True,False,0.0,0.0,0.00833274733287715,0.0,0.0,,584,1478,2062,119.21293416600383,119.21293416600383,,,2062.0,0.0,1.0,1.0
69c40eef-1245-4ae4-8cf6-109a9aacfb63,math:Orz57K,972,2026-04-23T04:05:59.929845Z,2026-04-23T04:08:16.178037Z,136.248192,1,True,True,False,0.0,0.0,0.0073395469350521735,0.0,0.0,,632,3054,3686,135.50893732300028,135.50893732300028,,,3686.0,0.0,1.0,1.0
061b6fdf-61b6-457f-81ba-6937a154a529,math:Orz57K,973,2026-04-23T04:06:01.993653Z,2026-04-23T04:08:17.558043Z,135.56439,1,True,True,False,0.0,0.0,0.007376568433642493,0.0,0.0,,579,189,768,134.79581201499968,134.79581201499968,,,768.0,0.0,1.0,1.0
3e597aab-8d0d-4730-88dc-9c2bb5109220,math:Orz57K,974,2026-04-23T04:06:04.250151Z,2026-04-23T04:09:25.357397Z,201.107246,1,True,True,False,0.0,0.0,0.004972471255461377,0.0,0.0,,2158,943,3101,198.57958098301606,198.57958098301606,,,3101.0,0.0,1.0,1.0
dec44716-4d9a-43e7-b0f1-aa51464ec3cd,math:Orz57K,975,2026-04-23T04:06:06.534552Z,2026-04-23T04:08:25.230579Z,138.696027,1,True,True,False,0.0,0.0,0.007210011862848819,0.0,0.0,,598,389,987,137.95268763200147,137.95268763200147,,,987.0,0.0,1.0,1.0
a9437e66-6de8-44a7-bf74-39c4ddb620b1,math:Orz57K,972,2026-04-23T04:06:07.931059Z,2026-04-23T04:08:42.958390Z,155.027331,1,True,True,False,0.0,0.0,0.006450475497123794,0.0,0.0,,632,3054,3686,154.30195151799126,154.30195151799126,,,3686.0,0.0,1.0,1.0
ea3529f4-7940-45ef-8895-99c384c171e9,math:Orz57K,973,2026-04-23T04:06:09.824548Z,2026-04-23T04:08:44.337310Z,154.512762,1,True,True,False,0.0,0.0,0.0064719573131441395,0.0,0.0,,579,189,768,153.79179268499138,153.79179268499138,,,768.0,0.0,1.0,1.0
b7ce17fb-44d5-4bf9-94b6-4b7cb2ce3c04,math:Orz57K,974,2026-04-23T04:06:11.246328Z,2026-04-23T04:09:31.299126Z,200.052798,1,True,True,False,0.0,0.0,0.004998680398361636,0.0,0.0,,2158,943,3101,197.4887476619915,197.4887476619915,,,3101.0,0.0,1.0,1.0
c2f3d75f-1cdb-4d80-aba2-7a64dcad6e59,math:Orz57K,975,2026-04-23T04:06:19.462171Z,2026-04-23T04:08:51.558537Z,152.096366,1,True,True,False,0.0,0.0,0.006574779045016763,0.0,0.0,,598,389,987,151.37664708199736,151.37664708199736,,,987.0,0.0,1.0,1.0
f4316bc6-9f00-4d7b-be3e-13a3738ff12a,math:Orz57K,976,2026-04-23T04:06:39.997653Z,2026-04-23T04:08:53.022959Z,133.025306,1,True,True,False,0.0,0.0,0.007517366658040238,0.0,0.0,,568,141,709,132.27640039999096,132.27640039999096,,,709.0,0.0,1.0,1.0
88531adc-d0bf-4168-bdd9-056746a89713,math:Orz57K,973,2026-04-23T04:06:42.081174Z,2026-04-23T04:08:54.416685Z,132.335511,1,True,True,False,0.0,0.0,0.007556550712982852,0.0,0.0,,579,189,768,131.60749768500682,131.60749768500682,,,768.0,0.0,1.0,1.0
e1aebe72-20c1-4dcd-aed1-d6f04b199ed7,math:Orz57K,974,2026-04-23T04:06:53.406834Z,2026-04-23T04:09:45.706049Z,172.299215,1,True,True,False,0.0,0.0,0.0058038569705613574,0.0,0.0,,2158,943,3101,169.73424815198814,169.73424815198814,,,3101.0,0.0,1.0,1.0
4c5df164-c4e3-42a3-b73b-3b00413601d2,math:Orz57K,975,2026-04-23T04:07:10.954782Z,2026-04-23T04:09:02.352015Z,111.397233,1,True,True,False,0.0,0.0,0.008976883653833664,0.0,0.0,,598,389,987,110.68168732800405,110.68168732800405,,,987.0,0.0,1.0,1.0
35a8b69c-63a9-4187-b444-6c5e1a0d8bc8,math:Orz57K,976,2026-04-23T04:07:11.999498Z,2026-04-23T04:09:03.159263Z,111.159765,1,True,True,False,0.0,0.0,0.008996060759934137,0.0,0.0,,568,141,709,110.43083362099424,110.43083362099424,,,709.0,0.0,1.0,1.0
489193c3-95ab-4492-b098-294736d650f2,math:Orz57K,977,2026-04-23T04:07:16.296738Z,2026-04-23T04:09:05.559761Z,109.263023,1,True,True,False,0.0,0.0,0.009152227098823726,0.0,0.0,,596,315,911,108.52727252600016,108.52727252600016,,,911.0,0.0,1.0,1.0
b58c5b2a-bcc8-4eee-992b-76bb14f40015,math:Orz57K,974,2026-04-23T04:07:24.630786Z,2026-04-23T04:10:00.178735Z,155.547949,1,True,True,False,0.0,0.0,0.006428885796494817,0.0,0.0,,2158,943,3101,152.95120050600963,152.95120050600963,,,3101.0,0.0,1.0,1.0
5d09a2ed-7b0b-4b27-80ec-8b09c9d03465,math:Orz57K,975,2026-04-23T04:07:24.935756Z,2026-04-23T04:09:12.831050Z,107.895294,1,True,True,False,0.0,0.0,0.009268244822614784,0.0,0.0,,598,389,987,107.18395934998989,107.18395934998989,,,987.0,0.0,1.0,1.0
12ab27db-9b53-4327-8395-ddbb1efbb830,math:Orz57K,976,2026-04-23T04:07:43.594723Z,2026-04-23T04:09:14.090155Z,90.495432,1,True,True,False,0.0,0.0,0.011050281521392152,0.0,0.0,,568,141,709,89.73918508298812,89.73918508298812,,,709.0,0.0,1.0,1.0
7d7db311-d532-440c-97ca-880bbf06fe50,math:Orz57K,977,2026-04-23T04:07:44.686007Z,2026-04-23T04:09:15.867236Z,91.181229,1,True,True,True,1.0,1.0,0.010967169569517427,0.010967169569517427,0.0,,596,322,918,90.45600454500527,90.45600454500527,,,918.0,0.0,1.0,1.0
b0e9a6e6-7a9f-4391-9901-a90be63f4c3f,math:Orz57K,978,2026-04-23T04:07:45.003478Z,2026-04-23T04:09:16.903633Z,91.900155,1,True,True,False,0.0,0.0,0.010881374465581696,0.0,0.0,,602,185,787,91.18732194500626,91.18732194500626,,,787.0,0.0,1.0,1.0
cd1f712b-f62a-46ca-a01a-a3c6dde962b2,math:Orz57K,975,2026-04-23T04:07:58.558569Z,2026-04-23T04:09:19.331518Z,80.772949,1,True,True,False,0.0,0.0,0.01238038244709872,0.0,0.0,,598,389,987,80.05327018701064,80.05327018701064,,,987.0,0.0,1.0,1.0
c1e94eb8-d118-4555-980d-0edaeaa94554,math:Orz57K,976,2026-04-23T04:08:16.202871Z,2026-04-23T04:09:20.143969Z,63.941098,1,True,True,False,0.0,0.0,0.015639393618170273,0.0,0.0,,568,141,709,63.212782949005486,63.212782949005486,,,709.0,0.0,1.0,1.0
07235623-e628-4c42-a217-3f16dc1aaed4,math:Orz57K,977,2026-04-23T04:08:16.527747Z,2026-04-23T04:09:21.949951Z,65.422204,1,True,True,True,1.0,1.0,0.015285330344419458,0.015285330344419458,0.0,,596,322,918,64.70098088899977,64.70098088899977,,,918.0,0.0,1.0,1.0
b55780dd-91d6-4ce4-92ec-2b6e81221616,math:Orz57K,978,2026-04-23T04:08:17.582535Z,2026-04-23T04:09:23.003442Z,65.420907,1,True,True,False,0.0,0.0,0.015285633383224112,0.0,0.0,,602,185,787,64.69362581601308,64.69362581601308,,,787.0,0.0,1.0,1.0
90d91ab1-0e2c-4588-b260-189ae723e52b,math:Orz57K,979,2026-04-23T04:08:18.015169Z,2026-04-23T04:09:24.954008Z,66.938839,1,True,True,False,0.0,0.0,0.014939010220957073,0.0,0.0,,569,349,918,66.22305558199878,66.22305558199878,,,918.0,0.0,1.0,1.0
1dfe21d5-912f-4bd3-b2fc-0670b6cf97f6,math:Orz57K,976,2026-04-23T04:08:25.256122Z,2026-04-23T04:09:26.076010Z,60.819888,1,True,True,False,0.0,0.0,0.016441990159534656,0.0,0.0,,568,141,709,60.063296666994574,60.063296666994574,,,709.0,0.0,1.0,1.0
b2812b84-0988-4450-b216-f950800701ba,math:Orz57K,977,2026-04-23T04:08:42.983752Z,2026-04-23T04:09:27.863064Z,44.879312,1,True,True,True,1.0,1.0,0.022281981506311863,0.022281981506311863,0.0,,596,322,918,44.15992322200327,44.15992322200327,,,918.0,0.0,1.0,1.0
d7b64966-1969-45d1-b0bc-688673599aa9,math:Orz57K,978,2026-04-23T04:08:43.309628Z,2026-04-23T04:09:28.943330Z,45.633702,1,True,True,False,0.0,0.0,0.0219136286598006,0.0,0.0,,602,185,787,44.884092280000914,44.884092280000914,,,787.0,0.0,1.0,1.0
154efc22-d7be-4a0e-a6c8-c3cb09ab1c07,math:Orz57K,979,2026-04-23T04:08:44.362209Z,2026-04-23T04:09:30.872265Z,46.510056,1,True,True,False,0.0,0.0,0.02150072663855748,0.0,0.0,,569,349,918,45.78691979999712,45.78691979999712,,,918.0,0.0,1.0,1.0
33534231-5c3b-4969-9725-0c23b8cc805a,math:Orz57K,980,2026-04-23T04:08:51.583268Z,2026-04-23T04:09:32.847238Z,41.26397,1,True,True,False,0.0,0.0,0.024234216920960342,0.0,0.0,,604,288,892,40.50986633999855,40.50986633999855,,,892.0,0.0,1.0,1.0
7c034e1c-7cdd-4aa9-976b-3cf6df2de31d,math:Orz57K,977,2026-04-23T04:08:52.066875Z,2026-04-23T04:09:34.616737Z,42.549862,1,True,True,True,1.0,1.0,0.023501838854377486,0.023501838854377486,0.0,,596,322,918,41.83246598500409,41.83246598500409,,,918.0,0.0,1.0,1.0
fae31be6-79d8-4275-9e16-8b6cc822ffcf,math:Orz57K,978,2026-04-23T04:08:52.205108Z,2026-04-23T04:09:35.667974Z,43.462866,1,True,True,False,0.0,0.0,0.02300814677062484,0.0,0.0,,602,185,787,42.73799811799836,42.73799811799836,,,787.0,0.0,1.0,1.0
6b7ece4c-2338-44ff-a9cb-48b81f1b7162,math:Orz57K,979,2026-04-23T04:08:53.049260Z,2026-04-23T04:09:37.612934Z,44.563674,1,True,True,False,0.0,0.0,0.02243980152982898,0.0,0.0,,569,349,918,43.850780862005195,43.850780862005195,,,918.0,0.0,1.0,1.0
e5222f6d-58a5-4af8-bfe8-25b1bb2118e9,math:Orz57K,980,2026-04-23T04:08:53.382820Z,2026-04-23T04:09:39.276823Z,45.894003,1,True,True,False,0.0,0.0,0.021789339230225788,0.0,0.0,,604,288,892,45.13458175200503,45.13458175200503,,,892.0,0.0,1.0,1.0
3300d2e8-e0b9-49d4-b426-fce2ae4d27f2,math:Orz57K,981,2026-04-23T04:08:54.443255Z,2026-04-23T04:09:42.364334Z,47.921079,1,True,True,True,1.0,1.0,0.020867643652180703,0.020867643652180703,0.0,,635,552,1187,47.16712719500356,47.16712719500356,,,1187.0,0.0,1.0,1.0
1bd298a7-68e1-49e2-99c7-7ce7281d43d5,math:Orz57K,978,2026-04-23T04:08:54.872993Z,2026-04-23T04:09:43.383086Z,48.510093,1,True,True,False,0.0,0.0,0.020614266808352648,0.0,0.0,,602,185,787,47.787262394005666,47.787262394005666,,,787.0,0.0,1.0,1.0
16cf9189-9f98-4672-b15c-666d23599407,math:Orz57K,979,2026-04-23T04:08:55.075282Z,2026-04-23T04:09:45.320055Z,50.244773,1,True,True,False,0.0,0.0,0.01990256777555747,0.0,0.0,,569,349,918,49.53529373899801,49.53529373899801,,,918.0,0.0,1.0,1.0
b95895a8-1aa0-4f3c-aada-3f2fae4c685e,math:Orz57K,980,2026-04-23T04:09:02.376677Z,2026-04-23T04:09:47.262097Z,44.88542,1,True,True,False,0.0,0.0,0.0222789493782168,0.0,0.0,,604,288,892,44.12381114899472,44.12381114899472,,,892.0,0.0,1.0,1.0
61f59057-288e-4bc0-84b0-97220045c265,math:Orz57K,981,2026-04-23T04:09:03.185366Z,2026-04-23T04:09:50.299973Z,47.114607,1,True,True,True,1.0,1.0,0.021224840101075237,0.021224840101075237,0.0,,635,552,1187,46.36996650000219,46.36996650000219,,,1187.0,0.0,1.0,1.0
b0ab16d0-5c17-459c-a7aa-5d7daf8c7e0a,math:Orz57K,982,2026-04-23T04:09:03.598199Z,2026-04-23T04:09:56.212797Z,52.614598,1,True,True,False,0.0,0.0,0.019006132100448624,0.0,0.0,,671,1046,1717,51.83891711599426,51.83891711599426,,,1717.0,0.0,1.0,1.0
dd68ff12-04e6-43f4-82a2-ef1562948742,math:Orz57K,979,2026-04-23T04:09:03.843388Z,2026-04-23T04:09:58.142883Z,54.299495,1,True,True,False,0.0,0.0,0.018416377537212824,0.0,0.0,,569,349,918,53.5593552049977,53.5593552049977,,,918.0,0.0,1.0,1.0
c2728ceb-18da-401b-8870-25eade1b6875,math:Orz57K,980,2026-04-23T04:09:05.584619Z,2026-04-23T04:09:59.778727Z,54.194108,1,True,True,False,0.0,0.0,0.01845219041154806,0.0,0.0,,604,288,892,53.45183622700279,53.45183622700279,,,892.0,0.0,1.0,1.0
8465c2d0-01c7-4066-8f95-afdc25036abe,math:Orz57K,981,2026-04-23T04:09:12.856138Z,2026-04-23T04:10:03.185006Z,50.328868,1,True,True,True,1.0,1.0,0.019869312379527392,0.019869312379527392,0.0,,635,552,1187,49.5849006990029,49.5849006990029,,,1187.0,0.0,1.0,1.0
2d06dd83-d8c8-4ab1-9321-35f936662923,math:Orz57K,982,2026-04-23T04:09:13.308582Z,2026-04-23T04:10:09.063781Z,55.755199,1,True,True,False,0.0,0.0,0.017935547140635263,0.0,0.0,,671,1046,1717,54.98847614901024,54.98847614901024,,,1717.0,0.0,1.0,1.0
bb735e25-2b49-417d-b763-22882d710f75,math:Orz57K,983,2026-04-23T04:09:14.115109Z,2026-04-23T04:10:12.514980Z,58.399871,1,True,True,False,0.0,0.0,0.017123325495016932,0.0,0.0,,700,625,1325,57.68895721399167,57.68895721399167,,,1325.0,0.0,1.0,1.0
d17fe9f8-878f-4f1d-ab0d-fb22f85756e7,math:Orz57K,980,2026-04-23T04:09:15.892312Z,2026-04-23T04:10:14.224216Z,58.331904,1,True,True,False,0.0,0.0,0.017143277202129388,0.0,0.0,,604,288,892,57.53208327799803,57.53208327799803,,,892.0,0.0,1.0,1.0
4f0b22a2-1aa0-487b-ac5d-626e33680233,math:Orz57K,981,2026-04-23T04:09:16.927145Z,2026-04-23T04:10:17.252780Z,60.325635,1,True,True,True,1.0,1.0,0.01657670076742665,0.01657670076742665,0.0,,635,552,1187,59.59835026299697,59.59835026299697,,,1187.0,0.0,1.0,1.0
647fcc75-3d09-4819-86ef-6991acdf2fc1,math:Orz57K,982,2026-04-23T04:09:17.328099Z,2026-04-23T04:10:23.106591Z,65.778492,1,True,True,False,0.0,0.0,0.015202537631905579,0.0,0.0,,671,1046,1717,65.02271922699583,65.02271922699583,,,1717.0,0.0,1.0,1.0
cc8f82dd-9372-43c9-94b0-95b34e0c8bea,math:Orz57K,983,2026-04-23T04:09:19.356618Z,2026-04-23T04:10:26.627161Z,67.270543,1,True,True,False,0.0,0.0,0.014865347526628409,0.0,0.0,,700,625,1325,66.51502746999904,66.51502746999904,,,1325.0,0.0,1.0,1.0
6518b7ae-6a58-45d5-b02c-a44221240607,math:Orz57K,984,2026-04-23T04:09:20.169149Z,2026-04-23T04:11:42.657633Z,142.488484,1,True,True,False,0.0,0.0,0.0070181110215194655,0.0,0.0,,1526,336,1862,139.96350482699927,139.96350482699927,,,1862.0,0.0,1.0,1.0
03fdbbca-6ccb-4d6c-b8bf-20b1bf0b2ebd,math:Orz57K,981,2026-04-23T04:09:21.974772Z,2026-04-23T04:10:31.413037Z,69.438265,1,True,True,True,1.0,1.0,0.01440128148363154,0.01440128148363154,0.0,,635,552,1187,68.69013413500215,68.69013413500215,,,1187.0,0.0,1.0,1.0
84caddfd-dc08-4bda-bb8c-45c29d140844,math:Orz57K,982,2026-04-23T04:09:23.028419Z,2026-04-23T04:10:37.295899Z,74.26748,1,True,True,False,0.0,0.0,0.013464843562754517,0.0,0.0,,671,1046,1717,73.48774776500068,73.48774776500068,,,1717.0,0.0,1.0,1.0
6dea1f83-cfe0-4353-a072-9fbc66d99c78,math:Orz57K,983,2026-04-23T04:09:24.979973Z,2026-04-23T04:10:40.731732Z,75.751759,1,True,True,False,0.0,0.0,0.013201013589664629,0.0,0.0,,700,625,1325,75.03036688400607,75.03036688400607,,,1325.0,0.0,1.0,1.0
2aa2a028-3cb7-441b-957b-b6ad97a8ed08,math:Orz57K,984,2026-04-23T04:09:25.382871Z,2026-04-23T04:11:49.571381Z,144.18851,1,True,True,False,0.0,0.0,0.0069353653768944555,0.0,0.0,,1526,336,1862,141.57740692299558,141.57740692299558,,,1862.0,0.0,1.0,1.0
34af085d-686c-4e4f-82bd-9a544d549a51,math:Orz57K,985,2026-04-23T04:09:26.101097Z,2026-04-23T04:10:44.007619Z,77.906522,1,True,True,False,0.0,0.0,0.012835895818837864,0.0,0.0,,586,281,867,77.15106404900143,77.15106404900143,,,867.0,0.0,1.0,1.0
5143a94f-017b-4eca-a26e-0e3707319625,math:Orz57K,982,2026-04-23T04:09:27.888640Z,2026-04-23T04:10:49.876984Z,81.988344,1,True,True,False,0.0,0.0,0.01219685568963315,0.0,0.0,,671,1052,1723,81.22995489300229,81.22995489300229,,,1723.0,0.0,1.0,1.0
b58f9746-497c-4344-aa53-732146ab42d2,math:Orz57K,983,2026-04-23T04:09:28.968583Z,2026-04-23T04:10:53.362979Z,84.394396,1,True,True,False,0.0,0.0,0.011849127991863346,0.0,0.0,,700,625,1325,83.68234499800019,83.68234499800019,,,1325.0,0.0,1.0,1.0
5233a58d-7833-4e65-b608-13469e108c47,math:Orz57K,984,2026-04-23T04:09:30.897506Z,2026-04-23T04:11:55.745528Z,144.848022,1,True,True,False,0.0,0.0,0.006903787750722617,0.0,0.0,,1526,336,1862,142.32870231899142,142.32870231899142,,,1862.0,0.0,1.0,1.0
3eeeda54-3186-4708-9174-2118bf6ca409,math:Orz57K,985,2026-04-23T04:09:31.324372Z,2026-04-23T04:10:56.641009Z,85.316637,1,True,True,False,0.0,0.0,0.011721043341171546,0.0,0.0,,586,281,867,84.58896698900207,84.58896698900207,,,867.0,0.0,1.0,1.0
f08af476-faa6-4e0b-a42a-4a78349af2e9,math:Orz57K,986,2026-04-23T04:09:32.870443Z,2026-04-23T04:11:58.153020Z,145.282577,1,True,True,False,0.0,0.0,0.006883137817688903,0.0,0.0,,1681,563,2244,142.77194121299544,142.77194121299544,,,2244.0,0.0,1.0,1.0
1f752bf6-e954-40ea-8679-35d87a8755a0,math:Orz57K,983,2026-04-23T04:09:34.641885Z,2026-04-23T04:11:02.953007Z,88.311122,1,True,True,False,0.0,0.0,0.011323602026027934,0.0,0.0,,700,625,1325,87.5682973810035,87.5682973810035,,,1325.0,0.0,1.0,1.0
39f371e8-dc0b-482d-98be-c4ba6d998409,math:Orz57K,984,2026-04-23T04:09:35.692775Z,2026-04-23T04:11:59.534215Z,143.84144,1,True,True,False,0.0,0.0,0.006952099478425689,0.0,0.0,,1526,336,1862,141.38179553099326,141.38179553099326,,,1862.0,0.0,1.0,1.0
87465362-df80-4054-8847-ae33f15b452f,math:Orz57K,985,2026-04-23T04:09:37.636665Z,2026-04-23T04:11:06.190251Z,88.553586,1,True,True,False,0.0,0.0,0.011292597456188845,0.0,0.0,,586,281,867,87.82590746600181,87.82590746600181,,,867.0,0.0,1.0,1.0
ee9279ee-1e42-4149-9084-5da9793b3c10,math:Orz57K,986,2026-04-23T04:09:39.301685Z,2026-04-23T04:12:01.774863Z,142.473178,1,True,True,False,0.0,0.0,0.007018864982431992,0.0,0.0,,1681,563,2244,139.9864257750014,139.9864257750014,,,2244.0,0.0,1.0,1.0
cc3fc3fd-e062-4636-9224-2b9c72241ca5,math:Orz57K,987,2026-04-23T04:09:42.397916Z,2026-04-23T04:11:10.275419Z,87.877503,1,True,True,False,0.0,0.0,0.011379476724549172,0.0,0.0,,651,231,882,87.11510658598854,87.11510658598854,,,882.0,0.0,1.0,1.0
a5a1fcd7-ddbf-4710-a25a-b60aab4bd465,math:Orz57K,984,2026-04-23T04:09:43.407576Z,2026-04-23T04:12:04.315702Z,140.908126,1,True,True,False,0.0,0.0,0.00709682279075942,0.0,0.0,,1526,336,1862,138.3695784349984,138.3695784349984,,,1862.0,0.0,1.0,1.0
1223d3f1-4a3f-42ec-b7a2-0ad197489300,math:Orz57K,985,2026-04-23T04:09:45.346719Z,2026-04-23T04:11:13.491002Z,88.144283,1,True,True,False,0.0,0.0,0.01134503527585561,0.0,0.0,,586,281,867,87.43018260800454,87.43018260800454,,,867.0,0.0,1.0,1.0
d104edcc-20b8-4830-9a74-425c4f551ed8,math:Orz57K,986,2026-04-23T04:09:45.731279Z,2026-04-23T04:12:06.726664Z,140.995385,1,True,True,False,0.0,0.0,0.007092430720338825,0.0,0.0,,1681,563,2244,138.53972278398578,138.53972278398578,,,2244.0,0.0,1.0,1.0
cff3018d-ac2f-4a6f-90a7-3d29cf6d3271,math:Orz57K,987,2026-04-23T04:09:47.287387Z,2026-04-23T04:11:17.578644Z,90.291257,1,True,True,False,0.0,0.0,0.011075269447184682,0.0,0.0,,651,231,882,89.54442593899148,89.54442593899148,,,882.0,0.0,1.0,1.0
ef6a0231-93ee-4017-b49f-280c64a38084,math:Orz57K,988,2026-04-23T04:09:50.324898Z,2026-04-23T04:11:20.070376Z,89.745478,1,True,True,True,1.0,1.0,0.011142622695708412,0.011142622695708412,0.0,,595,448,1043,88.99720683900523,88.99720683900523,,,1043.0,0.0,1.0,1.0
fc4e8822-6fb8-4c71-bc89-90d00af9d170,math:Orz57K,985,2026-04-23T04:09:56.237564Z,2026-04-23T04:11:21.636241Z,85.398677,1,True,True,False,0.0,0.0,0.011709783279195297,0.0,0.0,,586,281,867,84.66425967699615,84.66425967699615,,,867.0,0.0,1.0,1.0
36299be0-1919-42aa-82ac-3c1cf126c455,math:Orz57K,986,2026-04-23T04:09:58.166449Z,2026-04-23T04:12:11.518325Z,133.351876,1,True,True,False,0.0,0.0,0.007498957120033317,0.0,0.0,,1681,563,2244,130.8068002769869,130.8068002769869,,,2244.0,0.0,1.0,1.0
518bdb31-242c-4107-b163-5d622c2f5c0e,math:Orz57K,987,2026-04-23T04:09:59.802660Z,2026-04-23T04:11:25.693430Z,85.89077,1,True,True,False,0.0,0.0,0.011642694552627715,0.0,0.0,,651,231,882,85.14515210900572,85.14515210900572,,,882.0,0.0,1.0,1.0
5eb055dd-a9bb-495e-b025-a10cfb4b7a95,math:Orz57K,988,2026-04-23T04:10:00.203632Z,2026-04-23T04:11:28.185804Z,87.982172,1,True,True,True,1.0,1.0,0.011365938999550953,0.011365938999550953,0.0,,595,448,1043,87.27449028500996,87.27449028500996,,,1043.0,0.0,1.0,1.0
7fabbc2e-9442-46cf-b21a-840eea169228,math:Orz57K,989,2026-04-23T04:10:03.207949Z,2026-04-23T04:13:00.082111Z,176.874162,1,True,True,True,1.0,1.0,0.0056537370336770835,0.0056537370336770835,0.0,,3100,1273,4373,172.66848465500516,172.66848465500516,,,4373.0,0.0,1.0,1.0
0335b415-0817-4152-9b66-8dd4028dc3d4,math:Orz57K,986,2026-04-23T04:10:09.090613Z,2026-04-23T04:11:33.064967Z,83.974354,1,True,True,True,1.0,1.0,0.011908397651978365,0.011908397651978365,0.0,,576,469,1045,83.25404435899691,83.25404435899691,,,1045.0,0.0,1.0,1.0
66b92f12-88a8-477d-958d-727d366258c6,math:Orz57K,987,2026-04-23T04:10:12.539537Z,2026-04-23T04:11:34.354419Z,81.814882,1,True,True,False,0.0,0.0,0.012222715177906142,0.0,0.0,,651,231,882,81.10887108099996,81.10887108099996,,,882.0,0.0,1.0,1.0
afaa9cc5-a674-4cd1-880e-65e8f985a7f3,math:Orz57K,988,2026-04-23T04:10:14.251497Z,2026-04-23T04:11:36.881985Z,82.630488,1,True,True,True,1.0,1.0,0.012102070606190781,0.012102070606190781,0.0,,595,448,1043,81.90902013600862,81.90902013600862,,,1043.0,0.0,1.0,1.0
3876a639-a565-4293-b64a-7b7721f74e4b,math:Orz57K,989,2026-04-23T04:10:17.277346Z,2026-04-23T04:14:00.822168Z,223.544822,1,True,True,False,0.0,0.0,0.004473375813643315,0.0,0.0,,4103,834,4937,217.41035623001517,217.41035623001517,,,4937.0,0.0,1.0,1.0
7e5ca3af-841c-40b9-8281-9d9a01a9cf4a,math:Orz57K,990,2026-04-23T04:10:23.131983Z,2026-04-23T04:12:23.190766Z,120.058783,1,True,True,True,1.0,1.0,0.008329253179253033,0.008329253179253033,0.0,,1530,397,1927,117.6250209690188,117.6250209690188,,,1927.0,0.0,1.0,1.0
af5625e1-1f6c-4c89-8398-4a1613ff2b8e,math:Orz57K,987,2026-04-23T04:10:26.651847Z,2026-04-23T04:11:42.391738Z,75.739891,1,True,True,False,0.0,0.0,0.013203082111644443,0.0,0.0,,651,231,882,74.9848616340023,74.9848616340023,,,882.0,0.0,1.0,1.0
6f4979c0-c58c-4664-a85f-578fefdac9cf,math:Orz57K,988,2026-04-23T04:10:31.438334Z,2026-04-23T04:11:45.165496Z,73.727162,1,True,True,True,1.0,1.0,0.013563522219938425,0.013563522219938425,0.0,,595,448,1043,72.99363830400398,72.99363830400398,,,1043.0,0.0,1.0,1.0
144a207c-289c-40a4-8b40-50adaa14eb29,math:Orz57K,989,2026-04-23T04:10:37.321051Z,2026-04-23T04:14:05.225047Z,207.903996,1,True,True,False,0.0,0.0,0.004809912359741272,0.0,0.0,,4103,834,4937,201.96068760701746,201.96068760701746,,,4937.0,0.0,1.0,1.0
61c77f34-d020-4d57-9db2-a782ed502ff5,math:Orz57K,990,2026-04-23T04:10:40.755007Z,2026-04-23T04:12:31.251871Z,110.496864,1,True,True,True,1.0,1.0,0.00905003059634344,0.00905003059634344,0.0,,1530,397,1927,108.03734397699009,108.03734397699009,,,1927.0,0.0,1.0,1.0
f7725ab9-ca54-4cfa-8dd8-0d998542a9fb,math:Orz57K,991,2026-04-23T04:10:44.032642Z,2026-04-23T04:12:32.136559Z,108.103917,1,True,True,True,1.0,1.0,0.00925035861559022,0.00925035861559022,0.0,,1501,339,1840,105.59384470799705,105.59384470799705,,,1840.0,0.0,1.0,1.0
b5789470-3cc2-4fed-b23d-fcbde8f848fb,math:Orz57K,988,2026-04-23T04:10:49.902559Z,2026-04-23T04:11:53.201147Z,63.298588,1,True,True,True,1.0,1.0,0.015798140710500525,0.015798140710500525,0.0,,595,448,1043,62.58080746799533,62.58080746799533,,,1043.0,0.0,1.0,1.0
d2a26989-47ee-4a69-afdc-44d418211f29,math:Orz57K,989,2026-04-23T04:10:53.387709Z,2026-04-23T04:13:22.389636Z,149.001927,1,True,True,False,0.0,0.0,0.0067113225992037,0.0,0.0,,2959,702,3661,144.6678539700224,144.6678539700224,,,3661.0,0.0,1.0,1.0
9f0407e7-2e33-4113-a0e6-cf1463155e02,math:Orz57K,990,2026-04-23T04:10:56.668525Z,2026-04-23T04:12:38.200015Z,101.53149,1,True,True,True,1.0,1.0,0.00984916108293102,0.00984916108293102,0.0,,1530,397,1927,99.08952178398613,99.08952178398613,,,1927.0,0.0,1.0,1.0
0c14dccd-9a6b-4898-959d-98873fe62c35,math:Orz57K,991,2026-04-23T04:11:02.977319Z,2026-04-23T04:12:41.288140Z,98.310821,1,True,True,True,1.0,1.0,0.010171820251607908,0.010171820251607908,0.0,,1501,339,1840,95.77261596701283,95.77261596701283,,,1840.0,0.0,1.0,1.0
e5169709-f451-411d-95b0-583884271dc9,math:Orz57K,992,2026-04-23T04:11:06.215161Z,2026-04-23T04:12:43.007953Z,96.792792,1,True,True,True,1.0,1.0,0.010331347813585127,0.010331347813585127,0.0,,1519,352,1871,94.26647617701383,94.26647617701383,,,1871.0,0.0,1.0,1.0
35cda2c2-649a-412e-aaad-b6ff34932a3a,math:Orz57K,989,2026-04-23T04:11:10.300271Z,2026-04-23T04:14:28.770839Z,198.470568,1,True,True,False,0.0,0.0,0.005038530448504587,0.0,0.0,,4103,834,4937,192.45359470699623,192.45359470699623,,,4937.0,0.0,1.0,1.0
4b0d2abb-1f69-492f-8fbb-3212b7919ce2,math:Orz57K,990,2026-04-23T04:11:13.515496Z,2026-04-23T04:12:48.834014Z,95.318518,1,True,True,True,1.0,1.0,0.010491140871493616,0.010491140871493616,0.0,,1530,397,1927,92.8462305879948,92.8462305879948,,,1927.0,0.0,1.0,1.0
63c771da-8fea-4b6b-9c7f-d6708f5be530,math:Orz57K,991,2026-04-23T04:11:17.601817Z,2026-04-23T04:12:49.639641Z,92.037824,1,True,True,True,1.0,1.0,0.010865098244825953,0.010865098244825953,0.0,,1501,339,1840,89.57546494400594,89.57546494400594,,,1840.0,0.0,1.0,1.0
06a9bfbd-68a2-48c0-8dc9-709377cc000c,math:Orz57K,992,2026-04-23T04:11:20.094918Z,2026-04-23T04:12:08.970445Z,48.875527,1,True,True,False,0.0,0.0,0.020460137442610084,0.0,0.0,,585,202,787,48.12829811198753,48.12829811198753,,,787.0,0.0,1.0,1.0
ae7adc2b-1878-4715-8f8d-fd8b566a68f8,math:Orz57K,993,2026-04-23T04:11:21.659332Z,2026-04-23T04:12:11.030793Z,49.371461,1,True,True,False,0.0,0.0,0.020254616325816245,0.0,0.0,,664,366,1030,48.65179737500148,48.65179737500148,,,1030.0,0.0,1.0,1.0
70e1fc5c-a372-456f-8f4e-de84d0c1c2aa,math:Orz57K,990,2026-04-23T04:11:25.715933Z,2026-04-23T04:12:55.974456Z,90.258523,1,True,True,True,1.0,1.0,0.01107928610797232,0.01107928610797232,0.0,,1530,397,1927,87.8326862899994,87.8326862899994,,,1927.0,0.0,1.0,1.0
613e05bc-6813-4b3b-9463-2a0f71291270,math:Orz57K,991,2026-04-23T04:11:28.208898Z,2026-04-23T04:12:56.828199Z,88.619301,1,True,True,True,1.0,1.0,0.01128422351243777,0.01128422351243777,0.0,,1501,339,1840,86.1366159930185,86.1366159930185,,,1840.0,0.0,1.0,1.0
f9cc41a6-c736-4c87-bb0d-991bce4b0c4f,math:Orz57K,992,2026-04-23T04:11:33.090925Z,2026-04-23T04:12:17.548835Z,44.45791,1,True,True,False,0.0,0.0,0.022493185127236078,0.0,0.0,,585,202,787,43.705828209000174,43.705828209000174,,,787.0,0.0,1.0,1.0
bc51694b-5780-40f2-b04a-8ddfe7bc7344,math:Orz57K,993,2026-04-23T04:11:34.379752Z,2026-04-23T04:12:19.550163Z,45.170411,1,True,True,False,0.0,0.0,0.022138386121835375,0.0,0.0,,664,366,1030,44.43840222498693,44.43840222498693,,,1030.0,0.0,1.0,1.0
a8b6f7b0-227a-4167-af51-1cd9052f910b,math:Orz57K,994,2026-04-23T04:11:36.908942Z,2026-04-23T04:12:21.779724Z,44.870782,1,True,True,False,0.0,0.0,0.022286217342947133,0.0,0.0,,588,397,985,44.134403320989804,44.134403320989804,,,985.0,0.0,1.0,1.0
e3607bee-88df-44a2-8238-cc443a87641d,math:Orz57K,991,2026-04-23T04:11:42.416480Z,2026-04-23T04:13:09.792973Z,87.376493,1,True,True,True,1.0,1.0,0.01144472575707519,0.01144472575707519,0.0,,1501,357,1858,84.89755921899632,84.89755921899632,,,1858.0,0.0,1.0,1.0
f8c09e4a-cf74-4df0-afae-e8ac87d73e02,math:Orz57K,992,2026-04-23T04:11:42.681241Z,2026-04-23T04:12:25.496313Z,42.815072,1,True,True,False,0.0,0.0,0.02335626108488151,0.0,0.0,,585,202,787,42.0441205889947,42.0441205889947,,,787.0,0.0,1.0,1.0
c12f3252-263c-413f-91d7-d8808949d58d,math:Orz57K,993,2026-04-23T04:11:45.191194Z,2026-04-23T04:12:27.531264Z,42.34007,1,True,True,False,0.0,0.0,0.023618288774676095,0.0,0.0,,664,366,1030,41.62767582500237,41.62767582500237,,,1030.0,0.0,1.0,1.0
fc057ee8-70f5-4f26-b1d6-8ee98d4608cf,math:Orz57K,994,2026-04-23T04:11:49.595980Z,2026-04-23T04:12:30.877935Z,41.281955,1,True,True,False,0.0,0.0,0.024223658981266754,0.0,0.0,,588,397,985,40.57486656701076,40.57486656701076,,,985.0,0.0,1.0,1.0
5082d26b-f739-4c41-b7a8-a33987a70287,math:Orz57K,995,2026-04-23T04:11:53.225827Z,2026-04-23T04:12:33.532268Z,40.306441,1,True,True,False,0.0,0.0,0.024809930502174577,0.0,0.0,,554,257,811,39.582407871988835,39.582407871988835,,,811.0,0.0,1.0,1.0
ec594299-9aa7-487f-be28-52cf94010d74,math:Orz57K,992,2026-04-23T04:11:55.769694Z,2026-04-23T04:12:34.670374Z,38.90068,1,True,True,False,0.0,0.0,0.025706491506061076,0.0,0.0,,585,202,787,38.17614991001028,38.17614991001028,,,787.0,0.0,1.0,1.0
29d7093c-0e33-47f6-8be0-19cb9be4b0aa,math:Orz57K,993,2026-04-23T04:11:58.177415Z,2026-04-23T04:12:37.868102Z,39.690687,1,True,True,False,0.0,0.0,0.02519482718956213,0.0,0.0,,664,366,1030,38.959909440993215,38.959909440993215,,,1030.0,0.0,1.0,1.0
cd1e7a1d-08ea-4bab-8e20-e22228d45d50,math:Orz57K,994,2026-04-23T04:11:59.557743Z,2026-04-23T04:12:40.445601Z,40.887858,1,True,True,False,0.0,0.0,0.024457138351439197,0.0,0.0,,588,397,985,40.128848552005365,40.128848552005365,,,985.0,0.0,1.0,1.0
069c6d60-8a58-4ef5-a2d8-a304724c4cc7,math:Orz57K,995,2026-04-23T04:12:01.800182Z,2026-04-23T04:12:42.675949Z,40.875767,1,True,True,False,0.0,0.0,0.024464372741923104,0.0,0.0,,554,257,811,40.17512674200407,40.17512674200407,,,811.0,0.0,1.0,1.0
ab633345-9589-4829-bb97-96ae75bbe15f,math:Orz57K,996,2026-04-23T04:12:04.340806Z,2026-04-23T04:12:45.316714Z,40.975908,1,True,True,True,1.0,1.0,0.024404584274252083,0.024404584274252083,0.0,,619,414,1033,40.22919084801106,40.22919084801106,,,1033.0,0.0,1.0,1.0
c0c10d04-4b5d-46f6-9051-102692daf930,math:Orz57K,993,2026-04-23T04:12:06.752694Z,2026-04-23T04:12:48.499883Z,41.747189,1,True,True,False,0.0,0.0,0.023953708595805097,0.0,0.0,,664,366,1030,41.01494053400529,41.01494053400529,,,1030.0,0.0,1.0,1.0
9ff853e6-c5b3-4662-8f5c-a087919e2c4d,math:Orz57K,994,2026-04-23T04:12:08.994498Z,2026-04-23T04:12:51.847587Z,42.853089,1,True,True,False,0.0,0.0,0.023335540642122673,0.0,0.0,,588,397,985,42.13266155400197,42.13266155400197,,,985.0,0.0,1.0,1.0
87d8000f-8128-4270-be0c-4791b29b7059,math:Orz57K,995,2026-04-23T04:12:11.055701Z,2026-04-23T04:12:53.278158Z,42.222457,1,True,True,False,0.0,0.0,0.02368407883037219,0.0,0.0,,554,257,811,41.51637698500417,41.51637698500417,,,811.0,0.0,1.0,1.0
34fc8f7f-acea-44e0-bec3-a1fcbbab2a51,math:Orz57K,996,2026-04-23T04:12:11.542249Z,2026-04-23T04:12:55.638981Z,44.096732,1,True,True,True,1.0,1.0,0.022677417455787878,0.022677417455787878,0.0,,619,414,1033,43.363333518995205,43.363333518995205,,,1033.0,0.0,1.0,1.0
5c2dfdc8-fd11-4288-bc2b-4e9fbbc9c693,math:Orz57K,997,2026-04-23T04:12:17.572110Z,2026-04-23T04:13:01.926056Z,44.353946,1,True,True,True,1.0,1.0,0.022545908316703094,0.022545908316703094,0.0,,552,333,885,43.650258573004976,43.650258573004976,,,885.0,0.0,1.0,1.0
7f8d47a6-6988-4510-b95d-4244cfb9626d,math:Orz57K,994,2026-04-23T04:12:19.573875Z,2026-04-23T04:13:04.166275Z,44.5924,1,True,True,False,0.0,0.0,0.022425346023089137,0.0,0.0,,588,397,985,43.87084611499449,43.87084611499449,,,985.0,0.0,1.0,1.0
7d644c81-64ec-4e7b-ae33-5d2e08cde646,math:Orz57K,995,2026-04-23T04:12:21.803510Z,2026-04-23T04:13:05.608163Z,43.804653,1,True,True,False,0.0,0.0,0.0228286250777971,0.0,0.0,,554,257,811,43.080143093000515,43.080143093000515,,,811.0,0.0,1.0,1.0
604eb988-1db2-4fd3-aea0-daac77f9fd64,math:Orz57K,996,2026-04-23T04:12:23.213948Z,2026-04-23T04:13:07.924199Z,44.710251,1,True,True,True,1.0,1.0,0.02236623542999121,0.02236623542999121,0.0,,619,414,1033,43.99398764799116,43.99398764799116,,,1033.0,0.0,1.0,1.0
6722008d-9919-4ff0-9181-d362d5aa30d3,math:Orz57K,997,2026-04-23T04:12:25.521113Z,2026-04-23T04:13:11.689818Z,46.168705,1,True,True,True,1.0,1.0,0.02165969350883894,0.02165969350883894,0.0,,552,333,885,45.43553553200036,45.43553553200036,,,885.0,0.0,1.0,1.0
ead21db0-0060-46e7-94a9-aa03e3dae469,math:Orz57K,998,2026-04-23T04:12:27.555529Z,2026-04-23T04:13:12.223266Z,44.667737,1,True,True,False,0.0,0.0,0.02238752323629021,0.0,0.0,,589,92,681,43.92358380800579,43.92358380800579,,,681.0,0.0,1.0,1.0
688e4828-2ef6-47f0-a1a2-fb0a4f082f97,math:Orz57K,995,2026-04-23T04:12:30.904719Z,2026-04-23T04:13:14.615594Z,43.710875,1,True,True,False,0.0,0.0,0.02287760196976153,0.0,0.0,,554,257,811,42.97131919700769,42.97131919700769,,,811.0,0.0,1.0,1.0
670de892-8a53-4089-a31a-25618b7273a1,math:Orz57K,996,2026-04-23T04:12:31.275991Z,2026-04-23T04:13:16.946358Z,45.670367,1,True,True,True,1.0,1.0,0.02189603600076172,0.02189603600076172,0.0,,619,414,1033,44.9336679540138,44.9336679540138,,,1033.0,0.0,1.0,1.0
3967fea4-6809-4b85-acbe-69ee7e7f0dcc,math:Orz57K,997,2026-04-23T04:12:32.161232Z,2026-04-23T04:13:18.796366Z,46.635134,1,True,True,True,1.0,1.0,0.021443060504554357,0.021443060504554357,0.0,,552,333,885,45.91190787599771,45.91190787599771,,,885.0,0.0,1.0,1.0
68987a93-57bf-4316-8fbf-548c0bb411f8,math:Orz57K,998,2026-04-23T04:12:33.556453Z,2026-04-23T04:13:19.334308Z,45.777855,1,True,True,False,0.0,0.0,0.021844623344628094,0.0,0.0,,589,92,681,45.03844190000382,45.03844190000382,,,681.0,0.0,1.0,1.0
34af042c-637e-4765-9d40-ec4f3b0af812,math:Orz57K,999,2026-04-23T04:12:34.695723Z,2026-04-23T04:13:21.660496Z,46.964773,1,True,True,True,1.0,1.0,0.02129255474097575,0.02129255474097575,0.0,,585,426,1011,46.233846329996595,46.233846329996595,,,1011.0,0.0,1.0,1.0
266ea1ad-0b36-4b1f-a7fb-5cda06d1091a,math:Orz57K,996,2026-04-23T04:12:37.900050Z,2026-04-23T04:13:24.717993Z,46.817943,1,True,True,True,1.0,1.0,0.021359332254302588,0.021359332254302588,0.0,,619,414,1033,46.0683238109923,46.0683238109923,,,1033.0,0.0,1.0,1.0
b036584c-561d-4dee-8eea-6311e94ce258,math:Orz57K,997,2026-04-23T04:12:38.225372Z,2026-04-23T04:13:26.583228Z,48.357856,1,True,True,True,1.0,1.0,0.02067916327804111,0.02067916327804111,0.0,,552,333,885,47.627673361988855,47.627673361988855,,,885.0,0.0,1.0,1.0
d690673e-0eb0-4323-8ec4-651a25ab8ccb,math:Orz57K,998,2026-04-23T04:12:40.470193Z,2026-04-23T04:13:27.089284Z,46.619091,1,True,True,False,0.0,0.0,0.021450439692185335,0.0,0.0,,589,92,681,45.91607004900288,45.91607004900288,,,681.0,0.0,1.0,1.0
bddfa531-a541-4326-ace8-6347aa02eddb,math:Orz57K,999,2026-04-23T04:12:41.312711Z,2026-04-23T04:13:29.497052Z,48.184341,1,True,True,True,1.0,1.0,0.020753630313217315,0.020753630313217315,0.0,,585,426,1011,47.46197251700505,47.46197251700505,,,1011.0,0.0,1.0,1.0
d7ef5a6f-afec-4aef-b9f8-beb2acf74e6b,math:Orz57K,1000,2026-04-23T04:12:42.702769Z,2026-04-23T04:13:30.676765Z,47.973996,1,True,True,True,1.0,1.0,0.02084462590941976,0.02084462590941976,0.0,,656,208,864,47.25504636399273,47.25504636399273,,,864.0,0.0,1.0,1.0
fff76239-64b9-480c-b8fd-c5ccb504f622,math:Orz57K,997,2026-04-23T04:12:43.032801Z,2026-04-23T04:13:32.562939Z,49.530138,1,True,True,True,1.0,1.0,0.02018972771689027,0.02018972771689027,0.0,,552,333,885,48.79126858100062,48.79126858100062,,,885.0,0.0,1.0,1.0
e7a152fd-41f9-4352-a601-b90589780dd6,math:Orz57K,998,2026-04-23T04:12:45.340870Z,2026-04-23T04:13:33.058281Z,47.717411,1,True,True,False,0.0,0.0,0.02095671116775384,0.0,0.0,,589,92,681,47.00527192700247,47.00527192700247,,,681.0,0.0,1.0,1.0
23c19659-3b04-436d-a828-7609831bbbfa,math:Orz57K,999,2026-04-23T04:12:48.524726Z,2026-04-23T04:13:36.443202Z,47.918476,1,True,True,True,1.0,1.0,0.020868777212363767,0.020868777212363767,0.0,,585,426,1011,47.18861294400995,47.18861294400995,,,1011.0,0.0,1.0,1.0
56ce5bf6-efa9-4fcd-ae9e-4ed9a4d24f02,math:Orz57K,1000,2026-04-23T04:12:48.859973Z,2026-04-23T04:13:37.613183Z,48.75321,1,True,True,True,1.0,1.0,0.020511469911417113,0.020511469911417113,0.0,,656,208,864,48.027058416002546,48.027058416002546,,,864.0,0.0,1.0,1.0
1811a30a-e261-4d56-b288-bbb94b20cfdf,math:Orz57K,1001,2026-04-23T04:12:49.663194Z,2026-04-23T04:13:41.257693Z,51.594499,1,True,True,False,0.0,0.0,0.019381911238250418,0.0,0.0,,620,650,1270,50.85102062599617,50.85102062599617,,,1270.0,0.0,1.0,1.0
8e6064aa-7a35-4965-a6e9-9c021332c44c,math:Orz57K,998,2026-04-23T04:12:51.872114Z,2026-04-23T04:13:41.768119Z,49.896005,1,True,True,False,0.0,0.0,0.020041684700007546,0.0,0.0,,589,92,681,49.16986036399612,49.16986036399612,,,681.0,0.0,1.0,1.0
70de402b-e9a3-4404-bf0c-a2a8b55ea6e9,math:Orz57K,999,2026-04-23T04:12:53.303133Z,2026-04-23T04:13:44.173485Z,50.870352,1,True,True,True,1.0,1.0,0.019657815617238113,0.019657815617238113,0.0,,585,426,1011,50.119198725995375,50.119198725995375,,,1011.0,0.0,1.0,1.0
ac2b4898-dd2a-4d64-9c6b-5039427c88e7,math:Orz57K,1000,2026-04-23T04:12:55.663084Z,2026-04-23T04:13:45.335976Z,49.672892,1,True,True,True,1.0,1.0,0.02013170483409744,0.02013170483409744,0.0,,656,208,864,48.934170267006266,48.934170267006266,,,864.0,0.0,1.0,1.0
fe802c1d-389c-4cc8-a6e0-7720a5606bda,math:Orz57K,1001,2026-04-23T04:12:55.999605Z,2026-04-23T04:13:48.986381Z,52.986776,1,True,True,False,0.0,0.0,0.018872633428385983,0.0,0.0,,620,650,1270,52.231607935987995,52.231607935987995,,,1270.0,0.0,1.0,1.0
fe689262-6e0d-43c7-a4ff-885408315cc8,math:Orz57K,1002,2026-04-23T04:12:56.853041Z,2026-04-23T04:14:41.014175Z,104.161134,1,True,True,True,1.0,1.0,0.009600509917643562,0.009600509917643562,0.0,,1362,195,1557,101.70112078799866,101.70112078799866,,,1557.0,0.0,1.0,1.0
b2ef2809-2276-40a2-b866-fc27ce80b2ea,math:Orz57K,999,2026-04-23T04:13:00.109405Z,2026-04-23T04:13:52.190299Z,52.080894,1,True,True,True,1.0,1.0,0.019200899277957862,0.019200899277957862,0.0,,585,426,1011,51.33525840700895,51.33525840700895,,,1011.0,0.0,1.0,1.0
3382b9c5-bfbc-455a-b453-f4b6a97038b1,math:Orz57K,1000,2026-04-23T04:13:01.950531Z,2026-04-23T04:13:53.349171Z,51.39864,1,True,True,True,1.0,1.0,0.01945576770124657,0.01945576770124657,0.0,,656,208,864,50.67197007300274,50.67197007300274,,,864.0,0.0,1.0,1.0
d9add4b7-6630-435b-9a70-880e87efc7c8,math:Orz57K,1001,2026-04-23T04:13:04.191849Z,2026-04-23T04:13:57.047516Z,52.855667,1,True,True,False,0.0,0.0,0.018919447180564385,0.0,0.0,,620,650,1270,52.098239137994824,52.098239137994824,,,1270.0,0.0,1.0,1.0
9ccf6722-af86-4498-bc5c-82fed5dcbcb8,math:Orz57K,1002,2026-04-23T04:13:05.631796Z,2026-04-23T04:14:45.153702Z,99.521906,1,True,True,True,1.0,1.0,0.010048039071920508,0.010048039071920508,0.0,,1362,195,1557,97.02164906499092,97.02164906499092,,,1557.0,0.0,1.0,1.0
265dd969-516b-4e0b-b531-916572f58bad,math:Orz57K,1003,2026-04-23T04:13:07.948848Z,2026-04-23T04:15:30.686939Z,142.738091,1,True,True,True,1.0,1.0,0.007005838406511966,0.007005838406511966,0.0,,2399,368,2767,138.53714144100377,138.53714144100377,,,2767.0,0.0,1.0,1.0
008da6d7-d369-4901-bdf7-6854edfb2e23,math:Orz57K,1000,2026-04-23T04:13:09.817907Z,2026-04-23T04:14:00.151732Z,50.333825,1,True,True,True,1.0,1.0,0.01986735560033437,0.01986735560033437,0.0,,656,208,864,49.57644433999667,49.57644433999667,,,864.0,0.0,1.0,1.0
41cc0b1b-6bc6-43d6-aca4-d2f71ba19f4f,math:Orz57K,1001,2026-04-23T04:13:11.713691Z,2026-04-23T04:14:49.129602Z,97.415911,1,True,True,False,0.0,0.0,0.0102652635461162,0.0,0.0,,1816,621,2437,94.86680357799924,94.86680357799924,,,2437.0,0.0,1.0,1.0
4f47ffb5-81ae-4168-87e0-a2c2a50ba2c3,math:Orz57K,1002,2026-04-23T04:13:12.249141Z,2026-04-23T04:14:50.444009Z,98.194868,1,True,True,True,1.0,1.0,0.010183831603093555,0.010183831603093555,0.0,,1346,179,1525,95.6627591449942,95.6627591449942,,,1525.0,0.0,1.0,1.0
4811b83a-1206-44f9-9cd3-3d6df246f997,math:Orz57K,1003,2026-04-23T04:13:14.641271Z,2026-04-23T04:14:06.611631Z,51.97036,1,True,True,False,0.0,0.0,0.019241737020871126,0.0,0.0,,595,228,823,51.1641614639957,51.1641614639957,,,823.0,0.0,1.0,1.0
a40a2b8e-e1a5-4a77-9334-b1735d0444fa,math:Orz57K,1004,2026-04-23T04:13:16.972461Z,2026-04-23T04:14:52.342642Z,95.370181,1,True,True,False,0.0,0.0,0.010485457713454481,0.0,0.0,,1470,307,1777,92.82813116499165,92.82813116499165,,,1777.0,0.0,1.0,1.0
1622b21b-de28-4a61-818f-52ddc4e133d1,math:Orz57K,1001,2026-04-23T04:13:18.820625Z,2026-04-23T04:14:11.459231Z,52.638606,1,True,True,False,0.0,0.0,0.01899746357264856,0.0,0.0,,620,592,1212,51.908259718009504,51.908259718009504,,,1212.0,0.0,1.0,1.0
66b8c138-98b7-496f-9e83-bd97c78028b2,math:Orz57K,1002,2026-04-23T04:13:19.360778Z,2026-04-23T04:14:54.573763Z,95.212985,1,True,True,True,1.0,1.0,0.010502769133852908,0.010502769133852908,0.0,,1362,195,1557,92.7589696149953,92.7589696149953,,,1557.0,0.0,1.0,1.0
d7b1ae76-c547-407f-bb15-57566caaa165,math:Orz57K,1003,2026-04-23T04:13:21.686385Z,2026-04-23T04:14:13.829114Z,52.142729,1,True,True,False,0.0,0.0,0.019178129322690418,0.0,0.0,,595,265,860,51.42054606298916,51.42054606298916,,,860.0,0.0,1.0,1.0
ad3e590c-3093-4913-9e9f-bea9886853dd,math:Orz57K,1004,2026-04-23T04:13:22.415223Z,2026-04-23T04:14:55.874732Z,93.459509,1,True,True,False,0.0,0.0,0.010699820817590643,0.0,0.0,,1470,354,1824,90.99730810899928,90.99730810899928,,,1824.0,0.0,1.0,1.0
6787a0f3-6938-42b6-82e1-e0d99f2041a3,math:Orz57K,1005,2026-04-23T04:13:24.741173Z,2026-04-23T04:14:17.610740Z,52.869567,1,True,True,True,1.0,1.0,0.018914473046469246,0.018914473046469246,0.0,,576,385,961,52.12032322800951,52.12032322800951,,,961.0,0.0,1.0,1.0
7c0491bf-2290-4d90-a21c-d415b1bb11c4,math:Orz57K,1002,2026-04-23T04:13:26.607057Z,2026-04-23T04:14:57.237225Z,90.630168,1,True,True,True,1.0,1.0,0.011033853539805863,0.011033853539805863,0.0,,1362,195,1557,88.13042938499711,88.13042938499711,,,1557.0,0.0,1.0,1.0
a2e7eca2-fbaa-490a-905e-3b76c1e9245f,math:Orz57K,1003,2026-04-23T04:13:27.111779Z,2026-04-23T04:14:19.954896Z,52.843117,1,True,True,False,0.0,0.0,0.018923940463239516,0.0,0.0,,595,265,860,52.08952392799256,52.08952392799256,,,860.0,0.0,1.0,1.0
df37b235-7bf3-4133-9e61-afdc7d76d645,math:Orz57K,1004,2026-04-23T04:13:29.521487Z,2026-04-23T04:14:59.143920Z,89.622433,1,True,True,False,0.0,0.0,0.011157920696038234,0.0,0.0,,1470,307,1777,87.16023413800576,87.16023413800576,,,1777.0,0.0,1.0,1.0
4a35a13d-5bbc-4672-be04-7a6deae4c50a,math:Orz57K,1005,2026-04-23T04:13:30.701455Z,2026-04-23T04:14:23.668798Z,52.967343,1,True,True,True,1.0,1.0,0.018879557541710182,0.018879557541710182,0.0,,576,385,961,52.22267450299114,52.22267450299114,,,961.0,0.0,1.0,1.0
2c4346b6-3470-490d-a806-6eec63dd5762,math:Orz57K,1006,2026-04-23T04:13:32.589963Z,2026-04-23T04:14:26.677289Z,54.087326,1,True,True,True,1.0,1.0,0.018488619681438865,0.018488619681438865,0.0,,699,530,1229,53.32323184200504,53.32323184200504,,,1229.0,0.0,1.0,1.0
e22eb7f5-7baa-4fd9-b67c-850dfe200ba7,math:Orz57K,1003,2026-04-23T04:13:33.083325Z,2026-04-23T04:14:28.151947Z,55.068622,1,True,True,False,0.0,0.0,0.018159161491275378,0.0,0.0,,595,265,860,54.323390635996475,54.323390635996475,,,860.0,0.0,1.0,1.0
221cfe05-5eab-4765-b274-95252bb5f274,math:Orz57K,1004,2026-04-23T04:13:36.467568Z,2026-04-23T04:14:30.585700Z,54.118132,1,True,True,False,0.0,0.0,0.01847809528976351,0.0,0.0,,577,324,901,53.38479460100643,53.38479460100643,,,901.0,0.0,1.0,1.0
78ba70cc-a0ac-4ee2-86a7-d23b317ba980,math:Orz57K,1005,2026-04-23T04:13:37.636120Z,2026-04-23T04:14:32.504687Z,54.868567,1,True,True,True,1.0,1.0,0.01822537118565535,0.01822537118565535,0.0,,576,343,919,54.14458599699719,54.14458599699719,,,919.0,0.0,1.0,1.0
9f21274a-1560-42b2-8173-2d65252f9917,math:Orz57K,1006,2026-04-23T04:13:41.282163Z,2026-04-23T04:14:34.445410Z,53.163247,1,True,True,False,0.0,0.0,0.018809987283131897,0.0,0.0,,699,345,1044,52.43082007300109,52.43082007300109,,,1044.0,0.0,1.0,1.0
2ea42ad2-1b96-4666-91b8-89ef7a9a4d9a,math:Orz57K,1007,2026-04-23T04:13:41.792498Z,2026-04-23T04:15:12.978436Z,91.185938,1,True,True,True,1.0,1.0,0.010966603205858343,0.010966603205858343,0.0,,1307,203,1510,88.69993084599264,88.69993084599264,,,1510.0,0.0,1.0,1.0
b7a621e3-a60f-4bb5-b091-a30527003e02,math:Orz57K,1004,2026-04-23T04:13:44.199021Z,2026-04-23T04:15:13.446915Z,89.247894,1,True,True,False,0.0,0.0,0.01120474618706409,0.0,0.0,,1469,353,1822,86.75905088601576,86.75905088601576,,,1822.0,0.0,1.0,1.0
a64e225d-19f5-49d7-af68-8d5b78565df0,math:Orz57K,1005,2026-04-23T04:13:45.362043Z,2026-04-23T04:14:38.783894Z,53.421851,1,True,True,True,1.0,1.0,0.018718932071447696,0.018718932071447696,0.0,,576,343,919,52.712858839004184,52.712858839004184,,,919.0,0.0,1.0,1.0
4639708c-4f67-47fc-9fb8-9230ff7c90f5,math:Orz57K,1006,2026-04-23T04:13:49.012118Z,2026-04-23T04:14:40.727895Z,51.715777,1,True,True,False,0.0,0.0,0.01933645896879786,0.0,0.0,,699,345,1044,51.00288535299478,51.00288535299478,,,1044.0,0.0,1.0,1.0
0a787036-65fb-41ec-88af-301163999767,math:Orz57K,1007,2026-04-23T04:13:52.215045Z,2026-04-23T04:15:21.525131Z,89.310086,1,True,True,True,1.0,1.0,0.011196943646432051,0.011196943646432051,0.0,,1307,203,1510,86.75796314999752,86.75796314999752,,,1510.0,0.0,1.0,1.0
d2fd0f66-3db5-4d28-a832-731df54dd021,math:Orz57K,1008,2026-04-23T04:13:53.374748Z,2026-04-23T04:14:42.913639Z,49.538891,1,True,True,False,0.0,0.0,0.020186160404761583,0.0,0.0,,580,191,771,48.811660078994464,48.811660078994464,,,771.0,0.0,1.0,1.0
8b8d8a17-9004-457e-bc69-c58b5312df51,math:Orz57K,1005,2026-04-23T04:13:57.072565Z,2026-04-23T04:14:44.863481Z,47.790916,1,True,True,True,1.0,1.0,0.02092447861848892,0.02092447861848892,0.0,,576,343,919,47.0626895930036,47.0626895930036,,,919.0,0.0,1.0,1.0
fdafd6b3-f911-4b15-a0f8-8343d4f90a25,math:Orz57K,1006,2026-04-23T04:14:00.176864Z,2026-04-23T04:14:47.790683Z,47.613819,1,True,True,False,0.0,0.0,0.021002306074209255,0.0,0.0,,699,345,1044,46.85024285899999,46.85024285899999,,,1044.0,0.0,1.0,1.0
309d1430-30ab-4fb3-8d8a-989077ce409c,math:Orz57K,1007,2026-04-23T04:14:00.848049Z,2026-04-23T04:15:38.882397Z,98.034348,1,True,True,True,1.0,1.0,0.010200506459225904,0.010200506459225904,0.0,,1307,203,1510,95.54722753098758,95.54722753098758,,,1510.0,0.0,1.0,1.0
0b90474c-38ca-40ce-8ecc-43b0267a913f,math:Orz57K,1008,2026-04-23T04:14:05.249745Z,2026-04-23T04:14:50.169077Z,44.919332,1,True,True,False,0.0,0.0,0.022262129810835123,0.0,0.0,,580,191,771,44.2054168379982,44.2054168379982,,,771.0,0.0,1.0,1.0
10093ff4-d5c2-4c77-bd08-d79fd9d81fa4,math:Orz57K,1009,2026-04-23T04:14:06.637102Z,2026-04-23T04:14:52.147851Z,45.510749,1,True,True,True,1.0,1.0,0.02197283107777462,0.02197283107777462,0.0,,951,306,1257,44.795549740010756,44.795549740010756,,,1257.0,0.0,1.0,1.0
9eb26622-0029-4a88-a8be-745ff2acb693,math:Orz57K,1006,2026-04-23T04:14:11.483969Z,2026-04-23T04:14:54.293957Z,42.809988,1,True,True,False,0.0,0.0,0.023359034812156454,0.0,0.0,,699,345,1044,42.08181501700892,42.08181501700892,,,1044.0,0.0,1.0,1.0
e5000dcc-9820-42e4-9aef-b5c409379803,math:Orz57K,1007,2026-04-23T04:14:13.854332Z,2026-04-23T04:16:01.794047Z,107.939715,1,True,True,True,1.0,1.0,0.009264430612958353,0.009264430612958353,0.0,,1307,203,1510,105.42400659498526,105.42400659498526,,,1510.0,0.0,1.0,1.0
f513c0a3-7971-4311-ad39-8aea59cd4572,math:Orz57K,1008,2026-04-23T04:14:17.634657Z,2026-04-23T04:14:56.947098Z,39.312441,1,True,True,False,0.0,0.0,0.02543724008387065,0.0,0.0,,580,191,771,38.58938032601145,38.58938032601145,,,771.0,0.0,1.0,1.0
0bc122c4-9099-488e-afdb-af0222cfc72c,math:Orz57K,1009,2026-04-23T04:14:19.980210Z,2026-04-23T04:14:58.985128Z,39.004918,1,True,True,True,1.0,1.0,0.02563779264963459,0.02563779264963459,0.0,,951,306,1257,38.25251790499897,38.25251790499897,,,1257.0,0.0,1.0,1.0
8f63c91c-21dd-48c3-893e-71f4c0bd5076,math:Orz57K,1010,2026-04-23T04:14:23.691649Z,2026-04-23T04:15:01.772659Z,38.08101,1,True,True,True,1.0,1.0,0.026259807709932064,0.026259807709932064,0.0,,633,467,1100,37.348102973992354,37.348102973992354,,,1100.0,0.0,1.0,1.0
e94b90c1-229a-4882-8528-b94a1f875dee,math:Orz57K,1007,2026-04-23T04:14:26.702228Z,2026-04-23T04:16:19.510408Z,112.80818,1,True,True,True,1.0,1.0,0.008864605385886024,0.008864605385886024,0.0,,1307,203,1510,110.23620380800276,110.23620380800276,,,1510.0,0.0,1.0,1.0
3ead4ef5-0c7e-41d0-9cb0-ef47bd8773dc,math:Orz57K,1008,2026-04-23T04:14:28.177685Z,2026-04-23T04:15:03.680316Z,35.502631,1,True,True,False,0.0,0.0,0.02816692655820353,0.0,0.0,,580,191,771,34.76711671400699,34.76711671400699,,,771.0,0.0,1.0,1.0
05a1c4b5-1568-493f-a92e-c4623f56f193,math:Orz57K,1009,2026-04-23T04:14:28.794766Z,2026-04-23T04:15:05.436737Z,36.641971,1,True,True,True,1.0,1.0,0.027291108330389762,0.027291108330389762,0.0,,951,306,1257,35.92587213299703,35.92587213299703,,,1257.0,0.0,1.0,1.0
af066f23-fb2f-471f-9932-d3f930b41cd1,math:Orz57K,1010,2026-04-23T04:14:30.610313Z,2026-04-23T04:15:08.062390Z,37.452077,1,True,True,True,1.0,1.0,0.026700788850775883,0.026700788850775883,0.0,,633,467,1100,36.73317257600138,36.73317257600138,,,1100.0,0.0,1.0,1.0
4e581c73-5fb7-4283-8c4a-d5097473ee2d,math:Orz57K,1011,2026-04-23T04:14:32.529987Z,2026-04-23T04:15:11.552604Z,39.022617,1,True,True,True,1.0,1.0,0.025626164436895662,0.025626164436895662,0.0,,671,620,1291,38.28708619999816,38.28708619999816,,,1291.0,0.0,1.0,1.0
c902bef4-361a-4bf7-adb0-4a46929ab9b9,math:Orz57K,1008,2026-04-23T04:14:34.476900Z,2026-04-23T04:15:12.589004Z,38.112104,1,True,True,False,0.0,0.0,0.026238383480481686,0.0,0.0,,580,191,771,37.412657419001334,37.412657419001334,,,771.0,0.0,1.0,1.0
e65ad7f4-19d8-47f2-a668-02b4f4d90192,math:Orz57K,1009,2026-04-23T04:14:38.808890Z,2026-04-23T04:15:15.158695Z,36.349805,1,True,True,True,1.0,1.0,0.02751046394884374,0.02751046394884374,0.0,,951,306,1257,35.608386469000834,35.608386469000834,,,1257.0,0.0,1.0,1.0
8116abc6-f6ee-4587-9922-60c835a06337,math:Orz57K,1010,2026-04-23T04:14:40.754789Z,2026-04-23T04:15:17.753999Z,36.99921,1,True,True,True,1.0,1.0,0.027027604102898416,0.027027604102898416,0.0,,633,467,1100,36.273444418999134,36.273444418999134,,,1100.0,0.0,1.0,1.0
a1979ac5-e160-4ec7-9e70-5e3e1aa5f0f1,math:Orz57K,1011,2026-04-23T04:14:41.037492Z,2026-04-23T04:15:21.157191Z,40.119699,1,True,True,True,1.0,1.0,0.024925411329731063,0.024925411329731063,0.0,,671,620,1291,39.40920624199498,39.40920624199498,,,1291.0,0.0,1.0,1.0
c0bbfee0-a59e-4692-9159-22313a654f7d,math:Orz57K,1012,2026-04-23T04:14:42.938302Z,2026-04-23T04:15:25.848882Z,42.91058,1,True,True,False,0.0,0.0,0.023304276008387675,0.0,0.0,,590,773,1363,42.19882977500674,42.19882977500674,,,1363.0,0.0,1.0,1.0
eb66cf61-ace5-4095-9116-5d6ea97c3dd9,math:Orz57K,1009,2026-04-23T04:14:44.886562Z,2026-04-23T04:15:27.632956Z,42.746394,1,True,True,True,1.0,1.0,0.023393786151879852,0.023393786151879852,0.0,,951,306,1257,42.02037515300617,42.02037515300617,,,1257.0,0.0,1.0,1.0
f1289586-26ba-4c9a-8c28-f12b327abe54,math:Orz57K,1010,2026-04-23T04:14:45.177238Z,2026-04-23T04:15:30.269307Z,45.092069,1,True,True,True,1.0,1.0,0.022176848882228047,0.022176848882228047,0.0,,633,467,1100,44.36487745800696,44.36487745800696,,,1100.0,0.0,1.0,1.0
e4df3322-39f7-4ec8-b891-67dc081e377e,math:Orz57K,1011,2026-04-23T04:14:47.815802Z,2026-04-23T04:15:34.234529Z,46.418727,1,True,True,True,1.0,1.0,0.021543029389840873,0.021543029389840873,0.0,,671,620,1291,45.66299539199099,45.66299539199099,,,1291.0,0.0,1.0,1.0
4cc4f559-91b3-4e43-9a63-cb455fe02960,math:Orz57K,1012,2026-04-23T04:14:49.154129Z,2026-04-23T04:15:38.548705Z,49.394576,1,True,True,False,0.0,0.0,0.02024513784671418,0.0,0.0,,590,773,1363,48.67141826900479,48.67141826900479,,,1363.0,0.0,1.0,1.0
32e74cf8-f0d3-413a-b53d-282e1d8a7b0e,math:Orz57K,1013,2026-04-23T04:14:50.193610Z,2026-04-23T04:15:42.560304Z,52.366694,1,True,True,True,1.0,1.0,0.019096107155437386,0.019096107155437386,0.0,,601,656,1257,51.64877232600702,51.64877232600702,,,1257.0,0.0,1.0,1.0
39a3ee6e-cc29-424c-9419-ea12cca83c87,math:Orz57K,1010,2026-04-23T04:14:50.468808Z,2026-04-23T04:15:45.191881Z,54.723073,1,True,True,True,1.0,1.0,0.01827382756812652,0.01827382756812652,0.0,,633,467,1100,53.98429112699523,53.98429112699523,,,1100.0,0.0,1.0,1.0
53bf18f5-7b66-4fe4-984f-187f399b04e5,math:Orz57K,1011,2026-04-23T04:14:52.174065Z,2026-04-23T04:15:48.689837Z,56.515772,1,True,True,True,1.0,1.0,0.017694175707269822,0.017694175707269822,0.0,,671,620,1291,55.76192513399292,55.76192513399292,,,1291.0,0.0,1.0,1.0
f9cc5bcc-50c8-4fdd-a0b3-fdfacbef2e9d,math:Orz57K,1012,2026-04-23T04:14:52.365374Z,2026-04-23T04:15:52.959863Z,60.594489,1,True,True,False,0.0,0.0,0.01650315097136969,0.0,0.0,,590,773,1363,59.8526027110056,59.8526027110056,,,1363.0,0.0,1.0,1.0
4a5bc39b-b7e3-43af-aeb9-5fe585d3a75a,math:Orz57K,1013,2026-04-23T04:14:54.319115Z,2026-04-23T04:15:56.623819Z,62.304704,1,True,True,True,1.0,1.0,0.01605015248928877,0.01605015248928877,0.0,,601,656,1257,61.58039971899416,61.58039971899416,,,1257.0,0.0,1.0,1.0
3f75fb00-5d72-47c8-9fa2-82b6540b9f70,math:Orz57K,1014,2026-04-23T04:14:54.598682Z,2026-04-23T04:15:57.962004Z,63.363322,1,True,True,False,0.0,0.0,0.015782000823757317,0.0,0.0,,588,235,823,62.628539384997566,62.628539384997566,,,823.0,0.0,1.0,1.0
57c370fe-7a56-4517-b0cf-041367d4fdab,math:Orz57K,1011,2026-04-23T04:14:55.899247Z,2026-04-23T04:16:01.431934Z,65.532687,1,True,True,True,1.0,1.0,0.015259560469418874,0.015259560469418874,0.0,,671,620,1291,64.8132796909922,64.8132796909922,,,1291.0,0.0,1.0,1.0
bd89196e-36ef-4fd8-9bac-fdbc54995601,math:Orz57K,1012,2026-04-23T04:14:56.973545Z,2026-04-23T04:16:06.110951Z,69.137406,1,True,True,False,0.0,0.0,0.014463950238457023,0.0,0.0,,590,773,1363,68.41493086999981,68.41493086999981,,,1363.0,0.0,1.0,1.0
ffb6fa08-81c3-4711-b5b0-fd558db922e4,math:Orz57K,1013,2026-04-23T04:14:57.261354Z,2026-04-23T04:16:09.773193Z,72.511839,1,True,True,True,1.0,1.0,0.013790851449788772,0.013790851449788772,0.0,,601,656,1257,71.78798551901127,71.78798551901127,,,1257.0,0.0,1.0,1.0
a153bbb4-ce23-4df4-bfcf-d929b109bbe0,math:Orz57K,1014,2026-04-23T04:14:59.010044Z,2026-04-23T04:16:11.065382Z,72.055338,1,True,True,False,0.0,0.0,0.01387822231851858,0.0,0.0,,588,235,823,71.35595314500097,71.35595314500097,,,823.0,0.0,1.0,1.0
b579e205-342d-459c-906f-8af3a994cc57,math:Orz57K,1015,2026-04-23T04:14:59.167662Z,2026-04-23T04:16:14.824980Z,75.657318,1,True,True,False,0.0,0.0,0.01321749206071513,0.0,0.0,,611,672,1283,74.95056531800947,74.95056531800947,,,1283.0,0.0,1.0,1.0
0602a5f6-6beb-4d6a-9b27-b7cf5a3e6cbf,math:Orz57K,1012,2026-04-23T04:15:01.798091Z,2026-04-23T04:16:19.151028Z,77.352937,1,True,True,False,0.0,0.0,0.012927757351992983,0.0,0.0,,590,773,1363,76.63638310699025,76.63638310699025,,,1363.0,0.0,1.0,1.0
8d892a4f-a3a9-4e5d-bd6d-91abadac9347,math:Orz57K,1013,2026-04-23T04:15:03.703401Z,2026-04-23T04:16:23.106287Z,79.402886,1,True,True,True,1.0,1.0,0.012594000676499342,0.012594000676499342,0.0,,601,656,1257,78.69093635700119,78.69093635700119,,,1257.0,0.0,1.0,1.0
3e82ca3d-9415-499e-8e08-0c689863c4d6,math:Orz57K,1014,2026-04-23T04:15:05.461886Z,2026-04-23T04:16:24.445297Z,78.983411,1,True,True,False,0.0,0.0,0.012660886473996418,0.0,0.0,,588,235,823,78.248660311001,78.248660311001,,,823.0,0.0,1.0,1.0
7c0a386a-753d-425b-b4c2-976e5b3d2e06,math:Orz57K,1015,2026-04-23T04:15:08.087147Z,2026-04-23T04:16:28.247918Z,80.160771,1,True,True,False,0.0,0.0,0.01247492991303689,0.0,0.0,,611,672,1283,79.43688530899817,79.43688530899817,,,1283.0,0.0,1.0,1.0
9e357d57-96ea-4135-811d-ab903e96df8e,math:Orz57K,1016,2026-04-23T04:15:11.577127Z,2026-04-23T04:16:29.111430Z,77.534303,1,True,True,False,0.0,0.0,0.01289751711574682,0.0,0.0,,595,147,742,76.78004219400464,76.78004219400464,,,742.0,0.0,1.0,1.0
fc104512-811c-41ea-a20b-a617972add6c,math:Orz57K,1013,2026-04-23T04:15:12.613917Z,2026-04-23T04:16:32.762969Z,80.149052,1,True,True,True,1.0,1.0,0.01247675393590432,0.01247675393590432,0.0,,601,656,1257,79.41470870100602,79.41470870100602,,,1257.0,0.0,1.0,1.0
cad9a2cd-036a-4353-9885-76f6f4086277,math:Orz57K,1014,2026-04-23T04:15:13.003440Z,2026-04-23T04:16:34.103416Z,81.099976,1,True,True,False,0.0,0.0,0.012330459875845093,0.0,0.0,,588,235,823,80.3416653489985,80.3416653489985,,,823.0,0.0,1.0,1.0
d7de2a61-c3dc-40f8-8141-b773c690fa14,math:Orz57K,1015,2026-04-23T04:15:13.471920Z,2026-04-23T04:16:37.849194Z,84.377274,1,True,True,False,0.0,0.0,0.011851532439884228,0.0,0.0,,611,672,1283,83.63284880800347,83.63284880800347,,,1283.0,0.0,1.0,1.0
ee3f68e2-a470-42ff-9b1b-0907361d700a,math:Orz57K,1016,2026-04-23T04:15:15.183001Z,2026-04-23T04:16:38.638406Z,83.455405,1,True,True,False,0.0,0.0,0.01198244739211319,0.0,0.0,,595,147,742,82.75197501100774,82.75197501100774,,,742.0,0.0,1.0,1.0
5bced425-bead-4aa5-bfa7-ff2a4eb62d0f,math:Orz57K,1017,2026-04-23T04:15:17.778195Z,2026-04-23T04:16:43.209917Z,85.431722,1,True,True,False,0.0,0.0,0.011705253933661786,0.0,0.0,,947,788,1735,84.59231829700002,84.59231829700002,,,1735.0,0.0,1.0,1.0
c6e1ae8c-aedb-4bd7-a339-d05ed29dd93c,math:Orz57K,1014,2026-04-23T04:15:21.183159Z,2026-04-23T04:16:44.415618Z,83.232459,1,True,True,False,0.0,0.0,0.012014543508801054,0.0,0.0,,588,235,823,82.50346589701076,82.50346589701076,,,823.0,0.0,1.0,1.0
fa9dd9c5-2bd1-4fef-9cbd-4783371b5edc,math:Orz57K,1015,2026-04-23T04:15:21.550116Z,2026-04-23T04:16:48.181687Z,86.631571,1,True,True,False,0.0,0.0,0.011543135931356942,0.0,0.0,,611,672,1283,85.89646131399786,85.89646131399786,,,1283.0,0.0,1.0,1.0
40d2760e-3599-46f2-9a1c-38e42bb5511a,math:Orz57K,1016,2026-04-23T04:15:25.876860Z,2026-04-23T04:16:49.000215Z,83.123355,1,True,True,False,0.0,0.0,0.012030313261537626,0.0,0.0,,595,147,742,82.39768117999483,82.39768117999483,,,742.0,0.0,1.0,1.0
8e484c5a-ce9f-4a84-880d-5a2da2ec4148,math:Orz57K,1017,2026-04-23T04:15:27.656828Z,2026-04-23T04:16:53.499833Z,85.843005,1,True,True,False,0.0,0.0,0.011649172812624627,0.0,0.0,,947,788,1735,85.03338423698733,85.03338423698733,,,1735.0,0.0,1.0,1.0
3344039d-108e-4cbb-9d95-00ee1b2d2ea0,math:Orz57K,1018,2026-04-23T04:15:30.295292Z,2026-04-23T04:16:54.454564Z,84.159272,1,True,True,False,0.0,0.0,0.011882232061132848,0.0,0.0,,593,184,777,83.43113495899888,83.43113495899888,,,777.0,0.0,1.0,1.0
47842661-e37b-4f37-b204-f85d675a5e25,math:Orz57K,1015,2026-04-23T04:15:30.709908Z,2026-04-23T04:16:58.227769Z,87.517861,1,True,True,False,0.0,0.0,0.01142623903936592,0.0,0.0,,611,672,1283,86.76715375800268,86.76715375800268,,,1283.0,0.0,1.0,1.0
7455f04d-8597-4872-a0b0-b9cfadcb5c80,math:Orz57K,1016,2026-04-23T04:15:34.260626Z,2026-04-23T04:16:59.025801Z,84.765175,1,True,True,False,0.0,0.0,0.011797297652013341,0.0,0.0,,595,147,742,84.05065186299908,84.05065186299908,,,742.0,0.0,1.0,1.0
647f8719-7568-4c80-b9b5-bc637355eb33,math:Orz57K,1017,2026-04-23T04:15:38.573905Z,2026-04-23T04:17:03.674158Z,85.100253,1,True,True,False,0.0,0.0,0.011750846381150008,0.0,0.0,,947,788,1735,84.21541863000311,84.21541863000311,,,1735.0,0.0,1.0,1.0
7351d753-4ab1-4185-8f1d-4c5dad3676d2,math:Orz57K,1018,2026-04-23T04:15:38.906944Z,2026-04-23T04:17:04.541100Z,85.634156,1,True,True,False,0.0,0.0,0.011677583416598395,0.0,0.0,,593,184,777,84.93084612599341,84.93084612599341,,,777.0,0.0,1.0,1.0
a31a563a-f4e3-4d63-a665-168e08aa9faf,math:Orz57K,1019,2026-04-23T04:15:42.585795Z,2026-04-23T04:17:09.720125Z,87.13433,1,True,True,True,1.0,1.0,0.011476532843025246,0.011476532843025246,0.0,,626,925,1551,86.4117621339974,86.4117621339974,,,1551.0,0.0,1.0,1.0
57a4736a-1434-4ab5-b0b1-de62afca68d7,math:Orz57K,1016,2026-04-23T04:15:45.216497Z,2026-04-23T04:17:10.552784Z,85.336287,1,True,True,False,0.0,0.0,0.011718344389649856,0.0,0.0,,595,147,742,84.61411863900139,84.61411863900139,,,742.0,0.0,1.0,1.0
41f3ad67-1567-4389-9adc-72bf61ca046d,math:Orz57K,1017,2026-04-23T04:15:48.714081Z,2026-04-23T04:17:15.117636Z,86.403555,1,True,True,False,0.0,0.0,0.0115735978687451,0.0,0.0,,947,788,1735,85.59805153800698,85.59805153800698,,,1735.0,0.0,1.0,1.0
444dc6a3-ac44-439b-a1ba-c9f11e492d8c,math:Orz57K,1018,2026-04-23T04:15:52.985710Z,2026-04-23T04:17:16.049056Z,83.063346,1,True,True,False,0.0,0.0,0.01203900454479645,0.0,0.0,,593,184,777,82.36228277398914,82.36228277398914,,,777.0,0.0,1.0,1.0
e856590c-9205-4c83-942d-f4185e8fafa0,math:Orz57K,1019,2026-04-23T04:15:56.649339Z,2026-04-23T04:17:21.251432Z,84.602093,1,True,True,True,1.0,1.0,0.011820038542072477,0.011820038542072477,0.0,,626,925,1551,83.87382416600303,83.87382416600303,,,1551.0,0.0,1.0,1.0
a6499c7c-7c0c-44ee-ac5c-665e6b519b36,math:Orz57K,1020,2026-04-23T04:15:57.988111Z,2026-04-23T04:17:23.912769Z,85.924658,1,True,True,False,0.0,0.0,0.0116381027667285,0.0,0.0,,582,480,1062,85.17831361400022,85.17831361400022,,,1062.0,0.0,1.0,1.0
80b828ee-9a6c-4a91-8ec6-e8ade20d4268,math:Orz57K,1017,2026-04-23T04:16:01.457385Z,2026-04-23T04:17:28.549420Z,87.092035,1,True,True,False,0.0,0.0,0.011482106256903976,0.0,0.0,,947,788,1735,86.2331225270027,86.2331225270027,,,1735.0,0.0,1.0,1.0
cc56e1dc-3d70-4e76-9752-1324475b8f47,math:Orz57K,1018,2026-04-23T04:16:01.818149Z,2026-04-23T04:17:29.475046Z,87.656897,1,True,True,False,0.0,0.0,0.011408115438993921,0.0,0.0,,593,184,777,86.9220711740054,86.9220711740054,,,777.0,0.0,1.0,1.0
207bd24d-278e-4d69-b78e-93c0f969d76d,math:Orz57K,1019,2026-04-23T04:16:06.134332Z,2026-04-23T04:17:34.707641Z,88.573309,1,True,True,True,1.0,1.0,0.011290082884901591,0.011290082884901591,0.0,,626,925,1551,87.84070736799913,87.84070736799913,,,1551.0,0.0,1.0,1.0
94021838-d06c-490f-8ff7-b55f536001e5,math:Orz57K,1020,2026-04-23T04:16:09.797615Z,2026-04-23T04:17:37.413232Z,87.615617,1,True,True,False,0.0,0.0,0.011413490359829343,0.0,0.0,,582,480,1062,86.87419355098973,86.87419355098973,,,1062.0,0.0,1.0,1.0
0cb37dfe-6cd5-4c3e-b501-7d07438e9fe7,math:Orz57K,1021,2026-04-23T04:16:11.088371Z,2026-04-23T04:17:41.048408Z,89.960037,1,True,True,True,1.0,1.0,0.011116047006516905,0.011116047006516905,0.0,,615,650,1265,89.23049597500358,89.23049597500358,,,1265.0,0.0,1.0,1.0
7aa62e8f-350a-4899-a79a-ddf71d526940,math:Orz57K,1018,2026-04-23T04:16:14.849437Z,2026-04-23T04:17:42.091728Z,87.242291,1,True,True,False,0.0,0.0,0.011462330809263137,0.0,0.0,,593,184,777,86.51755153499835,86.51755153499835,,,777.0,0.0,1.0,1.0
f8a9d871-5139-4f5d-a6a7-59c88f6bb6ee,math:Orz57K,1019,2026-04-23T04:16:19.176657Z,2026-04-23T04:17:47.264263Z,88.087606,1,True,True,True,1.0,1.0,0.011352334856279327,0.011352334856279327,0.0,,626,925,1551,87.36535506299697,87.36535506299697,,,1551.0,0.0,1.0,1.0
5920499d-c7a9-4604-b29d-d371513b01f2,math:Orz57K,1020,2026-04-23T04:16:19.534650Z,2026-04-23T04:17:49.943824Z,90.409174,1,True,True,False,0.0,0.0,0.011060824424742561,0.0,0.0,,582,480,1062,89.69452000499587,89.69452000499587,,,1062.0,0.0,1.0,1.0
77b8f823-bd58-4028-87dc-d025128c6ab1,math:Orz57K,1021,2026-04-23T04:16:23.130835Z,2026-04-23T04:17:53.561673Z,90.430838,1,True,True,True,1.0,1.0,0.011058174646131224,0.011058174646131224,0.0,,615,650,1265,89.6992697550013,89.6992697550013,,,1265.0,0.0,1.0,1.0
86a3e4ea-2b28-4074-bea5-a224c43f9415,math:Orz57K,1022,2026-04-23T04:16:24.469710Z,2026-04-23T04:19:23.353009Z,178.883299,1,True,True,True,1.0,1.0,0.005590236794548383,0.005590236794548383,0.0,,1287,192,1479,176.4592527210043,176.4592527210043,,,1479.0,0.0,1.0,1.0
3405ea6e-7e55-44bf-a651-17a18594ba31,math:Orz57K,1019,2026-04-23T04:16:28.270846Z,2026-04-23T04:17:59.596432Z,91.325586,1,True,True,True,1.0,1.0,0.010949833927153776,0.010949833927153776,0.0,,626,925,1551,90.57654370799719,90.57654370799719,,,1551.0,0.0,1.0,1.0
a0d935d8-4b42-4524-9d2a-28b54497dc15,math:Orz57K,1020,2026-04-23T04:16:29.135922Z,2026-04-23T04:18:02.258699Z,93.122777,1,True,True,False,0.0,0.0,0.010738511374075539,0.0,0.0,,582,480,1062,92.39594128199678,92.39594128199678,,,1062.0,0.0,1.0,1.0
f51d5ed9-0847-4ca9-8986-5053a55feeb5,math:Orz57K,1021,2026-04-23T04:16:32.787422Z,2026-04-23T04:18:05.927773Z,93.140351,1,True,True,True,1.0,1.0,0.010736485199631683,0.010736485199631683,0.0,,615,650,1265,92.38868074900529,92.38868074900529,,,1265.0,0.0,1.0,1.0
9a3fe1f8-b04e-4020-bd7c-cc3a9bb5ba80,math:Orz57K,1022,2026-04-23T04:16:34.129821Z,2026-04-23T04:19:29.493970Z,175.364149,1,True,True,True,1.0,1.0,0.005702419825844791,0.005702419825844791,0.0,,1287,192,1479,172.87611660499533,172.87611660499533,,,1479.0,0.0,1.0,1.0
d53b7b8f-4fd5-4001-924d-5cd872795d91,math:Orz57K,1023,2026-04-23T04:16:37.874503Z,2026-04-23T04:18:08.982926Z,91.108423,1,True,True,False,0.0,0.0,0.010975933586294211,0.0,0.0,,573,411,984,90.38474453600065,90.38474453600065,,,984.0,0.0,1.0,1.0
6149022f-d98c-4495-8263-84b1d847340b,math:Orz57K,1020,2026-04-23T04:16:38.664593Z,2026-04-23T04:18:11.522404Z,92.857811,1,True,True,True,1.0,1.0,0.010769153281030931,0.010769153281030931,0.0,,582,451,1033,92.11252266699739,92.11252266699739,,,1033.0,0.0,1.0,1.0
3c745d65-00a1-4885-a9a1-63818cb422ef,math:Orz57K,1021,2026-04-23T04:16:43.235897Z,2026-04-23T04:18:15.152449Z,91.916552,1,True,True,True,1.0,1.0,0.010879433336446302,0.010879433336446302,0.0,,615,650,1265,91.16869632901216,91.16869632901216,,,1265.0,0.0,1.0,1.0
83109929-bfd7-41a3-ac7b-0889f29a12d6,math:Orz57K,1022,2026-04-23T04:16:44.440273Z,2026-04-23T04:19:35.650137Z,171.209864,1,True,True,True,1.0,1.0,0.005840784967856758,0.005840784967856758,0.0,,1287,192,1479,168.74669482199533,168.74669482199533,,,1479.0,0.0,1.0,1.0
a335e778-0a95-40ef-91e8-586b7c1f5997,math:Orz57K,1023,2026-04-23T04:16:48.206489Z,2026-04-23T04:18:18.191808Z,89.985319,1,True,True,False,0.0,0.0,0.011112923875949142,0.0,0.0,,573,411,984,89.2803190239938,89.2803190239938,,,984.0,0.0,1.0,1.0
d49b6311-3894-44cf-963d-066b1883e029,math:Orz57K,1024,2026-04-23T04:16:49.024365Z,2026-04-23T04:18:22.242664Z,93.218299,1,True,True,False,0.0,0.0,0.0107275074821951,0.0,0.0,,647,728,1375,92.49699959399004,92.49699959399004,,,1375.0,0.0,1.0,1.0
831d7900-8374-4629-b2bc-bf7f815f2f03,math:Orz57K,1021,2026-04-23T04:16:53.530997Z,2026-04-23T04:18:25.894006Z,92.363009,1,True,True,True,1.0,1.0,0.010826845192971137,0.010826845192971137,0.0,,615,650,1265,91.6427132730023,91.6427132730023,,,1265.0,0.0,1.0,1.0
5deadf4c-ed80-4604-aaac-22d3b6283f93,math:Orz57K,1022,2026-04-23T04:16:54.480772Z,2026-04-23T04:19:40.056994Z,165.576222,1,True,True,True,1.0,1.0,0.006039514538506622,0.006039514538506622,0.0,,1287,192,1479,163.0698028439947,163.0698028439947,,,1479.0,0.0,1.0,1.0
d72eb2b9-d700-4406-b54a-e6728b5c2f5a,math:Orz57K,1023,2026-04-23T04:16:58.254729Z,2026-04-23T04:18:28.997641Z,90.742912,1,True,True,False,0.0,0.0,0.011020144471449186,0.0,0.0,,573,411,984,90.00125498400303,90.00125498400303,,,984.0,0.0,1.0,1.0
e686e5da-5307-4d66-92c1-0d808ad4930b,math:Orz57K,1024,2026-04-23T04:16:59.050358Z,2026-04-23T04:18:33.079127Z,94.028769,1,True,True,False,0.0,0.0,0.0106350429834937,0.0,0.0,,647,728,1375,93.30729402600264,93.30729402600264,,,1375.0,0.0,1.0,1.0
08c1205a-a6e3-4d5c-99e1-04c10ea2b7ec,math:Orz57K,1025,2026-04-23T04:17:03.697364Z,2026-04-23T04:18:37.269322Z,93.571958,1,True,True,False,0.0,0.0,0.01068696243376675,0.0,0.0,,599,749,1348,92.8480735070043,92.8480735070043,,,1348.0,0.0,1.0,1.0
aa5e4532-8caa-4c62-84ff-7f850b5473ed,math:Orz57K,1022,2026-04-23T04:17:04.565650Z,2026-04-23T04:19:46.269464Z,161.703814,1,True,True,True,1.0,1.0,0.006184146033809691,0.006184146033809691,0.0,,1287,192,1479,159.28756159399927,159.28756159399927,,,1479.0,0.0,1.0,1.0
91ab0b8b-206c-4fa4-a13d-ce092abc2faa,math:Orz57K,1023,2026-04-23T04:17:09.743933Z,2026-04-23T04:18:40.347606Z,90.603673,1,True,True,False,0.0,0.0,0.011037080141331578,0.0,0.0,,573,411,984,89.88367977300368,89.88367977300368,,,984.0,0.0,1.0,1.0
5b20ba31-3481-4703-a86f-a95a05ac2db1,math:Orz57K,1024,2026-04-23T04:17:10.577722Z,2026-04-23T04:18:44.396775Z,93.819053,1,True,True,False,0.0,0.0,0.010658815752488997,0.0,0.0,,647,728,1375,93.11843122099526,93.11843122099526,,,1375.0,0.0,1.0,1.0
40144da0-8e48-4fd1-a638-6268f7877e3f,math:Orz57K,1025,2026-04-23T04:17:15.142724Z,2026-04-23T04:18:48.614236Z,93.471512,1,True,True,False,0.0,0.0,0.010698446816608679,0.0,0.0,,599,749,1348,92.73030275398924,92.73030275398924,,,1348.0,0.0,1.0,1.0
ba498d3b-f739-4c72-8e98-4aaf0c6044ea,math:Orz57K,1026,2026-04-23T04:17:16.073155Z,2026-04-23T04:18:50.210659Z,94.137504,1,True,True,False,0.0,0.0,0.010622758810346192,0.0,0.0,,588,290,878,93.43349882600887,93.43349882600887,,,878.0,0.0,1.0,1.0
41b9c0e9-5c8c-476b-9e7c-07fb028a36ef,math:Orz57K,1023,2026-04-23T04:17:21.274425Z,2026-04-23T04:18:52.500463Z,91.226038,1,True,True,False,0.0,0.0,0.01096178264367899,0.0,0.0,,573,411,984,90.49027013200975,90.49027013200975,,,984.0,0.0,1.0,1.0
3e4d608a-5983-4082-b03c-4f028240e32f,math:Orz57K,1024,2026-04-23T04:17:23.937538Z,2026-04-23T04:18:56.607097Z,92.669559,1,True,True,False,0.0,0.0,0.010791030094359248,0.0,0.0,,647,728,1375,91.94981627201196,91.94981627201196,,,1375.0,0.0,1.0,1.0
76c9e077-2726-4a51-86fa-5c8516ad53ae,math:Orz57K,1025,2026-04-23T04:17:28.575253Z,2026-04-23T04:19:00.827324Z,92.252071,1,True,True,False,0.0,0.0,0.01083986504758251,0.0,0.0,,599,749,1348,91.53908783799852,91.53908783799852,,,1348.0,0.0,1.0,1.0
3366df28-786f-4378-a0cb-8df0793c0546,math:Orz57K,1026,2026-04-23T04:17:29.500395Z,2026-04-23T04:19:02.491105Z,92.99071,1,True,True,False,0.0,0.0,0.01075376239196367,0.0,0.0,,588,290,878,92.24739654699806,92.24739654699806,,,878.0,0.0,1.0,1.0
65855516-3567-4da9-8932-8532ffcaac82,math:Orz57K,1027,2026-04-23T04:17:34.732593Z,2026-04-23T04:19:04.887759Z,90.155166,1,True,True,False,0.0,0.0,0.01109198778470443,0.0,0.0,,679,421,1100,89.40396318001149,89.40396318001149,,,1100.0,0.0,1.0,1.0
7a61b974-1d6f-4d7d-8453-0ab86bad03f1,math:Orz57K,1024,2026-04-23T04:17:37.437430Z,2026-04-23T04:19:08.947613Z,91.510183,1,True,True,False,0.0,0.0,0.010927745604005622,0.0,0.0,,647,728,1375,90.78423555000336,90.78423555000336,,,1375.0,0.0,1.0,1.0
4d5deeaa-66f1-42a6-96d2-5a5220c469ac,math:Orz57K,1025,2026-04-23T04:17:41.073493Z,2026-04-23T04:19:13.099166Z,92.025673,1,True,True,False,0.0,0.0,0.010866532864149769,0.0,0.0,,599,749,1348,91.32791031700617,91.32791031700617,,,1348.0,0.0,1.0,1.0
be0f09de-33ce-4d6f-984d-4a446f28022e,math:Orz57K,1026,2026-04-23T04:17:42.115609Z,2026-04-23T04:19:14.744457Z,92.628848,1,True,True,False,0.0,0.0,0.010795772824466088,0.0,0.0,,588,290,878,91.91656341899943,91.91656341899943,,,878.0,0.0,1.0,1.0
8a25a012-136a-4d65-9e56-9d78e0786f07,math:Orz57K,1027,2026-04-23T04:17:47.287508Z,2026-04-23T04:19:17.147284Z,89.859776,1,True,True,False,0.0,0.0,0.011128449730388823,0.0,0.0,,679,421,1100,89.11741138200159,89.11741138200159,,,1100.0,0.0,1.0,1.0
4af774ee-c654-400f-8386-d40550bea0c8,math:Orz57K,1028,2026-04-23T04:17:49.969068Z,2026-04-23T04:20:09.615972Z,139.646904,1,True,True,False,0.0,0.0,0.007160917795929081,0.0,0.0,,1528,355,1883,137.1532209940051,137.1532209940051,,,1883.0,0.0,1.0,1.0
94f09427-95c4-41e8-88b1-d2783c1e781f,math:Orz57K,1025,2026-04-23T04:17:53.585837Z,2026-04-23T04:19:23.033020Z,89.447183,1,True,True,False,0.0,0.0,0.011179781927844502,0.0,0.0,,599,749,1348,88.71745854300389,88.71745854300389,,,1348.0,0.0,1.0,1.0
33b0060f-9a02-435c-821b-6c3994e72389,math:Orz57K,1026,2026-04-23T04:17:59.620243Z,2026-04-23T04:19:24.993120Z,85.372877,1,True,True,False,0.0,0.0,0.01171332201912324,0.0,0.0,,588,290,878,84.65105391399993,84.65105391399993,,,878.0,0.0,1.0,1.0
44d8832f-63ab-40e1-a0a1-9eced967582d,math:Orz57K,1027,2026-04-23T04:18:02.283756Z,2026-04-23T04:19:27.411698Z,85.127942,1,True,True,False,0.0,0.0,0.01174702426143463,0.0,0.0,,679,421,1100,84.3707255860063,84.3707255860063,,,1100.0,0.0,1.0,1.0
70e11beb-0942-4393-a15b-b76ea15992c5,math:Orz57K,1028,2026-04-23T04:18:05.952715Z,2026-04-23T04:20:23.179044Z,137.226329,1,True,True,False,0.0,0.0,0.007287231300926224,0.0,0.0,,1528,355,1883,134.71060808902257,134.71060808902257,,,1883.0,0.0,1.0,1.0
ac12fad8-3e24-42c3-b99f-e4570b9ceb46,math:Orz57K,1029,2026-04-23T04:18:09.008733Z,2026-04-23T04:19:31.264323Z,82.25559,1,True,True,False,0.0,0.0,0.012157228463135454,0.0,0.0,,635,316,951,81.53079927900399,81.53079927900399,,,951.0,0.0,1.0,1.0
062e28ec-8d68-4ec1-aad5-b737fc26f76f,math:Orz57K,1026,2026-04-23T04:18:11.546753Z,2026-04-23T04:19:32.884732Z,81.337979,1,True,True,False,0.0,0.0,0.012294379726351449,0.0,0.0,,588,290,878,80.62913198499882,80.62913198499882,,,878.0,0.0,1.0,1.0
dfecedcb-1761-4281-89ad-2caca9e98751,math:Orz57K,1027,2026-04-23T04:18:15.177857Z,2026-04-23T04:19:35.321010Z,80.143153,1,True,True,False,0.0,0.0,0.01247767229722045,0.0,0.0,,679,421,1100,79.38887827099825,79.38887827099825,,,1100.0,0.0,1.0,1.0
0f3e6271-8458-4afc-b2eb-c8b9f6fbf570,math:Orz57K,1028,2026-04-23T04:18:18.218682Z,2026-04-23T04:20:30.469732Z,132.25105,1,True,True,False,0.0,0.0,0.007561376639353715,0.0,0.0,,1528,355,1883,129.76542110700393,129.76542110700393,,,1883.0,0.0,1.0,1.0
6946c76c-e196-43e2-94b3-525a835b8f34,math:Orz57K,1029,2026-04-23T04:18:22.269836Z,2026-04-23T04:19:39.169861Z,76.900025,1,True,True,False,0.0,0.0,0.013003896942816338,0.0,0.0,,635,316,951,76.16388281900436,76.16388281900436,,,951.0,0.0,1.0,1.0
b16235cc-6aab-4353-9b76-41da1b6bba64,math:Orz57K,1030,2026-04-23T04:18:25.918665Z,2026-04-23T04:19:39.706452Z,73.787787,1,True,True,False,0.0,0.0,0.01355237825468326,0.0,0.0,,584,93,677,73.04854298000282,73.04854298000282,,,677.0,0.0,1.0,1.0
f1201e9f-f3f2-4bad-b8f8-0ac0ad8a4340,math:Orz57K,1027,2026-04-23T04:18:29.022750Z,2026-04-23T04:19:42.429005Z,73.406255,1,True,True,False,0.0,0.0,0.013622817292613552,0.0,0.0,,679,421,1100,72.64616500301054,72.64616500301054,,,1100.0,0.0,1.0,1.0
63ccea8b-5015-438d-8500-93cc68e754ce,math:Orz57K,1028,2026-04-23T04:18:33.103340Z,2026-04-23T04:20:37.748727Z,124.645387,1,True,True,False,0.0,0.0,0.00802275979936586,0.0,0.0,,1528,355,1883,122.18378187100461,122.18378187100461,,,1883.0,0.0,1.0,1.0
30fc76b7-1fe0-4dad-a896-ccae5e23a0b1,math:Orz57K,1029,2026-04-23T04:18:37.293003Z,2026-04-23T04:19:45.936478Z,68.643475,1,True,True,False,0.0,0.0,0.014568027041171794,0.0,0.0,,635,316,951,67.9014000199968,67.9014000199968,,,951.0,0.0,1.0,1.0
692b4bf1-14ce-43e3-b978-de82bc643c73,math:Orz57K,1030,2026-04-23T04:18:40.372150Z,2026-04-23T04:19:46.824002Z,66.451852,1,True,True,False,0.0,0.0,0.015048489543978397,0.0,0.0,,584,93,677,65.69924131900189,65.69924131900189,,,677.0,0.0,1.0,1.0
34cf251a-e631-4ecd-91ea-763ceda58230,math:Orz57K,1031,2026-04-23T04:18:44.421515Z,2026-04-23T04:19:50.754558Z,66.333043,1,True,True,False,0.0,0.0,0.015075442867893155,0.0,0.0,,677,702,1379,65.5806433220132,65.5806433220132,,,1379.0,0.0,1.0,1.0
1b6ff49e-3935-4453-a91e-1f96a5dc5c84,math:Orz57K,1028,2026-04-23T04:18:48.638894Z,2026-04-23T04:20:47.324940Z,118.686046,1,True,True,False,0.0,0.0,0.00842559031750034,0.0,0.0,,1528,355,1883,116.23204843401618,116.23204843401618,,,1883.0,0.0,1.0,1.0
9b8cabf4-29f9-462b-9ef5-5140f8c49db6,math:Orz57K,1029,2026-04-23T04:18:50.233672Z,2026-04-23T04:19:54.228810Z,63.995138,1,True,True,False,0.0,0.0,0.015626187101901397,0.0,0.0,,635,316,951,63.24508578100358,63.24508578100358,,,951.0,0.0,1.0,1.0
c08c5e6a-f931-413c-9745-a23ad1016223,math:Orz57K,1030,2026-04-23T04:18:52.525087Z,2026-04-23T04:19:54.724091Z,62.199004,1,True,True,False,0.0,0.0,0.016077427863635887,0.0,0.0,,584,93,677,61.48678744700737,61.48678744700737,,,677.0,0.0,1.0,1.0
f5beac9b-90ec-4c70-94e7-ea0693d26a93,math:Orz57K,1031,2026-04-23T04:18:56.630993Z,2026-04-23T04:19:58.719812Z,62.088819,1,True,True,False,0.0,0.0,0.0161059594320839,0.0,0.0,,677,702,1379,61.33293949600193,61.33293949600193,,,1379.0,0.0,1.0,1.0
0652abf2-5860-4c34-950b-762549565090,math:Orz57K,1032,2026-04-23T04:19:00.850341Z,2026-04-23T04:19:59.959753Z,59.109412,1,True,True,True,1.0,1.0,0.016917779523843005,0.016917779523843005,0.0,,555,223,778,58.36843441300152,58.36843441300152,,,778.0,0.0,1.0,1.0
f00e1752-6494-453f-a647-b4f837bca60a,math:Orz57K,1029,2026-04-23T04:19:02.516562Z,2026-04-23T04:20:01.728501Z,59.211939,1,True,True,False,0.0,0.0,0.016888485952132052,0.0,0.0,,635,316,951,58.49813194500166,58.49813194500166,,,951.0,0.0,1.0,1.0
0d316bdc-c371-49d6-ab58-dbe69163247d,math:Orz57K,1030,2026-04-23T04:19:04.911982Z,2026-04-23T04:20:02.260865Z,57.348883,1,True,True,False,0.0,0.0,0.01743713125153632,0.0,0.0,,584,93,677,56.63331764699251,56.63331764699251,,,677.0,0.0,1.0,1.0
cb06e47d-c00f-492a-8fb7-05b7d040666f,math:Orz57K,1031,2026-04-23T04:19:08.972071Z,2026-04-23T04:20:06.251541Z,57.27947,1,True,True,False,0.0,0.0,0.017458262096349705,0.0,0.0,,677,702,1379,56.525077647995204,56.525077647995204,,,1379.0,0.0,1.0,1.0
ec9e3465-7886-4fa6-8e36-1592ce008ba6,math:Orz57K,1032,2026-04-23T04:19:13.122655Z,2026-04-23T04:20:07.466478Z,54.343823,1,True,True,True,1.0,1.0,0.018401355384953317,0.018401355384953317,0.0,,555,223,778,53.62302829200053,53.62302829200053,,,778.0,0.0,1.0,1.0
d2352595-b0d4-43c1-8b4c-1f94e8e00df6,math:Orz57K,1033,2026-04-23T04:19:14.770193Z,2026-04-23T04:24:30.507237Z,315.737044,1,True,True,True,1.0,1.0,0.0031671925071927887,0.0031671925071927887,0.0,,2461,406,2867,311.4937923249963,311.4937923249963,,,2867.0,0.0,1.0,1.0
c5490a5e-e076-4c9c-8707-a97be2d2c546,math:Orz57K,1030,2026-04-23T04:19:17.172295Z,2026-04-23T04:20:09.252500Z,52.080205,1,True,True,False,0.0,0.0,0.019201153298071694,0.0,0.0,,584,93,677,51.3571237839933,51.3571237839933,,,677.0,0.0,1.0,1.0
59fd4093-f045-455c-80a5-bad0156f849f,math:Orz57K,1031,2026-04-23T04:19:23.057719Z,2026-04-23T04:20:13.567988Z,50.510269,1,True,True,False,0.0,0.0,0.01979795435260897,0.0,0.0,,677,702,1379,49.75244938000105,49.75244938000105,,,1379.0,0.0,1.0,1.0
a0c96d99-c10e-4432-ba05-a0d4abd2177f,math:Orz57K,1032,2026-04-23T04:19:23.378803Z,2026-04-23T04:20:14.792468Z,51.413665,1,True,True,True,1.0,1.0,0.019450081996683178,0.019450081996683178,0.0,,555,223,778,50.67932168499101,50.67932168499101,,,778.0,0.0,1.0,1.0
7a191e6b-4ac3-42c1-b95f-625c10f4eab9,math:Orz57K,1033,2026-04-23T04:19:25.018339Z,2026-04-23T04:24:36.699502Z,311.681163,1,True,True,True,1.0,1.0,0.003208406919349181,0.003208406919349181,0.0,,2461,406,2867,307.46331150701735,307.46331150701735,,,2867.0,0.0,1.0,1.0
036667c1-8158-4965-96bc-0ce45a12f41f,math:Orz57K,1034,2026-04-23T04:19:27.436097Z,2026-04-23T04:20:19.057324Z,51.621227,1,True,True,False,0.0,0.0,0.019371875837046647,0.0,0.0,,558,522,1080,50.845345897003426,50.845345897003426,,,1080.0,0.0,1.0,1.0
54923402-c7d6-4348-a737-391aacfab626,math:Orz57K,1031,2026-04-23T04:19:29.518278Z,2026-04-23T04:20:22.958416Z,53.440138,1,True,True,False,0.0,0.0,0.018712526528281048,0.0,0.0,,677,702,1379,52.672910936991684,52.672910936991684,,,1379.0,0.0,1.0,1.0
edcb8a2f-e3b8-41e8-a1e3-fa1b85713ef7,math:Orz57K,1032,2026-04-23T04:19:31.288497Z,2026-04-23T04:20:24.429261Z,53.140764,1,True,True,True,1.0,1.0,0.01881794548531519,0.01881794548531519,0.0,,555,223,778,52.43320964000304,52.43320964000304,,,778.0,0.0,1.0,1.0
5598ceaf-64e7-4857-92f7-6dc17a745a79,math:Orz57K,1033,2026-04-23T04:19:32.909142Z,2026-04-23T04:24:45.906983Z,312.997841,1,True,True,True,1.0,1.0,0.0031949102166490663,0.0031949102166490663,0.0,,2461,406,2867,308.8625786530174,308.8625786530174,,,2867.0,0.0,1.0,1.0
84527b16-3a9c-4fae-9522-71b1298aa738,math:Orz57K,1034,2026-04-23T04:19:35.346220Z,2026-04-23T04:20:28.685916Z,53.339696,1,True,True,False,0.0,0.0,0.018747763391827352,0.0,0.0,,558,522,1080,52.586531265013036,52.586531265013036,,,1080.0,0.0,1.0,1.0
f72d1183-b0b5-4028-95d6-58e8674f440c,math:Orz57K,1035,2026-04-23T04:19:35.673459Z,2026-04-23T04:20:30.185415Z,54.511956,1,True,True,False,0.0,0.0,0.01834459948566146,0.0,0.0,,665,267,932,53.76411455498601,53.76411455498601,,,932.0,0.0,1.0,1.0
612e7830-d5e2-4e37-a01c-6501e0ac4b18,math:Orz57K,1032,2026-04-23T04:19:39.194447Z,2026-04-23T04:20:31.730647Z,52.5362,1,True,True,True,1.0,1.0,0.01903449431058965,0.01903449431058965,0.0,,555,223,778,51.79895036200469,51.79895036200469,,,778.0,0.0,1.0,1.0
aa4be4aa-2083-4086-87c3-e03a965a8f9d,math:Orz57K,1033,2026-04-23T04:19:39.729388Z,2026-04-23T04:24:54.592731Z,314.863343,1,True,True,True,1.0,1.0,0.0031759810159927063,0.0031759810159927063,0.0,,2461,406,2867,310.4814043239894,310.4814043239894,,,2867.0,0.0,1.0,1.0
e0cc796a-8d43-4bc6-a6d4-0512f9fbb696,math:Orz57K,1034,2026-04-23T04:19:40.082402Z,2026-04-23T04:20:35.961482Z,55.87908,1,True,True,False,0.0,0.0,0.017895784969974453,0.0,0.0,,558,522,1080,55.127297115002875,55.127297115002875,,,1080.0,0.0,1.0,1.0
be715c59-5f48-4cf9-928d-b0418e4e1041,math:Orz57K,1035,2026-04-23T04:19:42.452635Z,2026-04-23T04:20:37.453630Z,55.000995,1,True,True,False,0.0,0.0,0.0181814892621488,0.0,0.0,,665,267,932,54.26196787200752,54.26196787200752,,,932.0,0.0,1.0,1.0
c9146ef7-13d1-4889-a601-19ae3b6ce38b,math:Orz57K,1036,2026-04-23T04:19:45.962508Z,2026-04-23T04:20:41.278055Z,55.315547,1,True,True,False,0.0,0.0,0.018078100176791165,0.0,0.0,,602,633,1235,54.6051641380036,54.6051641380036,,,1235.0,0.0,1.0,1.0
e1e04982-fd37-475d-b561-f85b6ec2b0e3,math:Orz57K,1033,2026-04-23T04:19:46.294354Z,2026-04-23T04:25:04.578641Z,318.284287,1,True,True,True,1.0,1.0,0.0031418453277274098,0.0031418453277274098,0.0,,2461,406,2867,314.0275871700287,314.0275871700287,,,2867.0,0.0,1.0,1.0
8f3a9ce0-f8bd-4f6b-8cd3-60738dfe2939,math:Orz57K,1034,2026-04-23T04:19:46.849194Z,2026-04-23T04:20:45.531272Z,58.682078,1,True,True,False,0.0,0.0,0.017040977996723293,0.0,0.0,,558,522,1080,57.9337684570055,57.9337684570055,,,1080.0,0.0,1.0,1.0
e49815a5-23b4-4797-a6c9-12a6f334559e,math:Orz57K,1035,2026-04-23T04:19:50.779793Z,2026-04-23T04:20:47.008330Z,56.228537,1,True,True,False,0.0,0.0,0.017784563734958993,0.0,0.0,,665,267,932,55.51025932900666,55.51025932900666,,,932.0,0.0,1.0,1.0
60d1fca8-608f-4cca-bc13-1d9c4d583b47,math:Orz57K,1036,2026-04-23T04:19:54.255080Z,2026-04-23T04:20:50.837382Z,56.582302,1,True,True,False,0.0,0.0,0.017673370729950153,0.0,0.0,,602,633,1235,55.869784715992864,55.869784715992864,,,1235.0,0.0,1.0,1.0
b06ebe5c-8181-4253-962d-1f19a92ac0e9,math:Orz57K,1037,2026-04-23T04:19:54.747636Z,2026-04-23T04:20:58.978410Z,64.230774,1,True,True,True,1.0,1.0,0.015568861119437857,0.015568861119437857,0.0,,636,1447,2083,63.52123023799504,63.52123023799504,,,2083.0,0.0,1.0,1.0
4cab0dd0-7db2-444a-8058-2b974af92e6b,math:Orz57K,1034,2026-04-23T04:19:58.751290Z,2026-04-23T04:21:01.950078Z,63.198788,1,True,True,False,0.0,0.0,0.015823088252894975,0.0,0.0,,558,522,1080,62.43475799799489,62.43475799799489,,,1080.0,0.0,1.0,1.0
47f2e617-4a87-43dd-ade9-5afbcd1292ca,math:Orz57K,1035,2026-04-23T04:19:59.984435Z,2026-04-23T04:21:03.405807Z,63.421372,1,True,True,False,0.0,0.0,0.015767555454334857,0.0,0.0,,665,267,932,62.712736639005016,62.712736639005016,,,932.0,0.0,1.0,1.0
d36930ab-9b8e-4b9b-95de-d7bd248f60b5,math:Orz57K,1036,2026-04-23T04:20:01.754748Z,2026-04-23T04:21:06.969020Z,65.214272,1,True,True,False,0.0,0.0,0.015334066751523349,0.0,0.0,,602,633,1235,64.47957832999236,64.47957832999236,,,1235.0,0.0,1.0,1.0
fefed7e2-6e3b-4a49-bb4a-0e156b85a195,math:Orz57K,1037,2026-04-23T04:20:02.287459Z,2026-04-23T04:21:15.098060Z,72.810601,1,True,True,True,1.0,1.0,0.013734263778429736,0.013734263778429736,0.0,,636,1447,2083,72.05740863499523,72.05740863499523,,,2083.0,0.0,1.0,1.0
630706a1-f160-40e8-bd85-3babab27739e,math:Orz57K,1038,2026-04-23T04:20:06.276117Z,2026-04-23T04:25:28.379270Z,322.103153,1,True,True,False,0.0,0.0,0.003104595502050239,0.0,0.0,,3007,761,3768,317.7642601359985,317.7642601359985,,,3768.0,0.0,1.0,1.0
18e6ccfd-7259-4f90-a421-50b9a68827ab,math:Orz57K,1035,2026-04-23T04:20:07.491592Z,2026-04-23T04:21:18.195205Z,70.703613,1,True,True,False,0.0,0.0,0.014143548788659498,0.0,0.0,,665,267,932,69.98910547299602,69.98910547299602,,,932.0,0.0,1.0,1.0
4f20abd7-ad56-41d1-8bba-15c2a0c3a8d7,math:Orz57K,1036,2026-04-23T04:20:09.278676Z,2026-04-23T04:21:21.743906Z,72.46523,1,True,True,False,0.0,0.0,0.013799721604416351,0.0,0.0,,602,633,1235,71.73531196799013,71.73531196799013,,,1235.0,0.0,1.0,1.0
b305433b-e979-4594-be8e-e6d44bf633ce,math:Orz57K,1037,2026-04-23T04:20:09.639257Z,2026-04-23T04:21:29.878641Z,80.239384,1,True,True,True,1.0,1.0,0.012462707839332366,0.012462707839332366,0.0,,636,1447,2083,79.52414682500239,79.52414682500239,,,2083.0,0.0,1.0,1.0
0f38c080-f716-488b-9a6b-cf1e68ec3c2b,math:Orz57K,1038,2026-04-23T04:20:13.593541Z,2026-04-23T04:25:38.585948Z,324.992407,1,True,True,False,0.0,0.0,0.0030769949649931357,0.0,0.0,,3007,761,3768,320.60047466999094,320.60047466999094,,,3768.0,0.0,1.0,1.0
0f0095fb-ac0b-476f-9d12-2974105cb81a,math:Orz57K,1039,2026-04-23T04:20:14.817762Z,2026-04-23T04:21:55.704808Z,100.887046,1,True,True,False,0.0,0.0,0.009912075332248305,0.0,0.0,,707,3989,4696,100.16464828599419,100.16464828599419,,,4696.0,0.0,1.0,1.0
e8c6908f-58e6-471e-84fe-fc1c223c50be,math:Orz57K,1036,2026-04-23T04:20:19.083682Z,2026-04-23T04:21:58.957766Z,99.874084,1,True,True,False,0.0,0.0,0.010012607474828005,0.0,0.0,,602,420,1022,99.14462839899352,99.14462839899352,,,1022.0,0.0,1.0,1.0
f7f37cd3-c7a4-435a-a1e1-bede93099a62,math:Orz57K,1037,2026-04-23T04:20:22.983634Z,2026-04-23T04:22:05.529769Z,102.546135,1,True,True,False,0.0,0.0,0.009751708340836053,0.0,0.0,,636,1163,1799,101.77428963700368,101.77428963700368,,,1799.0,0.0,1.0,1.0
a0e5b71b-1519-4edc-837f-cfc9874ff0b7,math:Orz57K,1038,2026-04-23T04:20:23.202223Z,2026-04-23T04:22:10.103850Z,106.901627,1,True,True,False,0.0,0.0,0.009354394578110584,0.0,0.0,,604,828,1432,106.17129186500097,106.17129186500097,,,1432.0,0.0,1.0,1.0
0a21d692-72bf-46c9-9235-08ebf4096db7,math:Orz57K,1039,2026-04-23T04:20:24.454056Z,2026-04-23T04:22:33.580493Z,129.126437,1,True,True,False,0.0,0.0,0.007744347503369894,0.0,0.0,,707,3989,4696,128.42054008500418,128.42054008500418,,,4696.0,0.0,1.0,1.0
d6d8167b-9326-453e-8722-9e8f9a7d0c5a,math:Orz57K,1040,2026-04-23T04:20:28.709847Z,2026-04-23T04:24:46.204070Z,257.494223,1,True,True,False,0.0,0.0,0.003883582273610853,0.0,0.0,,1625,372,1997,254.8752289829863,254.8752289829863,,,1997.0,0.0,1.0,1.0
59d1a7ca-7dc2-4729-be09-0b0f29b64371,math:Orz57K,1037,2026-04-23T04:20:30.210150Z,2026-04-23T04:22:42.925593Z,132.715443,1,True,True,False,0.0,0.0,0.007534918148146483,0.0,0.0,,636,1163,1799,131.95780537599057,131.95780537599057,,,1799.0,0.0,1.0,1.0
ce34f571-4889-40f8-a62a-5549a1fa1d31,math:Orz57K,1038,2026-04-23T04:20:30.492317Z,2026-04-23T04:22:47.533842Z,137.041525,1,True,True,False,0.0,0.0,0.007297058318637362,0.0,0.0,,604,828,1432,136.29420254299475,136.29420254299475,,,1432.0,0.0,1.0,1.0
9fb78786-afa3-4409-b961-ca87e0d58a4f,math:Orz57K,1039,2026-04-23T04:20:31.753826Z,2026-04-23T04:23:11.060087Z,159.306261,1,True,True,False,0.0,0.0,0.006277217189850435,0.0,0.0,,707,3989,4696,158.58437211399723,158.58437211399723,,,4696.0,0.0,1.0,1.0
1400786c-3e81-4f59-894a-ac30554c33b3,math:Orz57K,1040,2026-04-23T04:20:35.985225Z,2026-04-23T04:24:54.896277Z,258.911052,1,True,True,False,0.0,0.0,0.0038623302955796573,0.0,0.0,,1625,372,1997,256.41707329098426,256.41707329098426,,,1997.0,0.0,1.0,1.0
fdce2607-af78-4c54-8d2b-5b13b3eb0a03,math:Orz57K,1041,2026-04-23T04:20:37.479299Z,2026-04-23T04:23:15.217332Z,157.738033,1,True,True,False,0.0,0.0,0.006339625142910207,0.0,0.0,,601,246,847,156.9857554090122,156.9857554090122,,,847.0,0.0,1.0,1.0
6ba36580-3e68-470b-8b5b-160fd28617b7,math:Orz57K,1038,2026-04-23T04:20:37.772635Z,2026-04-23T04:23:19.818577Z,162.045942,1,True,True,False,0.0,0.0,0.006171089430922004,0.0,0.0,,604,828,1432,161.33158370001183,161.33158370001183,,,1432.0,0.0,1.0,1.0
f62f02a8-71cf-488c-9e27-b86c4b4890b9,math:Orz57K,1039,2026-04-23T04:20:41.303328Z,2026-04-23T04:23:43.313763Z,182.010435,1,True,True,False,0.0,0.0,0.0054941904841884475,0.0,0.0,,707,3989,4696,181.2788175129972,181.2788175129972,,,4696.0,0.0,1.0,1.0
7088481f-360d-4536-a03f-70086351af1b,math:Orz57K,1040,2026-04-23T04:20:45.556039Z,2026-04-23T04:25:04.898775Z,259.342736,1,True,True,False,0.0,0.0,0.003855901327423337,0.0,0.0,,1625,372,1997,256.8330882170121,256.8330882170121,,,1997.0,0.0,1.0,1.0
bc68f9d8-e0f5-4cf2-a862-5ca9731e6dc9,math:Orz57K,1041,2026-04-23T04:20:47.033766Z,2026-04-23T04:23:47.428378Z,180.394612,1,True,True,False,0.0,0.0,0.005543402815157251,0.0,0.0,,601,246,847,179.6536576260114,179.6536576260114,,,847.0,0.0,1.0,1.0
1b9fbb07-36d3-4a0d-8bbc-891413332cdf,math:Orz57K,1042,2026-04-23T04:20:47.350321Z,2026-04-23T04:23:50.035531Z,182.68521,1,True,True,False,0.0,0.0,0.005473896874300881,0.0,0.0,,587,464,1051,181.94358169099723,181.94358169099723,,,1051.0,0.0,1.0,1.0
1752dbe5-7b7c-44b5-ba18-41ad210a763e,math:Orz57K,1039,2026-04-23T04:20:50.861896Z,2026-04-23T04:24:13.532065Z,202.670169,1,True,True,False,0.0,0.0,0.004934125258463667,0.0,0.0,,707,3989,4696,201.95244518500112,201.95244518500112,,,4696.0,0.0,1.0,1.0
3b2f24f4-f377-442d-aa41-9f09c113cebe,math:Orz57K,1040,2026-04-23T04:20:59.003366Z,2026-04-23T04:25:14.637694Z,255.634328,1,True,True,False,0.0,0.0,0.0039118376934102524,0.0,0.0,,1624,371,1995,253.1552352639992,253.1552352639992,,,1995.0,0.0,1.0,1.0
f16ea45b-a276-4deb-bd21-1d9578711d30,math:Orz57K,1041,2026-04-23T04:21:01.972927Z,2026-04-23T04:24:16.787356Z,194.814429,1,True,True,False,0.0,0.0,0.005133090013573892,0.0,0.0,,601,246,847,194.07705310299934,194.07705310299934,,,847.0,0.0,1.0,1.0
03c45c5d-3992-4962-8a38-62de3b3ca32d,math:Orz57K,1042,2026-04-23T04:21:03.431071Z,2026-04-23T04:24:19.200681Z,195.76961,1,True,True,False,0.0,0.0,0.00510804511486742,0.0,0.0,,587,432,1019,195.05174987300416,195.05174987300416,,,1019.0,0.0,1.0,1.0
88af77ee-e75a-43a0-a821-120e85b12223,math:Orz57K,1043,2026-04-23T04:21:06.995535Z,2026-04-23T04:24:20.667551Z,193.672016,1,True,True,False,0.0,0.0,0.005163368568435823,0.0,0.0,,604,260,864,192.9496194079984,192.9496194079984,,,864.0,0.0,1.0,1.0
33b4e265-15b3-4a7c-ac84-5c1044003f41,math:Orz57K,1040,2026-04-23T04:21:15.123651Z,2026-04-23T04:24:22.796366Z,187.672715,1,True,True,False,0.0,0.0,0.005328425072339365,0.0,0.0,,628,380,1008,186.9480070379941,186.9480070379941,,,1008.0,0.0,1.0,1.0
e006838d-a472-492f-b082-547558b992d1,math:Orz57K,1041,2026-04-23T04:21:18.220109Z,2026-04-23T04:24:26.360986Z,188.140877,1,True,True,False,0.0,0.0,0.005315166039116529,0.0,0.0,,601,246,847,187.41421442599676,187.41421442599676,,,847.0,0.0,1.0,1.0
392b3fab-787d-417b-bc4a-3414712a7915,math:Orz57K,1042,2026-04-23T04:21:21.768208Z,2026-04-23T04:24:28.786898Z,187.01869,1,True,True,False,0.0,0.0,0.0053470591629104025,0.0,0.0,,587,432,1019,186.30391883999982,186.30391883999982,,,1019.0,0.0,1.0,1.0
216eade2-4182-4b49-9930-2a333c9c2d9f,math:Orz57K,1043,2026-04-23T04:21:29.904441Z,2026-04-23T04:24:30.250371Z,180.34593,1,True,True,False,0.0,0.0,0.00554489918347478,0.0,0.0,,604,260,864,179.6338374879997,179.6338374879997,,,864.0,0.0,1.0,1.0
1c3dc6a3-98c7-4eee-8dab-46095ebf708d,math:Orz57K,1044,2026-04-23T04:21:55.729075Z,2026-04-23T04:24:36.482103Z,160.753028,1,True,True,False,0.0,0.0,0.006220722635470357,0.0,0.0,,607,653,1260,159.9854259420099,159.9854259420099,,,1260.0,0.0,1.0,1.0
d2537d21-45f8-4634-bce2-44ac1db80366,math:Orz57K,1041,2026-04-23T04:21:58.983742Z,2026-04-23T04:24:38.100775Z,159.117033,1,True,True,False,0.0,0.0,0.0062846822941953675,0.0,0.0,,601,246,847,158.37808064599812,158.37808064599812,,,847.0,0.0,1.0,1.0
6e1c54ce-6c0a-4c9a-8825-69c2394eefae,math:Orz57K,1042,2026-04-23T04:22:05.554752Z,2026-04-23T04:24:40.507696Z,154.952944,1,True,True,False,0.0,0.0,0.006453572124450891,0.0,0.0,,587,432,1019,154.2221842699946,154.2221842699946,,,1019.0,0.0,1.0,1.0
c4ee18cb-b4f5-4e86-80d4-809a533747b6,math:Orz57K,1043,2026-04-23T04:22:10.127347Z,2026-04-23T04:24:41.981163Z,151.853816,1,True,True,False,0.0,0.0,0.006585280675462248,0.0,0.0,,604,260,864,151.12313168898982,151.12313168898982,,,864.0,0.0,1.0,1.0
f20e06bb-a4dd-449a-8c8e-a9965fbf912f,math:Orz57K,1044,2026-04-23T04:22:33.605436Z,2026-04-23T04:24:45.639757Z,132.034321,1,True,True,False,0.0,0.0,0.0075737883334137035,0.0,0.0,,607,653,1260,131.29028438699606,131.29028438699606,,,1260.0,0.0,1.0,1.0
4ced4743-142e-4383-9a6f-fb8a68ab88f5,math:Orz57K,1045,2026-04-23T04:22:42.951279Z,2026-04-23T04:24:50.474461Z,127.523182,1,True,True,True,1.0,1.0,0.007841711477996212,0.007841711477996212,0.0,,589,777,1366,126.78752236498985,126.78752236498985,,,1366.0,0.0,1.0,1.0
f117f724-1a81-4a40-bd9a-f66e513fa9dd,math:Orz57K,1042,2026-04-23T04:22:47.559067Z,2026-04-23T04:24:52.865120Z,125.306053,1,True,True,False,0.0,0.0,0.007980460449105359,0.0,0.0,,587,432,1019,124.59205412901065,124.59205412901065,,,1019.0,0.0,1.0,1.0
675211de-3648-46dd-8aa2-d1400105de4d,math:Orz57K,1043,2026-04-23T04:23:11.085062Z,2026-04-23T04:24:54.323200Z,103.238138,1,True,True,False,0.0,0.0,0.009686342851321087,0.0,0.0,,604,260,864,102.52578585100127,102.52578585100127,,,864.0,0.0,1.0,1.0
6caa7262-3f81-42f4-a01b-0301120ab98d,math:Orz57K,1044,2026-04-23T04:23:15.243126Z,2026-04-23T04:24:58.494080Z,103.250954,1,True,True,False,0.0,0.0,0.009685140536328605,0.0,0.0,,607,653,1260,102.49650089499482,102.49650089499482,,,1260.0,0.0,1.0,1.0
5ed86d5a-a603-42bc-bad5-2b73a30a0535,math:Orz57K,1045,2026-04-23T04:23:19.841713Z,2026-04-23T04:25:02.800173Z,102.95846,1,True,True,True,1.0,1.0,0.009712654987263796,0.009712654987263796,0.0,,589,777,1366,102.24281565500132,102.24281565500132,,,1366.0,0.0,1.0,1.0
a91992ed-2385-41d8-b611-7f3dc74bc3e3,math:Orz57K,1046,2026-04-23T04:23:43.338052Z,2026-04-23T04:29:07.641642Z,324.30359,1,True,True,False,0.0,0.0,0.003083530466005634,0.0,0.0,,3452,627,4079,318.3666488619783,318.3666488619783,,,4079.0,0.0,1.0,1.0
efb2f0ff-efa2-4501-9506-aafa3e6e57e8,math:Orz57K,1043,2026-04-23T04:23:47.453527Z,2026-04-23T04:25:06.374374Z,78.920847,1,True,True,False,0.0,0.0,0.01267092331130202,0.0,0.0,,604,260,864,78.18751502600207,78.18751502600207,,,864.0,0.0,1.0,1.0
0309788e-df99-46d2-a7a4-fd2ede95fdde,math:Orz57K,1044,2026-04-23T04:23:50.060743Z,2026-04-23T04:25:10.039863Z,79.97912,1,True,True,False,0.0,0.0,0.012503263351734803,0.0,0.0,,607,653,1260,79.22335100699274,79.22335100699274,,,1260.0,0.0,1.0,1.0
8cac6972-e60c-4846-942d-658db83cabb1,math:Orz57K,1045,2026-04-23T04:24:13.557250Z,2026-04-23T04:25:14.339149Z,60.781899,1,True,True,True,1.0,1.0,0.016452266488087185,0.016452266488087185,0.0,,589,777,1366,60.066215567989275,60.066215567989275,,,1366.0,0.0,1.0,1.0
6b3df776-80a9-4d6d-a012-d3fb147896a4,math:Orz57K,1046,2026-04-23T04:24:16.811433Z,2026-04-23T04:29:21.563554Z,304.752121,1,True,True,False,0.0,0.0,0.003281355341247978,0.0,0.0,,3452,627,4079,298.6878099870082,298.6878099870082,,,4079.0,0.0,1.0,1.0
ebef5c02-d55f-4faf-964a-532921e8a079,math:Orz57K,1047,2026-04-23T04:24:19.226758Z,2026-04-23T04:25:18.103489Z,58.876731,1,True,True,False,0.0,0.0,0.016984638634233957,0.0,0.0,,593,343,936,58.145409546006704,58.145409546006704,,,936.0,0.0,1.0,1.0
e8c52aad-7672-4842-b242-48c04f0ca142,math:Orz57K,1044,2026-04-23T04:24:20.692446Z,2026-04-23T04:25:23.606445Z,62.913999,1,True,True,False,0.0,0.0,0.015894713670958988,0.0,0.0,,607,986,1593,62.18209153099451,62.18209153099451,,,1593.0,0.0,1.0,1.0
a9289e35-16eb-4517-ba78-e4fdbf4a412c,math:Orz57K,1045,2026-04-23T04:24:22.821877Z,2026-04-23T04:25:27.914669Z,65.092792,1,True,True,True,1.0,1.0,0.015362684089507176,0.015362684089507176,0.0,,589,777,1366,64.34212210599799,64.34212210599799,,,1366.0,0.0,1.0,1.0
713c235b-c519-4e9b-a248-9a76debe523e,math:Orz57K,1046,2026-04-23T04:24:26.383775Z,2026-04-23T04:29:34.375471Z,307.991696,1,True,True,False,0.0,0.0,0.0032468407849541503,0.0,0.0,,3452,627,4079,302.0697698970034,302.0697698970034,,,4079.0,0.0,1.0,1.0
c188387a-467f-411d-a2f1-b1662ab6ba98,math:Orz57K,1047,2026-04-23T04:24:28.812389Z,2026-04-23T04:25:31.901096Z,63.088707,1,True,True,False,0.0,0.0,0.01585069733637115,0.0,0.0,,593,343,936,62.349719771998934,62.349719771998934,,,936.0,0.0,1.0,1.0
49877cbc-129c-481f-801f-c9c6a6a33961,math:Orz57K,1048,2026-04-23T04:24:30.276039Z,2026-04-23T04:25:33.761823Z,63.485784,1,True,True,False,0.0,0.0,0.015751557860575527,0.0,0.0,,607,328,935,62.726242253993405,62.726242253993405,,,935.0,0.0,1.0,1.0
90b1d93b-53a6-45ef-bff6-2c22c04fd3f0,math:Orz57K,1045,2026-04-23T04:24:30.530187Z,2026-04-23T04:25:38.089395Z,67.559208,1,True,True,True,1.0,1.0,0.01480183130625214,0.01480183130625214,0.0,,589,777,1366,66.8274833089963,66.8274833089963,,,1366.0,0.0,1.0,1.0
5d8e8a8d-b59b-419e-a5f0-3b9600738439,math:Orz57K,1046,2026-04-23T04:24:36.505352Z,2026-04-23T04:29:43.442318Z,306.936966,1,True,True,False,0.0,0.0,0.0032579979304284907,0.0,0.0,,3452,627,4079,301.0348783410154,301.0348783410154,,,4079.0,0.0,1.0,1.0
fe961af1-140b-4a58-8e4e-29d500fec723,math:Orz57K,1047,2026-04-23T04:24:36.724691Z,2026-04-23T04:25:42.062498Z,65.337807,1,True,True,False,0.0,0.0,0.0153050744418159,0.0,0.0,,593,343,936,64.63372644499759,64.63372644499759,,,936.0,0.0,1.0,1.0
cfee9906-a2f4-4fe7-a948-3d9e8cf1e131,math:Orz57K,1048,2026-04-23T04:24:38.126534Z,2026-04-23T04:25:43.970102Z,65.843568,1,True,True,False,0.0,0.0,0.015187512317072488,0.0,0.0,,607,328,935,65.06786068399379,65.06786068399379,,,935.0,0.0,1.0,1.0
f44fc510-ffbe-48b5-b5ea-e9e4f191ff95,math:Orz57K,1049,2026-04-23T04:24:40.531771Z,2026-04-23T04:25:46.403118Z,65.871347,1,True,True,True,1.0,1.0,0.015181107500352163,0.015181107500352163,0.0,,571,445,1016,65.16000243499002,65.16000243499002,,,1016.0,0.0,1.0,1.0
ceada38c-e954-492b-87c6-faf7592726a8,math:Orz57K,1046,2026-04-23T04:24:42.012083Z,2026-04-23T04:29:47.945571Z,305.933488,1,True,True,False,0.0,0.0,0.003268684335727248,0.0,0.0,,3452,627,4079,300.0611903659883,300.0611903659883,,,4079.0,0.0,1.0,1.0
c9b86223-0090-4341-a71f-85a9d5834141,math:Orz57K,1047,2026-04-23T04:24:45.663178Z,2026-04-23T04:25:49.913658Z,64.25048,1,True,True,False,0.0,0.0,0.015564086058189762,0.0,0.0,,593,343,936,63.527357283004676,63.527357283004676,,,936.0,0.0,1.0,1.0
87a22833-74f0-4d12-87c8-507e4d63eea3,math:Orz57K,1048,2026-04-23T04:24:45.930202Z,2026-04-23T04:25:51.782613Z,65.852411,1,True,True,False,0.0,0.0,0.015185472859907892,0.0,0.0,,607,328,935,65.09871304201079,65.09871304201079,,,935.0,0.0,1.0,1.0
e1da55fa-ac14-4bed-af6d-10e319336a32,math:Orz57K,1049,2026-04-23T04:24:46.228678Z,2026-04-23T04:25:54.273532Z,68.044854,1,True,True,True,1.0,1.0,0.014696188487670207,0.014696188487670207,0.0,,571,445,1016,67.2848778560001,67.2848778560001,,,1016.0,0.0,1.0,1.0
110ce062-7c29-4488-b607-69e80aaaea5d,math:Orz57K,1050,2026-04-23T04:24:50.500742Z,2026-04-23T04:26:52.187069Z,121.686327,1,True,True,True,1.0,1.0,0.008217850145152297,0.008217850145152297,0.0,,1361,258,1619,119.18247190599504,119.18247190599504,,,1619.0,0.0,1.0,1.0
4446fedf-edb4-4b49-9055-3afdd7f82628,math:Orz57K,1047,2026-04-23T04:24:52.890044Z,2026-04-23T04:25:57.202177Z,64.312133,1,True,True,False,0.0,0.0,0.0155491655050533,0.0,0.0,,593,343,936,63.600983237993205,63.600983237993205,,,936.0,0.0,1.0,1.0
1e0948d8-4f3a-470b-a83e-4fac42c6345b,math:Orz57K,1048,2026-04-23T04:24:54.348907Z,2026-04-23T04:25:59.074037Z,64.72513,1,True,True,False,0.0,0.0,0.015449949656339047,0.0,0.0,,607,328,935,63.98034979200747,63.98034979200747,,,935.0,0.0,1.0,1.0
3f787d5d-3aed-44ae-8627-41e803d4d84a,math:Orz57K,1049,2026-04-23T04:24:54.615750Z,2026-04-23T04:26:01.552458Z,66.936708,1,True,True,True,1.0,1.0,0.014939485819948002,0.014939485819948002,0.0,,571,445,1016,66.20393140199303,66.20393140199303,,,1016.0,0.0,1.0,1.0
33224631-68d5-4e3e-9a42-2ba565fcff6f,math:Orz57K,1050,2026-04-23T04:24:54.922466Z,2026-04-23T04:27:00.689827Z,125.767361,1,True,True,True,1.0,1.0,0.007951188544061126,0.007951188544061126,0.0,,1361,258,1619,123.28449054899102,123.28449054899102,,,1619.0,0.0,1.0,1.0
4612afb6-9d8f-432f-bceb-eee61cff4a02,math:Orz57K,1051,2026-04-23T04:24:58.520005Z,2026-04-23T04:26:04.338175Z,65.81817,1,True,True,False,0.0,0.0,0.015193372893837676,0.0,0.0,,575,294,869,65.05874045399833,65.05874045399833,,,869.0,0.0,1.0,1.0
cf9189d5-4d62-4ed5-82e0-06f3fed6eabc,math:Orz57K,1048,2026-04-23T04:25:02.825553Z,2026-04-23T04:26:06.190293Z,63.36474,1,True,True,False,0.0,0.0,0.015781647648203088,0.0,0.0,,607,328,935,62.603533005996724,62.603533005996724,,,935.0,0.0,1.0,1.0
bf7f0a6f-03c5-4857-86c5-2326aabc5cae,math:Orz57K,1049,2026-04-23T04:25:04.603321Z,2026-04-23T04:26:08.654276Z,64.050955,1,True,True,True,1.0,1.0,0.015612569711099545,0.015612569711099545,0.0,,571,445,1016,63.31706865799788,63.31706865799788,,,1016.0,0.0,1.0,1.0
f65bfdbc-3a71-4ac6-8971-738b16d925c8,math:Orz57K,1050,2026-04-23T04:25:04.921183Z,2026-04-23T04:27:09.142632Z,124.221449,1,True,True,True,1.0,1.0,0.008050139553596737,0.008050139553596737,0.0,,1361,258,1619,121.74211058800574,121.74211058800574,,,1619.0,0.0,1.0,1.0
7354e5fa-75b9-469b-a7bc-fba88821a5e6,math:Orz57K,1051,2026-04-23T04:25:06.399432Z,2026-04-23T04:26:12.228107Z,65.828675,1,True,True,False,0.0,0.0,0.015190948321533131,0.0,0.0,,575,294,869,65.06472351300181,65.06472351300181,,,869.0,0.0,1.0,1.0
ad770a53-f3d5-4cc1-9b69-e2099bdc6b1e,math:Orz57K,1052,2026-04-23T04:25:10.066843Z,2026-04-23T04:26:14.251777Z,64.184934,1,True,True,False,0.0,0.0,0.015579980186627597,0.0,0.0,,595,363,958,63.42890872299904,63.42890872299904,,,958.0,0.0,1.0,1.0
2a275196-618f-47e5-9af1-cbef00c63f31,math:Orz57K,1049,2026-04-23T04:25:14.362587Z,2026-04-23T04:26:16.695690Z,62.333103,1,True,True,True,1.0,1.0,0.016042840029959683,0.016042840029959683,0.0,,571,445,1016,61.623752589002834,61.623752589002834,,,1016.0,0.0,1.0,1.0
dc8d9d55-8d4b-45e9-b607-e75b7c4ce75e,math:Orz57K,1050,2026-04-23T04:25:14.662025Z,2026-04-23T04:27:19.119201Z,124.457176,1,True,True,True,1.0,1.0,0.008034892258844118,0.008034892258844118,0.0,,1361,258,1619,122.00045508999028,122.00045508999028,,,1619.0,0.0,1.0,1.0
42510693-57a3-490b-87b0-d08fea04d82d,math:Orz57K,1051,2026-04-23T04:25:18.129369Z,2026-04-23T04:26:20.314405Z,62.185036,1,True,True,False,0.0,0.0,0.016081039174762238,0.0,0.0,,575,294,869,61.41120140400017,61.41120140400017,,,869.0,0.0,1.0,1.0
b066afd7-700a-471f-91b5-f8e298c89c3f,math:Orz57K,1052,2026-04-23T04:25:23.632353Z,2026-04-23T04:26:22.302633Z,58.67028,1,True,True,False,0.0,0.0,0.017044404765070152,0.0,0.0,,595,363,958,57.93771912000375,57.93771912000375,,,958.0,0.0,1.0,1.0
046d0fe3-c43d-40e4-ba49-f95e3adf3709,math:Orz57K,1053,2026-04-23T04:25:27.939736Z,2026-04-23T04:26:25.636531Z,57.696795,1,True,True,False,0.0,0.0,0.01733198525152047,0.0,0.0,,586,597,1183,56.95976842800155,56.95976842800155,,,1183.0,0.0,1.0,1.0
db016e67-303d-440a-a398-f48ead0c84e5,math:Orz57K,1050,2026-04-23T04:25:28.403893Z,2026-04-23T04:27:27.898557Z,119.494664,1,True,True,True,1.0,1.0,0.008368574516431963,0.008368574516431963,0.0,,1361,258,1619,117.08025621500565,117.08025621500565,,,1619.0,0.0,1.0,1.0
6444679c-a793-455a-a0b9-18918cd7214c,math:Orz57K,1051,2026-04-23T04:25:31.926506Z,2026-04-23T04:26:29.230125Z,57.303619,1,True,True,False,0.0,0.0,0.0174509048023651,0.0,0.0,,575,294,869,56.503548861990566,56.503548861990566,,,869.0,0.0,1.0,1.0
a986efc3-f94f-4a1b-8935-4faf274750f1,math:Orz57K,1052,2026-04-23T04:25:33.785862Z,2026-04-23T04:26:31.226522Z,57.44066,1,True,True,False,0.0,0.0,0.017409270715204178,0.0,0.0,,595,363,958,56.68986435700208,56.68986435700208,,,958.0,0.0,1.0,1.0
724faf2e-b9fa-412e-8a26-3f2aa3164db6,math:Orz57K,1053,2026-04-23T04:25:38.114456Z,2026-04-23T04:26:34.561746Z,56.44729,1,True,True,False,0.0,0.0,0.017715642327559036,0.0,0.0,,586,597,1183,55.69407562100969,55.69407562100969,,,1183.0,0.0,1.0,1.0
27b04f15-6597-4e9f-8ef7-dd57a494511c,math:Orz57K,1054,2026-04-23T04:25:38.611462Z,2026-04-23T04:26:36.436214Z,57.824752,1,True,True,False,0.0,0.0,0.017293632318561437,0.0,0.0,,598,325,923,57.025699059988256,57.025699059988256,,,923.0,0.0,1.0,1.0
7c4871ce-c707-4910-8cfe-07933d977b58,math:Orz57K,1051,2026-04-23T04:25:42.086734Z,2026-04-23T04:26:38.846973Z,56.760239,1,True,True,False,0.0,0.0,0.017617966689675146,0.0,0.0,,575,294,869,55.98794078300125,55.98794078300125,,,869.0,0.0,1.0,1.0
4dd427fd-0d05-4a78-a577-7dd35e33c518,math:Orz57K,1052,2026-04-23T04:25:43.994821Z,2026-04-23T04:26:40.913054Z,56.918233,1,True,True,False,0.0,0.0,0.017569062623570903,0.0,0.0,,595,363,958,56.130793247997644,56.130793247997644,,,958.0,0.0,1.0,1.0
552ca37b-117d-4c05-b6ce-ca63512cc311,math:Orz57K,1053,2026-04-23T04:25:46.428147Z,2026-04-23T04:26:44.189043Z,57.760896,1,True,True,False,0.0,0.0,0.01731275082713398,0.0,0.0,,586,597,1183,57.02696596700116,57.02696596700116,,,1183.0,0.0,1.0,1.0
7c5209cb-e335-495d-91ce-62ea1234e68b,math:Orz57K,1054,2026-04-23T04:25:49.939305Z,2026-04-23T04:26:46.902021Z,56.962716,1,True,True,False,0.0,0.0,0.017555342691173644,0.0,0.0,,598,325,923,56.14100943999074,56.14100943999074,,,923.0,0.0,1.0,1.0
b86a1c4a-3dae-46ee-8143-8bc6c628268d,math:Orz57K,1055,2026-04-23T04:25:51.806200Z,2026-04-23T04:26:49.777232Z,57.971032,1,True,True,False,0.0,0.0,0.01724999479050157,0.0,0.0,,580,534,1114,57.25254822100396,57.25254822100396,,,1114.0,0.0,1.0,1.0
4bed3777-85e0-47f0-86b1-4dde3099c9bc,math:Orz57K,1052,2026-04-23T04:25:54.298297Z,2026-04-23T04:26:51.859407Z,57.56111,1,True,True,False,0.0,0.0,0.01737284079476577,0.0,0.0,,595,363,958,56.79351072499412,56.79351072499412,,,958.0,0.0,1.0,1.0
e2e191f4-e5c9-4457-98b2-b9ca113fb6fe,math:Orz57K,1053,2026-04-23T04:25:57.227843Z,2026-04-23T04:26:55.531846Z,58.304003,1,True,True,False,0.0,0.0,0.017151481005515178,0.0,0.0,,586,597,1183,57.56962311999814,57.56962311999814,,,1183.0,0.0,1.0,1.0
5730d712-cb3e-4948-8e5d-15ca07e3660f,math:Orz57K,1054,2026-04-23T04:25:59.099382Z,2026-04-23T04:26:57.421019Z,58.321637,1,True,True,False,0.0,0.0,0.017146295121997345,0.0,0.0,,598,325,923,57.464620336002554,57.464620336002554,,,923.0,0.0,1.0,1.0
a79b679f-a5dc-49d4-8a0d-256150b97272,math:Orz57K,1055,2026-04-23T04:26:01.577853Z,2026-04-23T04:27:00.282875Z,58.705022,1,True,True,False,0.0,0.0,0.017034317779490826,0.0,0.0,,580,534,1114,57.99440660599794,57.99440660599794,,,1114.0,0.0,1.0,1.0
abe9b7c8-ff4f-444b-8e96-da2ff08074ed,math:Orz57K,1056,2026-04-23T04:26:04.362650Z,2026-04-23T04:27:03.575499Z,59.212849,1,True,True,False,0.0,0.0,0.01688822640504935,0.0,0.0,,602,519,1121,58.49247656999796,58.49247656999796,,,1121.0,0.0,1.0,1.0
b48cfb73-a7cc-4142-9858-fdebf9c85d5f,math:Orz57K,1053,2026-04-23T04:26:06.213932Z,2026-04-23T04:27:06.932657Z,60.718725,1,True,True,False,0.0,0.0,0.01646938403268514,0.0,0.0,,586,597,1183,59.9967789860093,59.9967789860093,,,1183.0,0.0,1.0,1.0
62b64618-467d-4463-b3f5-d3faf2fea28a,math:Orz57K,1054,2026-04-23T04:26:08.679284Z,2026-04-23T04:27:08.882662Z,60.203378,1,True,True,False,0.0,0.0,0.016610363624446456,0.0,0.0,,598,325,923,59.3509959570074,59.3509959570074,,,923.0,0.0,1.0,1.0
dfee8434-bb62-4d0c-8c7b-c27a8515fc64,math:Orz57K,1055,2026-04-23T04:26:12.254829Z,2026-04-23T04:27:12.797143Z,60.542314,1,True,True,False,0.0,0.0,0.016517373287053418,0.0,0.0,,580,534,1114,59.84277816899703,59.84277816899703,,,1114.0,0.0,1.0,1.0
c90b47cb-52f3-4787-bcca-32758441de9e,math:Orz57K,1056,2026-04-23T04:26:14.279043Z,2026-04-23T04:27:15.729531Z,61.450488,1,True,True,False,0.0,0.0,0.01627326376968723,0.0,0.0,,602,519,1121,60.72721671900945,60.72721671900945,,,1121.0,0.0,1.0,1.0
900a23c4-81e8-4622-91d2-0423f032167e,math:Orz57K,1057,2026-04-23T04:26:16.720931Z,2026-04-23T04:29:20.879391Z,184.15846,1,True,True,True,1.0,1.0,0.0054301062248239915,0.0054301062248239915,0.0,,1716,595,2311,181.7392619339953,181.7392619339953,,,2311.0,0.0,1.0,1.0
9841c97e-e580-42e3-94e4-50403f8eae08,math:Orz57K,1054,2026-04-23T04:26:20.337234Z,2026-04-23T04:27:21.760731Z,61.423497,1,True,True,False,0.0,0.0,0.016280414643275683,0.0,0.0,,598,325,923,60.60096869399422,60.60096869399422,,,923.0,0.0,1.0,1.0
5f83f4af-806a-412f-9f53-1e952100196c,math:Orz57K,1055,2026-04-23T04:26:22.328350Z,2026-04-23T04:27:24.627928Z,62.299578,1,True,True,False,0.0,0.0,0.016051473093445352,0.0,0.0,,580,534,1114,61.59335986999213,61.59335986999213,,,1114.0,0.0,1.0,1.0
7cd25732-443e-423e-816a-10a4892154c2,math:Orz57K,1056,2026-04-23T04:26:25.660637Z,2026-04-23T04:27:27.475363Z,61.814726,1,True,True,False,0.0,0.0,0.016177374951075574,0.0,0.0,,602,519,1121,61.116262173993164,61.116262173993164,,,1121.0,0.0,1.0,1.0
1d8cfe5e-8e59-4616-b663-6dee8170807b,math:Orz57K,1057,2026-04-23T04:26:29.255370Z,2026-04-23T04:29:34.752509Z,185.497139,1,True,True,True,1.0,1.0,0.0053909187246278766,0.0053909187246278766,0.0,,1716,594,2310,182.9622017290094,182.9622017290094,,,2310.0,0.0,1.0,1.0
720debc2-59cb-423c-90cd-05f3fbfead16,math:Orz57K,1058,2026-04-23T04:26:31.250502Z,2026-04-23T04:27:35.377698Z,64.127196,1,True,True,True,1.0,1.0,0.01559400788395613,0.01559400788395613,0.0,,555,673,1228,63.40924997199909,63.40924997199909,,,1228.0,0.0,1.0,1.0
ec2a5896-30c7-4afd-93a2-433521711d22,math:Orz57K,1055,2026-04-23T04:26:34.588870Z,2026-04-23T04:27:38.362864Z,63.773994,1,True,True,False,0.0,0.0,0.015680372786437056,0.0,0.0,,580,534,1114,63.05213542999991,63.05213542999991,,,1114.0,0.0,1.0,1.0
3dded77a-6582-4edd-a113-c448299af4fc,math:Orz57K,1056,2026-04-23T04:26:36.462869Z,2026-04-23T04:27:41.288764Z,64.825895,1,True,True,False,0.0,0.0,0.015425934343058433,0.0,0.0,,602,519,1121,64.09415585300303,64.09415585300303,,,1121.0,0.0,1.0,1.0
0e88e304-2417-4390-9235-dd5a23739893,math:Orz57K,1057,2026-04-23T04:26:38.871345Z,2026-04-23T04:29:43.829313Z,184.957968,1,True,True,True,1.0,1.0,0.005406633792603085,0.005406633792603085,0.0,,1716,594,2310,182.46453041299537,182.46453041299537,,,2310.0,0.0,1.0,1.0
39415484-7884-470e-b190-2722fe3e6df9,math:Orz57K,1058,2026-04-23T04:26:40.939398Z,2026-04-23T04:27:48.798859Z,67.859461,1,True,True,True,1.0,1.0,0.014736338680909948,0.014736338680909948,0.0,,555,673,1228,67.10411308699986,67.10411308699986,,,1228.0,0.0,1.0,1.0
ee3ec3f7-4901-4cc2-98f0-dce17d00acd0,math:Orz57K,1059,2026-04-23T04:26:44.213967Z,2026-04-23T04:27:58.904127Z,74.69016,1,True,True,False,0.0,0.0,0.013388644501497921,0.0,0.0,,617,1790,2407,73.88445455399051,73.88445455399051,,,2407.0,0.0,1.0,1.0
f6092f0f-ad6e-4569-8b84-bc7e86ba3e2a,math:Orz57K,1056,2026-04-23T04:26:46.926764Z,2026-04-23T04:28:02.443814Z,75.51705,1,True,True,False,0.0,0.0,0.013242042691021432,0.0,0.0,,602,519,1121,74.79660001299635,74.79660001299635,,,1121.0,0.0,1.0,1.0
ab076e53-f3a7-45ea-a7de-25e7e1dd4144,math:Orz57K,1057,2026-04-23T04:26:49.802215Z,2026-04-23T04:29:49.467055Z,179.66484,1,True,True,True,1.0,1.0,0.0055659192972871046,0.0055659192972871046,0.0,,1716,594,2310,177.23553658201126,177.23553658201126,,,2310.0,0.0,1.0,1.0
449a2464-94a2-40d1-9e4e-c26755b61504,math:Orz57K,1058,2026-04-23T04:26:51.883671Z,2026-04-23T04:28:09.266254Z,77.382583,1,True,True,True,1.0,1.0,0.012922804605785775,0.012922804605785775,0.0,,555,673,1228,76.62866447299893,76.62866447299893,,,1228.0,0.0,1.0,1.0
76f0ea36-2d52-4512-9109-e8b52f8f0453,math:Orz57K,1059,2026-04-23T04:26:52.211172Z,2026-04-23T04:28:19.421849Z,87.210677,1,True,True,False,0.0,0.0,0.011466485921213522,0.0,0.0,,617,1790,2407,86.38876674699713,86.38876674699713,,,2407.0,0.0,1.0,1.0
57294bcf-e959-4be9-befa-fe51cd72d313,math:Orz57K,1060,2026-04-23T04:26:55.558291Z,2026-04-23T04:28:26.330846Z,90.772555,1,True,True,False,0.0,0.0,0.011016545694896436,0.0,0.0,,578,1242,1820,89.99467839598947,89.99467839598947,,,1820.0,0.0,1.0,1.0
1664be42-4152-4356-9023-9ae8307a4824,math:Orz57K,1057,2026-04-23T04:26:57.446714Z,2026-04-23T04:29:55.494485Z,178.047771,1,True,True,True,1.0,1.0,0.005616470200011658,0.005616470200011658,0.0,,1716,595,2311,175.619822061999,175.619822061999,,,2311.0,0.0,1.0,1.0
27a60db5-3dce-4ed0-a06f-4040f5a8818c,math:Orz57K,1058,2026-04-23T04:27:00.305164Z,2026-04-23T04:28:33.028115Z,92.722951,1,True,True,True,1.0,1.0,0.010784816371946575,0.010784816371946575,0.0,,555,673,1228,91.99605642700044,91.99605642700044,,,1228.0,0.0,1.0,1.0
39ff3611-8a7b-46a7-b3df-12b7aaef899e,math:Orz57K,1059,2026-04-23T04:27:00.715223Z,2026-04-23T04:28:43.274349Z,102.559126,1,True,True,False,0.0,0.0,0.00975047310758089,0.0,0.0,,617,1790,2407,101.74660904199118,101.74660904199118,,,2407.0,0.0,1.0,1.0
af9ec8d3-15b1-4d05-9c7b-8769adac2ee9,math:Orz57K,1060,2026-04-23T04:27:03.600678Z,2026-04-23T04:28:50.177997Z,106.577319,1,True,True,False,0.0,0.0,0.009382859405573901,0.0,0.0,,578,1242,1820,105.79878462100169,105.79878462100169,,,1820.0,0.0,1.0,1.0
1f5550c3-2c89-442b-824c-bb261df1bf81,math:Orz57K,1061,2026-04-23T04:27:06.957178Z,2026-04-23T04:28:53.099589Z,106.142411,1,True,True,False,0.0,0.0,0.0094213047412311,0.0,0.0,,655,536,1191,105.43889436400787,105.43889436400787,,,1191.0,0.0,1.0,1.0
de626a1b-5c75-42ba-95a7-72ec8ccf718e,math:Orz57K,1058,2026-04-23T04:27:08.905596Z,2026-04-23T04:28:56.863552Z,107.957956,1,True,True,True,1.0,1.0,0.009262865258397446,0.009262865258397446,0.0,,555,673,1228,107.2283549279964,107.2283549279964,,,1228.0,0.0,1.0,1.0
b9496855-9795-44bc-ab3f-cbd6a9ab0e43,math:Orz57K,1059,2026-04-23T04:27:09.167524Z,2026-04-23T04:29:07.102380Z,117.934856,1,True,True,False,0.0,0.0,0.008479257396134015,0.0,0.0,,617,1790,2407,117.11025411100127,117.11025411100127,,,2407.0,0.0,1.0,1.0
6fc3bcb7-29fa-4507-95e0-57cda059e6e4,math:Orz57K,1060,2026-04-23T04:27:12.823722Z,2026-04-23T04:29:16.047678Z,123.223956,1,True,True,False,0.0,0.0,0.0081153051116132,0.0,0.0,,578,1471,2049,122.41331963200355,122.41331963200355,,,2049.0,0.0,1.0,1.0
1c7b8921-d509-4fc8-94cc-46a2078ca3cb,math:Orz57K,1061,2026-04-23T04:27:15.753235Z,2026-04-23T04:29:19.035946Z,123.282711,1,True,True,False,0.0,0.0,0.00811143745857438,0.0,0.0,,655,550,1205,122.56424052700459,122.56424052700459,,,1205.0,0.0,1.0,1.0
468389ca-bc80-4e49-8b8d-1eabc9ea3388,math:Orz57K,1062,2026-04-23T04:27:19.151606Z,2026-04-23T04:30:14.276393Z,175.124787,1,True,True,False,0.0,0.0,0.005710213940188833,0.0,0.0,,1529,490,2019,172.63262395001948,172.63262395001948,,,2019.0,0.0,1.0,1.0
6451e7f5-dafe-4ea2-b56c-b7d816d40ae6,math:Orz57K,1059,2026-04-23T04:27:21.784536Z,2026-04-23T04:29:26.214433Z,124.429897,1,True,True,False,0.0,0.0,0.00803665376336364,0.0,0.0,,617,831,1448,123.71376610000152,123.71376610000152,,,1448.0,0.0,1.0,1.0
4f494426-b393-4199-8190-23dfa8b7a0a5,math:Orz57K,1060,2026-04-23T04:27:24.653480Z,2026-04-23T04:29:29.381010Z,124.72753,1,True,True,False,0.0,0.0,0.008017476173864743,0.0,0.0,,578,572,1150,124.00396132600144,124.00396132600144,,,1150.0,0.0,1.0,1.0
19bd1353-0abd-4846-aca2-3d8234026a89,math:Orz57K,1061,2026-04-23T04:27:27.500476Z,2026-04-23T04:29:32.048111Z,124.547635,1,True,True,False,0.0,0.0,0.008029056513196738,0.0,0.0,,655,468,1123,123.79585140800918,123.79585140800918,,,1123.0,0.0,1.0,1.0
4e733b38-4785-4bce-b633-99e709d2364b,math:Orz57K,1062,2026-04-23T04:27:27.923732Z,2026-04-23T04:30:26.298318Z,178.374586,1,True,True,True,1.0,1.0,0.0056061797951418935,0.0056061797951418935,0.0,,1552,353,1905,175.9136423870077,175.9136423870077,,,1905.0,0.0,1.0,1.0
795becac-00dc-4114-8428-c1f0a266b513,math:Orz57K,1063,2026-04-23T04:27:35.401961Z,2026-04-23T04:29:36.286165Z,120.884204,1,True,True,True,1.0,1.0,0.008272379408644656,0.008272379408644656,0.0,,570,266,836,120.14464078299352,120.14464078299352,,,836.0,0.0,1.0,1.0
9325e811-47b5-4e3f-a08a-021893215d39,math:Orz57K,1060,2026-04-23T04:27:38.386807Z,2026-04-23T04:29:39.012602Z,120.625795,1,True,True,False,0.0,0.0,0.00829010080306621,0.0,0.0,,578,494,1072,119.92268606899597,119.92268606899597,,,1072.0,0.0,1.0,1.0
f302c76b-bfd2-4e01-91fc-8b165a98a40c,math:Orz57K,1061,2026-04-23T04:27:41.312485Z,2026-04-23T04:31:28.032406Z,226.719921,1,True,True,False,0.0,0.0,0.004410728424698066,0.0,0.0,,3714,952,4666,222.54542672801472,222.54542672801472,,,4666.0,0.0,1.0,1.0
13a0c15b-b629-4dac-be03-6fc294992255,math:Orz57K,1062,2026-04-23T04:27:48.822951Z,2026-04-23T04:30:38.526303Z,169.703352,1,True,True,False,0.0,0.0,0.005892635520835204,0.0,0.0,,1529,490,2019,167.30356194099295,167.30356194099295,,,2019.0,0.0,1.0,1.0
be150d16-1f0a-4e53-9d8b-8e3ed98d033c,math:Orz57K,1063,2026-04-23T04:27:58.928147Z,2026-04-23T04:29:47.309554Z,108.381407,1,True,True,True,1.0,1.0,0.009226674829936467,0.009226674829936467,0.0,,570,355,925,107.63089031800337,107.63089031800337,,,925.0,0.0,1.0,1.0
9ce93701-4290-473b-85b0-d7a5254e557b,math:Orz57K,1064,2026-04-23T04:28:02.468505Z,2026-04-23T04:30:46.429282Z,163.960777,1,True,True,False,0.0,0.0,0.0060990196454119025,0.0,0.0,,1434,294,1728,161.43001681400347,161.43001681400347,,,1728.0,0.0,1.0,1.0
2075a11e-35cd-40e3-a37e-e2da85a63127,math:Orz57K,1061,2026-04-23T04:28:09.289432Z,2026-04-23T04:29:52.159058Z,102.869626,1,True,True,False,0.0,0.0,0.009721042438707807,0.0,0.0,,655,468,1123,102.10286853100115,102.10286853100115,,,1123.0,0.0,1.0,1.0
160b130d-93da-4572-9a78-38dabd229e23,math:Orz57K,1062,2026-04-23T04:28:19.447533Z,2026-04-23T04:30:47.603596Z,148.156063,1,True,True,True,1.0,1.0,0.006749639398827709,0.006749639398827709,0.0,,1523,328,1851,145.71237070098869,145.71237070098869,,,1851.0,0.0,1.0,1.0
7b3e954e-256b-4d72-8d6e-b6c96905af14,math:Orz57K,1063,2026-04-23T04:28:26.356377Z,2026-04-23T04:29:55.132590Z,88.776213,1,True,True,True,1.0,1.0,0.011264278641847451,0.011264278641847451,0.0,,570,266,836,88.05356171299354,88.05356171299354,,,836.0,0.0,1.0,1.0
443b96d7-940e-42fa-9352-77716a3118d9,math:Orz57K,1064,2026-04-23T04:28:33.051596Z,2026-04-23T04:30:51.655801Z,138.604205,1,True,True,True,1.0,1.0,0.00721478832478423,0.00721478832478423,0.0,,1434,256,1690,136.16712237198954,136.16712237198954,,,1690.0,0.0,1.0,1.0
b24f7b8f-dfc6-40cc-9574-a4c5331d5884,math:Orz57K,1065,2026-04-23T04:28:43.299884Z,2026-04-23T04:29:58.551001Z,75.251117,1,True,True,False,0.0,0.0,0.013288839287262674,0.0,0.0,,583,341,924,74.52676069301378,74.52676069301378,,,924.0,0.0,1.0,1.0
ef316674-c5be-405a-8c79-35d64a8344a2,math:Orz57K,1062,2026-04-23T04:28:50.202087Z,2026-04-23T04:30:55.617346Z,125.415259,1,True,True,True,1.0,1.0,0.007973511420966726,0.007973511420966726,0.0,,1523,328,1851,122.88900066100177,122.88900066100177,,,1851.0,0.0,1.0,1.0
8c90f5a5-8025-4388-bf44-04f19e6b01de,math:Orz57K,1063,2026-04-23T04:28:53.123878Z,2026-04-23T04:30:01.575705Z,68.451827,1,True,True,True,1.0,1.0,0.014608813874317774,0.014608813874317774,0.0,,570,266,836,67.72915302299953,67.72915302299953,,,836.0,0.0,1.0,1.0
9830cd0e-d321-487e-8e05-ac50821d1666,math:Orz57K,1064,2026-04-23T04:28:56.887323Z,2026-04-23T04:30:56.906653Z,120.01933,1,True,True,False,0.0,0.0,0.008331991188419399,0.0,0.0,,1434,270,1704,117.45741484098835,117.45741484098835,,,1704.0,0.0,1.0,1.0
a00b74e5-0047-4aa9-b65f-963523f91137,math:Orz57K,1065,2026-04-23T04:29:07.126305Z,2026-04-23T04:30:04.696150Z,57.569845,1,True,True,False,0.0,0.0,0.017370204835534992,0.0,0.0,,583,341,924,56.865803652006434,56.865803652006434,,,924.0,0.0,1.0,1.0
6ec94ccf-a95c-42c7-b461-1abbb9da0f94,math:Orz57K,1066,2026-04-23T04:29:07.665355Z,2026-04-23T04:30:08.366181Z,60.700826,1,True,True,True,1.0,1.0,0.016474240399957655,0.016474240399957655,0.0,,735,649,1384,59.98423571100284,59.98423571100284,,,1384.0,0.0,1.0,1.0
f3949095-ffb4-4f31-b0ac-06884569d96a,math:Orz57K,1063,2026-04-23T04:29:16.073389Z,2026-04-23T04:30:09.856414Z,53.783025,1,True,True,True,1.0,1.0,0.018593227138116532,0.018593227138116532,0.0,,570,266,836,53.06900847099314,53.06900847099314,,,836.0,0.0,1.0,1.0
e488c028-71b1-4318-b669-a0cddc30a4d9,math:Orz57K,1064,2026-04-23T04:29:19.060932Z,2026-04-23T04:31:03.246239Z,104.185307,1,True,True,False,0.0,0.0,0.009598282414237163,0.0,0.0,,1434,270,1704,101.74157734999608,101.74157734999608,,,1704.0,0.0,1.0,1.0
5bf3e4de-b91d-4ab9-aa32-30af4d9569d8,math:Orz57K,1065,2026-04-23T04:29:20.904129Z,2026-04-23T04:30:12.982649Z,52.07852,1,True,True,False,0.0,0.0,0.019201774551196923,0.0,0.0,,583,341,924,51.348741780995624,51.348741780995624,,,924.0,0.0,1.0,1.0
638b53fc-df1c-42cb-9bfb-1990416612ad,math:Orz57K,1066,2026-04-23T04:29:21.588753Z,2026-04-23T04:30:18.380052Z,56.791299,1,True,True,True,1.0,1.0,0.017608331163546726,0.017608331163546726,0.0,,735,725,1460,56.05016334200627,56.05016334200627,,,1460.0,0.0,1.0,1.0
b96409cc-4d80-4376-aa07-c5f2874b42e3,math:Orz57K,1067,2026-04-23T04:29:26.236945Z,2026-04-23T04:30:19.179811Z,52.942866,1,True,True,False,0.0,0.0,0.018888286100718462,0.0,0.0,,732,147,879,52.2393021369935,52.2393021369935,,,879.0,0.0,1.0,1.0
080f9d8e-c760-41de-ac30-674ec0f98aab,math:Orz57K,1064,2026-04-23T04:29:29.406779Z,2026-04-23T04:31:12.806228Z,103.399449,1,True,True,False,0.0,0.0,0.00967123142019838,0.0,0.0,,1434,299,1733,100.81058513899916,100.81058513899916,,,1733.0,0.0,1.0,1.0
d7687fa6-90c4-46cf-bc85-582c7c163fae,math:Orz57K,1065,2026-04-23T04:29:32.073534Z,2026-04-23T04:30:22.300219Z,50.226685,1,True,True,False,0.0,0.0,0.019909735233372458,0.0,0.0,,583,341,924,49.52682149699831,49.52682149699831,,,924.0,0.0,1.0,1.0
c9a33650-3e09-4b6a-a4c1-3ded865cb692,math:Orz57K,1066,2026-04-23T04:29:34.409462Z,2026-04-23T04:30:25.962170Z,51.552708,1,True,True,True,1.0,1.0,0.01939762310837289,0.01939762310837289,0.0,,735,649,1384,50.82275320398912,50.82275320398912,,,1384.0,0.0,1.0,1.0
74c862d2-4456-49ef-85e5-bfebf37541d7,math:Orz57K,1067,2026-04-23T04:29:34.777842Z,2026-04-23T04:30:27.144621Z,52.366779,1,True,True,False,0.0,0.0,0.019096076159276474,0.0,0.0,,732,147,879,51.641261560012936,51.641261560012936,,,879.0,0.0,1.0,1.0
57507030-0c55-49d5-976c-78e07d4baf35,math:Orz57K,1068,2026-04-23T04:29:36.310830Z,2026-04-23T04:31:21.841660Z,105.53083,1,True,True,False,0.0,0.0,0.009475903866197205,0.0,0.0,,1636,468,2104,103.02296782699705,103.02296782699705,,,2104.0,0.0,1.0,1.0
fe3f4b76-bc59-41b6-be94-569d7c692e42,math:Orz57K,1065,2026-04-23T04:29:39.037885Z,2026-04-23T04:30:31.423091Z,52.385206,1,True,True,False,0.0,0.0,0.01908935893084013,0.0,0.0,,583,341,924,51.65251397699467,51.65251397699467,,,924.0,0.0,1.0,1.0
e721c3b8-3a30-487a-87aa-ab86ad4138f1,math:Orz57K,1066,2026-04-23T04:29:43.467901Z,2026-04-23T04:30:35.074069Z,51.606168,1,True,True,True,1.0,1.0,0.019377528670603873,0.019377528670603873,0.0,,735,649,1384,50.88136230899545,50.88136230899545,,,1384.0,0.0,1.0,1.0
b90232ef-016a-4349-8b49-a64a4853ebfb,math:Orz57K,1067,2026-04-23T04:29:43.853025Z,2026-04-23T04:30:37.233146Z,53.380121,1,True,True,False,0.0,0.0,0.01873356562829822,0.0,0.0,,732,147,879,52.622790323002846,52.622790323002846,,,879.0,0.0,1.0,1.0
2d96e7b8-e0f3-4ae5-a5ae-1cef6f52de29,math:Orz57K,1068,2026-04-23T04:29:47.334841Z,2026-04-23T04:31:31.124647Z,103.789806,1,True,True,False,0.0,0.0,0.0096348575890006,0.0,0.0,,1636,468,2104,101.2738212730037,101.2738212730037,,,2104.0,0.0,1.0,1.0
d76de6b8-cc64-46b7-b52e-4c3fe2dfb1b9,math:Orz57K,1069,2026-04-23T04:29:47.971642Z,2026-04-23T04:30:42.247748Z,54.276106,1,True,True,False,0.0,0.0,0.018424313638122823,0.0,0.0,,579,233,812,53.53945250398829,53.53945250398829,,,812.0,0.0,1.0,1.0
93e73ca7-a275-479e-ad05-3cc6e8c14871,math:Orz57K,1066,2026-04-23T04:29:49.490024Z,2026-04-23T04:30:45.924783Z,56.434759,1,True,True,True,1.0,1.0,0.017719575979760985,0.017719575979760985,0.0,,735,649,1384,55.68768898698909,55.68768898698909,,,1384.0,0.0,1.0,1.0
38f1bb72-860a-479f-a4a9-5586692c3bb9,math:Orz57K,1067,2026-04-23T04:29:52.183250Z,2026-04-23T04:30:47.257578Z,55.074328,1,True,True,False,0.0,0.0,0.018157280103354143,0.0,0.0,,732,147,879,54.346077819005586,54.346077819005586,,,879.0,0.0,1.0,1.0
741762b0-d038-4c7d-840c-edba03ecbb50,math:Orz57K,1068,2026-04-23T04:29:55.156348Z,2026-04-23T04:31:44.063607Z,108.907259,1,True,True,False,0.0,0.0,0.009182124398154213,0.0,0.0,,1636,468,2104,106.2681249929883,106.2681249929883,,,2104.0,0.0,1.0,1.0
288465e1-77ef-43b8-ae8d-4b5063c23642,math:Orz57K,1069,2026-04-23T04:29:55.519598Z,2026-04-23T04:30:51.323375Z,55.803777,1,True,True,False,0.0,0.0,0.017919933985830385,0.0,0.0,,579,233,812,55.05783901800169,55.05783901800169,,,812.0,0.0,1.0,1.0
0119fe00-bc37-4249-a4ef-112dfffa2778,math:Orz57K,1070,2026-04-23T04:29:58.576222Z,2026-04-23T04:31:51.276628Z,112.700406,1,True,True,True,1.0,1.0,0.008873082498034656,0.008873082498034656,0.0,,1895,699,2594,110.14430511000683,110.14430511000683,,,2594.0,0.0,1.0,1.0
1c1b3786-a66b-4c65-bceb-85f9e4571cfa,math:Orz57K,1067,2026-04-23T04:30:01.598849Z,2026-04-23T04:30:56.439856Z,54.841007,1,True,True,False,0.0,0.0,0.018234530230270937,0.0,0.0,,732,147,879,54.09634090200416,54.09634090200416,,,879.0,0.0,1.0,1.0
2142de5e-962b-429c-ac71-d23c14258f84,math:Orz57K,1068,2026-04-23T04:30:04.721838Z,2026-04-23T04:31:54.584710Z,109.862872,1,True,True,False,0.0,0.0,0.009102256128894938,0.0,0.0,,1636,468,2104,107.24945773401123,107.24945773401123,,,2104.0,0.0,1.0,1.0
c5251959-3d7f-4a8c-b744-baeac245746a,math:Orz57K,1069,2026-04-23T04:30:08.391768Z,2026-04-23T04:31:00.663351Z,52.271583,1,True,True,False,0.0,0.0,0.019130853565311003,0.0,0.0,,579,265,844,51.55382314400049,51.55382314400049,,,844.0,0.0,1.0,1.0
c25ddade-2e8e-4ae9-9218-c41c1c8696ed,math:Orz57K,1070,2026-04-23T04:30:09.880088Z,2026-04-23T04:32:00.086834Z,110.206746,1,True,True,False,0.0,0.0,0.009073854698513647,0.0,0.0,,1673,551,2224,107.76284000699525,107.76284000699525,,,2224.0,0.0,1.0,1.0
eafaa8b8-c6a1-4c77-bb4a-8a2948903c55,math:Orz57K,1071,2026-04-23T04:30:13.006604Z,2026-04-23T04:31:06.177821Z,53.171217,1,True,True,False,0.0,0.0,0.018807167795313016,0.0,0.0,,623,514,1137,52.41217033499561,52.41217033499561,,,1137.0,0.0,1.0,1.0
f57973a9-a619-45f6-9c40-cf32b494dad2,math:Orz57K,1068,2026-04-23T04:30:14.300941Z,2026-04-23T04:32:01.201496Z,106.900555,1,True,True,False,0.0,0.0,0.009354488384087435,0.0,0.0,,1636,468,2104,104.40435478198924,104.40435478198924,,,2104.0,0.0,1.0,1.0
228c5763-4122-450e-8639-f22f40adade6,math:Orz57K,1069,2026-04-23T04:30:18.405564Z,2026-04-23T04:31:10.063293Z,51.657729,1,True,True,False,0.0,0.0,0.019358187426319107,0.0,0.0,,579,265,844,50.90663238200068,50.90663238200068,,,844.0,0.0,1.0,1.0
ed6fd8f3-642f-4706-9416-88bd7df4edc1,math:Orz57K,1070,2026-04-23T04:30:19.204159Z,2026-04-23T04:32:04.978284Z,105.774125,1,True,True,False,0.0,0.0,0.009454107987184957,0.0,0.0,,1673,551,2224,103.3047180089925,103.3047180089925,,,2224.0,0.0,1.0,1.0
4e03cfd5-5109-4962-9960-35f2692c9b30,math:Orz57K,1071,2026-04-23T04:30:22.324781Z,2026-04-23T04:31:15.652823Z,53.328042,1,True,True,False,0.0,0.0,0.018751860418951813,0.0,0.0,,623,514,1137,52.571165739005664,52.571165739005664,,,1137.0,0.0,1.0,1.0
e64de5c1-42c4-45d9-811a-8fccc7f250b5,math:Orz57K,1072,2026-04-23T04:30:25.986591Z,2026-04-23T04:31:17.784060Z,51.797469,1,True,True,False,0.0,0.0,0.019305962613733116,0.0,0.0,,623,390,1013,51.09220380400075,51.09220380400075,,,1013.0,0.0,1.0,1.0
575931a1-2bec-456f-a8e7-83de91874321,math:Orz57K,1069,2026-04-23T04:30:26.322473Z,2026-04-23T04:31:19.265307Z,52.942834,1,True,True,False,0.0,0.0,0.01888829751728062,0.0,0.0,,579,265,844,52.24296795700502,52.24296795700502,,,844.0,0.0,1.0,1.0
412a68d3-cc3d-4d11-8468-85406e029d33,math:Orz57K,1070,2026-04-23T04:30:27.170216Z,2026-04-23T04:32:13.599046Z,106.42883,1,True,True,False,0.0,0.0,0.009395950326617327,0.0,0.0,,1673,551,2224,103.96090388199082,103.96090388199082,,,2224.0,0.0,1.0,1.0
ea22f2b4-9815-4beb-92e7-26821e5c32c7,math:Orz57K,1071,2026-04-23T04:30:31.447662Z,2026-04-23T04:31:24.675996Z,53.228334,1,True,True,False,0.0,0.0,0.018786986645120247,0.0,0.0,,623,514,1137,52.46839342098974,52.46839342098974,,,1137.0,0.0,1.0,1.0
061cc5e2-228d-41ec-aaf6-97dec2038ffd,math:Orz57K,1072,2026-04-23T04:30:35.098696Z,2026-04-23T04:31:26.795395Z,51.696699,1,True,True,False,0.0,0.0,0.019343594839585403,0.0,0.0,,623,390,1013,51.00563257500471,51.00563257500471,,,1013.0,0.0,1.0,1.0
3799fd8b-41ab-442b-80c0-0482bcd932c2,math:Orz57K,1073,2026-04-23T04:30:37.256924Z,2026-04-23T04:32:20.768603Z,103.511679,1,True,True,True,1.0,1.0,0.009660745624655551,0.009660745624655551,0.0,,1287,178,1465,101.04278459098714,101.04278459098714,,,1465.0,0.0,1.0,1.0
4db0af7c-3c75-42a3-bab1-5720a482d2ca,math:Orz57K,1070,2026-04-23T04:30:38.550588Z,2026-04-23T04:32:22.601860Z,104.051272,1,True,True,False,0.0,0.0,0.009610646566627268,0.0,0.0,,1764,649,2413,101.63419106800575,101.63419106800575,,,2413.0,0.0,1.0,1.0
25c6ce29-13a5-48f2-9b51-a9ac891fd25e,math:Orz57K,1071,2026-04-23T04:30:42.273256Z,2026-04-23T04:31:33.951111Z,51.677855,1,True,True,False,0.0,0.0,0.01935064835798622,0.0,0.0,,623,514,1137,50.92162495700177,50.92162495700177,,,1137.0,0.0,1.0,1.0
6c302a26-aba2-4c82-9d3d-8c03c010ba17,math:Orz57K,1072,2026-04-23T04:30:45.951042Z,2026-04-23T04:31:36.081255Z,50.130213,1,True,True,False,0.0,0.0,0.01994805009106983,0.0,0.0,,623,390,1013,49.438254496999434,49.438254496999434,,,1013.0,0.0,1.0,1.0
288316b8-11de-477e-a750-8614029535c4,math:Orz57K,1073,2026-04-23T04:30:46.454043Z,2026-04-23T04:32:24.626196Z,98.172153,1,True,True,True,1.0,1.0,0.010186187930502045,0.010186187930502045,0.0,,1287,178,1465,95.70083407899074,95.70083407899074,,,1465.0,0.0,1.0,1.0
63371157-4761-4014-a4d5-97dd6793c4d5,math:Orz57K,1074,2026-04-23T04:30:47.281954Z,2026-04-23T04:31:40.809292Z,53.527338,1,True,True,False,0.0,0.0,0.01868204243596048,0.0,0.0,,586,703,1289,52.789271626010304,52.789271626010304,,,1289.0,0.0,1.0,1.0
614be5d3-28ca-4a22-b05d-ddc4297bff08,math:Orz57K,1071,2026-04-23T04:30:47.628199Z,2026-04-23T04:31:43.716697Z,56.088498,1,True,True,False,0.0,0.0,0.017828967357977742,0.0,0.0,,623,514,1137,55.317147366993595,55.317147366993595,,,1137.0,0.0,1.0,1.0
84a1095d-fb4e-47e3-a6b8-919a95df8670,math:Orz57K,1072,2026-04-23T04:30:51.348567Z,2026-04-23T04:31:46.194489Z,54.845922,1,True,True,False,0.0,0.0,0.01823289614859606,0.0,0.0,,623,390,1013,54.11309379400336,54.11309379400336,,,1013.0,0.0,1.0,1.0
c081d4e6-8863-459e-bc62-d38d1e2ba896,math:Orz57K,1073,2026-04-23T04:30:51.680785Z,2026-04-23T04:32:30.121117Z,98.440332,1,True,True,True,1.0,1.0,0.010158437905308975,0.010158437905308975,0.0,,1287,178,1465,95.96434059900639,95.96434059900639,,,1465.0,0.0,1.0,1.0
deea0b0e-044a-4ad9-9f75-3402426897a5,math:Orz57K,1074,2026-04-23T04:30:55.649220Z,2026-04-23T04:31:50.856923Z,55.207703,1,True,True,False,0.0,0.0,0.018113414354514985,0.0,0.0,,586,703,1289,54.495758572011255,54.495758572011255,,,1289.0,0.0,1.0,1.0
5bbd3409-81dd-4967-9f05-35c7afa865fd,math:Orz57K,1075,2026-04-23T04:30:56.463954Z,2026-04-23T04:33:10.703700Z,134.239746,1,True,True,True,1.0,1.0,0.007449358552868537,0.007449358552868537,0.0,,2281,358,2639,130.07589604900568,130.07589604900568,,,2639.0,0.0,1.0,1.0
6fcc8e54-d089-4f80-9316-f89908871b2d,math:Orz57K,1072,2026-04-23T04:30:56.931661Z,2026-04-23T04:31:54.195780Z,57.264119,1,True,True,False,0.0,0.0,0.017462942195967425,0.0,0.0,,623,390,1013,56.53575391499908,56.53575391499908,,,1013.0,0.0,1.0,1.0
4bf916d1-d9b6-4098-afaf-2f93d84eccfa,math:Orz57K,1073,2026-04-23T04:31:00.688786Z,2026-04-23T04:32:36.655454Z,95.966668,1,True,True,True,1.0,1.0,0.010420284676341998,0.010420284676341998,0.0,,1287,178,1465,93.54480067601253,93.54480067601253,,,1465.0,0.0,1.0,1.0
47e879cc-a3ea-44e1-82ed-cb152319ef8e,math:Orz57K,1074,2026-04-23T04:31:03.270598Z,2026-04-23T04:31:59.086086Z,55.815488,1,True,True,False,0.0,0.0,0.017916174091320316,0.0,0.0,,586,703,1289,55.10308861799422,55.10308861799422,,,1289.0,0.0,1.0,1.0
446b9b01-d007-40bb-8f89-6a12ce1bf8e1,math:Orz57K,1075,2026-04-23T04:31:06.203431Z,2026-04-23T04:33:19.653987Z,133.450556,1,True,True,True,1.0,1.0,0.007493412016957052,0.007493412016957052,0.0,,2281,358,2639,129.1818850439886,129.1818850439886,,,2639.0,0.0,1.0,1.0
f6474129-e19b-472e-89df-3b9875f13bb0,math:Orz57K,1076,2026-04-23T04:31:10.087678Z,2026-04-23T04:32:03.331483Z,53.243805,1,True,True,False,0.0,0.0,0.018781527728906677,0.0,0.0,,659,380,1039,52.45816158199159,52.45816158199159,,,1039.0,0.0,1.0,1.0
6ac24589-2338-4150-936e-4699b895b0ab,math:Orz57K,1073,2026-04-23T04:31:12.830542Z,2026-04-23T04:32:43.271380Z,90.440838,1,True,True,True,1.0,1.0,0.011056951949074157,0.011056951949074157,0.0,,1287,182,1469,87.91159989999142,87.91159989999142,,,1469.0,0.0,1.0,1.0
654b1114-6e72-4803-b0b4-713dc4c026bf,math:Orz57K,1074,2026-04-23T04:31:15.677679Z,2026-04-23T04:32:08.918686Z,53.241007,1,True,True,False,0.0,0.0,0.01878251476347921,0.0,0.0,,586,703,1289,52.529846047997125,52.529846047997125,,,1289.0,0.0,1.0,1.0
af65dc8a-8426-4e1b-9eee-91da05fdd739,math:Orz57K,1075,2026-04-23T04:31:17.807187Z,2026-04-23T04:33:26.454705Z,128.647518,1,True,True,True,1.0,1.0,0.007773177559476896,0.007773177559476896,0.0,,2281,358,2639,124.37853004201315,124.37853004201315,,,2639.0,0.0,1.0,1.0
622d62c1-486e-4975-9a5f-60c085cb4e25,math:Orz57K,1076,2026-04-23T04:31:19.293164Z,2026-04-23T04:32:11.851122Z,52.557958,1,True,True,False,0.0,0.0,0.01902661439015572,0.0,0.0,,659,380,1039,51.78149444599694,51.78149444599694,,,1039.0,0.0,1.0,1.0
45770dbf-d4b5-478b-8118-3db65d1021c6,math:Orz57K,1077,2026-04-23T04:31:21.865133Z,2026-04-23T04:32:50.110658Z,88.245525,1,True,True,False,0.0,0.0,0.011332019385685564,0.0,0.0,,1320,231,1551,85.63507246700465,85.63507246700465,,,1551.0,0.0,1.0,1.0
5e21305c-4177-4809-a5a7-f61fb594d417,math:Orz57K,1074,2026-04-23T04:31:24.700810Z,2026-04-23T04:32:17.576287Z,52.875477,1,True,True,False,0.0,0.0,0.018912358937206372,0.0,0.0,,586,703,1289,52.13528103500721,52.13528103500721,,,1289.0,0.0,1.0,1.0
0f9bd9c3-d61c-4222-91a8-d88a6e22e858,math:Orz57K,1075,2026-04-23T04:31:26.820306Z,2026-04-23T04:33:32.538588Z,125.718282,1,True,True,True,1.0,1.0,0.007954292598430513,0.007954292598430513,0.0,,2281,358,2639,121.54899127101817,121.54899127101817,,,2639.0,0.0,1.0,1.0
f73c80f4-76c6-437a-93eb-80c1ae54ca2b,math:Orz57K,1076,2026-04-23T04:31:28.056876Z,2026-04-23T04:32:20.484821Z,52.427945,1,True,True,False,0.0,0.0,0.019073797380385595,0.0,0.0,,659,380,1039,51.66170945498743,51.66170945498743,,,1039.0,0.0,1.0,1.0
2b8845b3-1c18-4259-80cb-61c14e5480d1,math:Orz57K,1077,2026-04-23T04:31:31.148837Z,2026-04-23T04:32:56.399790Z,85.250953,1,True,True,False,0.0,0.0,0.011730074149435022,0.0,0.0,,1320,231,1551,82.7003062950098,82.7003062950098,,,1551.0,0.0,1.0,1.0
8e85d50f-c02a-4fdd-b36a-d5612847f58e,math:Orz57K,1078,2026-04-23T04:31:33.976630Z,2026-04-23T04:32:23.585105Z,49.608475,1,True,True,False,0.0,0.0,0.020157846013206412,0.0,0.0,,614,173,787,48.90783909299353,48.90783909299353,,,787.0,0.0,1.0,1.0
a40f8b7c-bd8d-46cd-afa0-d446a77e1377,math:Orz57K,1075,2026-04-23T04:31:36.106402Z,2026-04-23T04:33:45.504137Z,129.397735,1,True,True,True,1.0,1.0,0.007728110542274947,0.007728110542274947,0.0,,2281,358,2639,125.1781817439769,125.1781817439769,,,2639.0,0.0,1.0,1.0
479cc9f6-020a-4c51-afbe-2a096d6096af,math:Orz57K,1076,2026-04-23T04:31:40.833467Z,2026-04-23T04:32:26.804343Z,45.970876,1,True,True,False,0.0,0.0,0.02175290285962791,0.0,0.0,,659,380,1039,45.22461610799655,45.22461610799655,,,1039.0,0.0,1.0,1.0
1b9fb42e-6068-41ce-a418-3fbb7d0c473e,math:Orz57K,1077,2026-04-23T04:31:43.740566Z,2026-04-23T04:33:04.983910Z,81.243344,1,True,True,False,0.0,0.0,0.012308700636448447,0.0,0.0,,1320,231,1551,78.75195950400666,78.75195950400666,,,1551.0,0.0,1.0,1.0
73b589d6-2aa4-4ec5-9734-6e87c66a7129,math:Orz57K,1078,2026-04-23T04:31:44.088668Z,2026-04-23T04:32:28.574220Z,44.485552,1,True,True,False,0.0,0.0,0.02247920853044602,0.0,0.0,,614,173,787,43.748318978003226,43.748318978003226,,,787.0,0.0,1.0,1.0
cfb666b9-1647-4f71-a087-e02c4643b34c,math:Orz57K,1079,2026-04-23T04:31:46.220518Z,2026-04-23T04:32:29.791367Z,43.570849,1,True,True,False,0.0,0.0,0.022951124959717906,0.0,0.0,,610,220,830,42.85848219299805,42.85848219299805,,,830.0,0.0,1.0,1.0
2720359f-6370-4740-a910-61bc235b8dd3,math:Orz57K,1076,2026-04-23T04:31:50.880774Z,2026-04-23T04:32:32.276174Z,41.3954,1,True,True,False,0.0,0.0,0.024157273513482173,0.0,0.0,,659,380,1039,40.643672215999686,40.643672215999686,,,1039.0,0.0,1.0,1.0
cc366ab5-1680-43f2-83d5-b8c87704f684,math:Orz57K,1077,2026-04-23T04:31:51.302078Z,2026-04-23T04:33:10.287700Z,78.985622,1,True,True,False,0.0,0.0,0.012660532064937084,0.0,0.0,,1320,231,1551,76.4110476779897,76.4110476779897,,,1551.0,0.0,1.0,1.0
f3c03dfb-3e74-4a36-8c2d-79aa016f99ca,math:Orz57K,1078,2026-04-23T04:31:54.220339Z,2026-04-23T04:32:35.066801Z,40.846462,1,True,True,False,0.0,0.0,0.02448192452996296,0.0,0.0,,614,173,787,40.09867326100357,40.09867326100357,,,787.0,0.0,1.0,1.0
f08daaf0-dcda-4863-8f10-38c703908580,math:Orz57K,1079,2026-04-23T04:31:54.609879Z,2026-04-23T04:32:36.328395Z,41.718516,1,True,True,False,0.0,0.0,0.023970171901608387,0.0,0.0,,610,220,830,41.00345053199271,41.00345053199271,,,830.0,0.0,1.0,1.0
e4567b44-4b28-49be-a922-5d8fb84b4161,math:Orz57K,1080,2026-04-23T04:31:59.110671Z,2026-04-23T04:33:18.192869Z,79.082198,1,True,True,True,1.0,1.0,0.01264507089193449,0.01264507089193449,0.0,,1588,341,1929,76.6485051579948,76.6485051579948,,,1929.0,0.0,1.0,1.0
8e8ffb83-1091-44f5-b195-f485a4838f99,math:Orz57K,1077,2026-04-23T04:32:00.118789Z,2026-04-23T04:33:18.726457Z,78.607668,1,True,True,False,0.0,0.0,0.012721405245096445,0.0,0.0,,1320,231,1551,76.09174841200002,76.09174841200002,,,1551.0,0.0,1.0,1.0
dd5c84a7-7cd7-4ab5-9ca0-431c12751f52,math:Orz57K,1078,2026-04-23T04:32:01.224728Z,2026-04-23T04:32:39.550591Z,38.325863,1,True,True,False,0.0,0.0,0.02609204129336892,0.0,0.0,,614,173,787,37.58110810699873,37.58110810699873,,,787.0,0.0,1.0,1.0
85d14558-89ae-4673-9912-9a5a46f0f543,math:Orz57K,1079,2026-04-23T04:32:03.356262Z,2026-04-23T04:32:41.790375Z,38.434113,1,True,True,False,0.0,0.0,0.02601855284132614,0.0,0.0,,610,220,830,37.678850819997024,37.678850819997024,,,830.0,0.0,1.0,1.0
46117b34-291f-44c4-bcea-e04ca8e3016e,math:Orz57K,1080,2026-04-23T04:32:05.002545Z,2026-04-23T04:32:42.959992Z,37.957447,1,True,True,True,1.0,1.0,0.026345291346912766,0.026345291346912766,0.0,,666,209,875,37.22819056500157,37.22819056500157,,,875.0,0.0,1.0,1.0
9a172e5d-c993-4921-8ed4-2b9006eb56bd,math:Orz57K,1081,2026-04-23T04:32:08.944803Z,2026-04-23T04:32:46.416341Z,37.471538,1,True,True,False,0.0,0.0,0.0266869216843995,0.0,0.0,,604,559,1163,36.73676443999284,36.73676443999284,,,1163.0,0.0,1.0,1.0
a0476e88-4d2a-41dd-ac50-e7163b3ff9e6,math:Orz57K,1078,2026-04-23T04:32:11.875111Z,2026-04-23T04:32:48.342267Z,36.467156,1,True,True,False,0.0,0.0,0.02742193550821457,0.0,0.0,,614,173,787,35.71602030900249,35.71602030900249,,,787.0,0.0,1.0,1.0
e06d9f80-26ce-44ac-8cd8-48e2131811eb,math:Orz57K,1079,2026-04-23T04:32:13.622277Z,2026-04-23T04:32:49.574446Z,35.952169,1,True,True,False,0.0,0.0,0.027814733514409103,0.0,0.0,,610,220,830,35.22954756800027,35.22954756800027,,,830.0,0.0,1.0,1.0
ca9c7eba-70fd-426d-9bd7-f7a8d03bb616,math:Orz57K,1080,2026-04-23T04:32:17.602478Z,2026-04-23T04:32:51.257229Z,33.654751,1,True,True,True,1.0,1.0,0.029713486812010585,0.029713486812010585,0.0,,666,209,875,32.92737799699535,32.92737799699535,,,875.0,0.0,1.0,1.0
ecac200e-43f4-4f66-9709-e4727a6f2795,math:Orz57K,1081,2026-04-23T04:32:20.510202Z,2026-04-23T04:32:55.317726Z,34.807524,1,True,True,False,0.0,0.0,0.028729420685022006,0.0,0.0,,604,559,1163,34.097556445005466,34.097556445005466,,,1163.0,0.0,1.0,1.0
6fd47dec-b1a8-447e-8d1f-4937abed205c,math:Orz57K,1082,2026-04-23T04:32:20.791239Z,2026-04-23T04:32:55.832162Z,35.040923,1,True,True,False,0.0,0.0,0.02853806105506981,0.0,0.0,,582,88,670,34.32193376099167,34.32193376099167,,,670.0,0.0,1.0,1.0
be33477c-0996-4cc4-ba8a-aabeabf8deea,math:Orz57K,1079,2026-04-23T04:32:22.626459Z,2026-04-23T04:32:57.579399Z,34.95294,1,True,True,False,0.0,0.0,0.02860989662099955,0.0,0.0,,610,220,830,34.230737468009465,34.230737468009465,,,830.0,0.0,1.0,1.0
4aa1162f-2604-475a-a75d-76b368280d46,math:Orz57K,1080,2026-04-23T04:32:23.608335Z,2026-04-23T04:32:58.771334Z,35.162999,1,True,True,True,1.0,1.0,0.028438984968261666,0.028438984968261666,0.0,,666,209,875,34.41454050200991,34.41454050200991,,,875.0,0.0,1.0,1.0
754c51e8-7c5f-4653-b91f-1d8c1ad25ad5,math:Orz57K,1081,2026-04-23T04:32:24.650344Z,2026-04-23T04:33:01.813537Z,37.163193,1,True,True,False,0.0,0.0,0.02690834450096901,0.0,0.0,,604,559,1163,36.459473187991534,36.459473187991534,,,1163.0,0.0,1.0,1.0
b2fc8e97-7d42-4fac-a4fe-127b8dc8d1a7,math:Orz57K,1082,2026-04-23T04:32:26.829122Z,2026-04-23T04:33:03.254092Z,36.42497,1,True,True,False,0.0,0.0,0.027453694539762145,0.0,0.0,,582,88,670,35.71135608899931,35.71135608899931,,,670.0,0.0,1.0,1.0
6eb745f6-be43-4d54-acf6-fd4ac9e3c330,math:Orz57K,1083,2026-04-23T04:32:28.598960Z,2026-04-23T04:33:04.461518Z,35.862558,1,True,True,False,0.0,0.0,0.027884235140170424,0.0,0.0,,588,207,795,35.124405292008305,35.124405292008305,,,795.0,0.0,1.0,1.0
10782ab5-bbca-439d-b376-1a1d335912bc,math:Orz57K,1080,2026-04-23T04:32:29.815549Z,2026-04-23T04:33:06.151524Z,36.335975,1,True,True,True,1.0,1.0,0.027520934831114344,0.027520934831114344,0.0,,666,209,875,35.604140142997494,35.604140142997494,,,875.0,0.0,1.0,1.0
85a4784a-06ca-44e5-af42-4b5ffd782cf7,math:Orz57K,1081,2026-04-23T04:32:30.145492Z,2026-04-23T04:33:09.255718Z,39.110226,1,True,True,False,0.0,0.0,0.0255687604566642,0.0,0.0,,604,559,1163,38.402937663006014,38.402937663006014,,,1163.0,0.0,1.0,1.0
5e125908-a552-4189-adfc-86591e03ab59,math:Orz57K,1082,2026-04-23T04:32:32.300374Z,2026-04-23T04:33:09.782570Z,37.482196,1,True,True,False,0.0,0.0,0.026679333302669885,0.0,0.0,,582,88,670,36.74637973100471,36.74637973100471,,,670.0,0.0,1.0,1.0
52f75152-da73-4c9d-a257-6c6f135d32eb,math:Orz57K,1083,2026-04-23T04:32:35.091011Z,2026-04-23T04:33:11.855740Z,36.764729,1,True,True,False,0.0,0.0,0.02719998289665075,0.0,0.0,,588,207,795,36.057735253998544,36.057735253998544,,,795.0,0.0,1.0,1.0
dbb275f3-55fd-48a1-a1bd-17ea799a9da8,math:Orz57K,1084,2026-04-23T04:32:36.354359Z,2026-04-23T04:33:14.216413Z,37.862054,1,True,True,False,0.0,0.0,0.02641166799878316,0.0,0.0,,626,412,1038,37.09860779499286,37.09860779499286,,,1038.0,0.0,1.0,1.0
ef95b670-4888-4ea5-83c8-337069855d51,math:Orz57K,1081,2026-04-23T04:32:36.679991Z,2026-04-23T04:33:17.290980Z,40.610989,1,True,True,False,0.0,0.0,0.024623877049633047,0.0,0.0,,604,559,1163,39.89538727099716,39.89538727099716,,,1163.0,0.0,1.0,1.0
27135698-a7c8-493a-91a2-2020f32598d0,math:Orz57K,1082,2026-04-23T04:32:39.574760Z,2026-04-23T04:33:19.194410Z,39.61965,1,True,True,False,0.0,0.0,0.025240000858160028,0.0,0.0,,582,88,670,38.90131824099808,38.90131824099808,,,670.0,0.0,1.0,1.0
87f4ad4d-fb21-40e2-ae9d-657640ef3ea8,math:Orz57K,1083,2026-04-23T04:32:41.814234Z,2026-04-23T04:33:20.826720Z,39.012486,1,True,True,False,0.0,0.0,0.025632819195372476,0.0,0.0,,588,207,795,38.24983181100106,38.24983181100106,,,795.0,0.0,1.0,1.0
2f86e2f4-5916-4849-a0e7-fcb7cd2c59ff,math:Orz57K,1084,2026-04-23T04:32:42.986166Z,2026-04-23T04:33:23.152225Z,40.166059,1,True,True,False,0.0,0.0,0.02489664221227181,0.0,0.0,,626,412,1038,39.39442384200811,39.39442384200811,,,1038.0,0.0,1.0,1.0
64a57d6c-cb31-4da7-9e8f-9a0296ef56b4,math:Orz57K,1085,2026-04-23T04:32:43.295606Z,2026-04-23T04:33:24.359978Z,41.064372,1,True,True,False,0.0,0.0,0.024352010058743868,0.0,0.0,,579,225,804,40.345442921010545,40.345442921010545,,,804.0,0.0,1.0,1.0
d3d0d7ff-f985-4efa-aa5c-2ca9f14e966d,math:Orz57K,1082,2026-04-23T04:32:46.441466Z,2026-04-23T04:33:24.875031Z,38.433565,1,True,True,False,0.0,0.0,0.02601892382348606,0.0,0.0,,582,88,670,37.69883523999306,37.69883523999306,,,670.0,0.0,1.0,1.0
9c21af4b-488a-4631-8986-cc2fabf99570,math:Orz57K,1083,2026-04-23T04:32:48.366377Z,2026-04-23T04:33:26.041713Z,37.675336,1,True,True,False,0.0,0.0,0.0265425635487365,0.0,0.0,,588,207,795,36.941466258009314,36.941466258009314,,,795.0,0.0,1.0,1.0
f3a2d2cb-1629-4c79-8134-e1708cd364b6,math:Orz57K,1084,2026-04-23T04:32:49.599964Z,2026-04-23T04:33:28.786718Z,39.186754,1,True,True,False,0.0,0.0,0.02551882710162725,0.0,0.0,,626,412,1038,38.43679337299545,38.43679337299545,,,1038.0,0.0,1.0,1.0
a34181d3-4c92-4844-ae54-42e843e50cf7,math:Orz57K,1085,2026-04-23T04:32:50.135849Z,2026-04-23T04:33:29.982915Z,39.847066,1,True,True,False,0.0,0.0,0.025095950602736977,0.0,0.0,,579,225,804,39.11166313299327,39.11166313299327,,,804.0,0.0,1.0,1.0
9ee416a6-bf21-4f1c-8e56-c105be83692e,math:Orz57K,1086,2026-04-23T04:32:51.283699Z,2026-04-23T04:33:32.080069Z,40.79637,1,True,True,True,1.0,1.0,0.024511984767272184,0.024511984767272184,0.0,,580,375,955,40.0782119850046,40.0782119850046,,,955.0,0.0,1.0,1.0
9609a835-f7e4-45fd-9878-050204e8dc04,math:Orz57K,1083,2026-04-23T04:32:55.340866Z,2026-04-23T04:33:33.675428Z,38.334562,1,True,True,False,0.0,0.0,0.026086120404871196,0.0,0.0,,588,207,795,37.62962911601062,37.62962911601062,,,795.0,0.0,1.0,1.0
945d484e-3fd5-4ef0-8e50-1dc19c54121b,math:Orz57K,1084,2026-04-23T04:32:55.862175Z,2026-04-23T04:33:36.081077Z,40.218902,1,True,True,False,0.0,0.0,0.024863930894980672,0.0,0.0,,626,412,1038,39.43144225800643,39.43144225800643,,,1038.0,0.0,1.0,1.0
77f1a3f9-70b9-4218-bfd0-5cfae2d93566,math:Orz57K,1085,2026-04-23T04:32:56.426426Z,2026-04-23T04:33:37.289755Z,40.863329,1,True,True,False,0.0,0.0,0.02447181921962354,0.0,0.0,,579,225,804,40.1384139360016,40.1384139360016,,,804.0,0.0,1.0,1.0
d442233b-58c6-49ce-80f8-5ab6bd678802,math:Orz57K,1086,2026-04-23T04:32:57.604237Z,2026-04-23T04:33:39.424322Z,41.820085,1,True,True,True,1.0,1.0,0.023911955224385602,0.023911955224385602,0.0,,580,375,955,41.05362962700019,41.05362962700019,,,955.0,0.0,1.0,1.0
4b6b8723-842f-40a6-9f12-ae87760bf245,math:Orz57K,1087,2026-04-23T04:32:58.797000Z,2026-04-23T04:33:41.496387Z,42.699387,1,True,True,False,0.0,0.0,0.023419539957330066,0.0,0.0,,588,378,966,41.97229053500632,41.97229053500632,,,966.0,0.0,1.0,1.0
4c6bdab7-1f7e-4d65-ade5-a444eca99c88,math:Orz57K,1084,2026-04-23T04:33:01.837072Z,2026-04-23T04:33:43.865094Z,42.028022,1,True,True,False,0.0,0.0,0.023793648913574852,0.0,0.0,,626,412,1038,41.24531537501025,41.24531537501025,,,1038.0,0.0,1.0,1.0
c74d78cd-56eb-4b5b-88c9-7453f123d24c,math:Orz57K,1085,2026-04-23T04:33:03.279382Z,2026-04-23T04:33:45.080314Z,41.800932,1,True,True,False,0.0,0.0,0.023922911575273008,0.0,0.0,,579,225,804,41.06192747601017,41.06192747601017,,,804.0,0.0,1.0,1.0
0b780fce-2593-4a01-9215-c188d7fd70b5,math:Orz57K,1086,2026-04-23T04:33:04.485581Z,2026-04-23T04:33:47.589923Z,43.104342,1,True,True,True,1.0,1.0,0.023199518971893828,0.023199518971893828,0.0,,580,375,955,42.37889722800173,42.37889722800173,,,955.0,0.0,1.0,1.0
c233bf93-f157-4b10-a533-42c7fb09097b,math:Orz57K,1087,2026-04-23T04:33:05.009665Z,2026-04-23T04:33:49.691275Z,44.68161,1,True,True,False,0.0,0.0,0.022380572230946916,0.0,0.0,,588,378,966,43.96723623300204,43.96723623300204,,,966.0,0.0,1.0,1.0
bcea3915-0023-44c8-ae15-f0503b0f1bf7,math:Orz57K,1088,2026-04-23T04:33:06.177853Z,2026-04-23T04:33:52.001523Z,45.82367,1,True,True,False,0.0,0.0,0.02182278285436326,0.0,0.0,,574,414,988,45.1146981149941,45.1146981149941,,,988.0,0.0,1.0,1.0
703014ca-9079-43e5-a6a0-9c776457bcee,math:Orz57K,1085,2026-04-23T04:33:09.281298Z,2026-04-23T04:33:53.254387Z,43.973089,1,True,True,False,0.0,0.0,0.022741181544012064,0.0,0.0,,579,225,804,43.2713906160061,43.2713906160061,,,804.0,0.0,1.0,1.0
85c6d555-1819-437c-a58c-6cc5401dbaa5,math:Orz57K,1086,2026-04-23T04:33:09.806083Z,2026-04-23T04:33:55.391866Z,45.585783,1,True,True,True,1.0,1.0,0.021936663893652984,0.021936663893652984,0.0,,580,375,955,44.84213374600222,44.84213374600222,,,955.0,0.0,1.0,1.0
ec6ce31e-fe13-4f38-89ae-66c22d37e3ed,math:Orz57K,1087,2026-04-23T04:33:10.312362Z,2026-04-23T04:33:57.503119Z,47.190757,1,True,True,False,0.0,0.0,0.021190590352259026,0.0,0.0,,588,378,966,46.45293715001026,46.45293715001026,,,966.0,0.0,1.0,1.0
40a5ff0f-8f81-462d-b328-69d5d5ef2b90,math:Orz57K,1088,2026-04-23T04:33:10.729424Z,2026-04-23T04:33:59.749130Z,49.019706,1,True,True,False,0.0,0.0,0.020399959151121794,0.0,0.0,,574,414,988,48.30168943799799,48.30168943799799,,,988.0,0.0,1.0,1.0
892e7710-5114-42fc-ad58-d8639e791649,math:Orz57K,1089,2026-04-23T04:33:11.879336Z,2026-04-23T04:34:01.339102Z,49.459766,1,True,True,False,0.0,0.0,0.020218453924751686,0.0,0.0,,615,282,897,48.74539549899055,48.74539549899055,,,897.0,0.0,1.0,1.0
79dde885-4055-43a1-949f-37dfde801514,math:Orz57K,1086,2026-04-23T04:33:14.242200Z,2026-04-23T04:34:03.466261Z,49.224061,1,True,True,True,1.0,1.0,0.02031526817748743,0.02031526817748743,0.0,,580,375,955,48.49652118400263,48.49652118400263,,,955.0,0.0,1.0,1.0
546ad8bf-26c4-40cc-8e8a-1409753bf83c,math:Orz57K,1087,2026-04-23T04:33:17.315981Z,2026-04-23T04:34:05.566701Z,48.25072,1,True,True,False,0.0,0.0,0.020725079335603695,0.0,0.0,,588,378,966,47.538670223002555,47.538670223002555,,,966.0,0.0,1.0,1.0
f70b76f2-495f-4768-9bd3-4c7d0fc7c249,math:Orz57K,1088,2026-04-23T04:33:18.217751Z,2026-04-23T04:34:07.891546Z,49.673795,1,True,True,False,0.0,0.0,0.02013133886790812,0.0,0.0,,574,414,988,48.96632985099859,48.96632985099859,,,988.0,0.0,1.0,1.0
8665e38f-5b78-469f-9c09-26a498275a6c,math:Orz57K,1089,2026-04-23T04:33:18.750623Z,2026-04-23T04:34:09.472031Z,50.721408,1,True,True,False,0.0,0.0,0.019715541019681475,0.0,0.0,,615,282,897,50.02095412899507,50.02095412899507,,,897.0,0.0,1.0,1.0
9a77fdab-e0a0-4b47-ae13-ceebee311ac2,math:Orz57K,1090,2026-04-23T04:33:19.218464Z,2026-04-23T04:34:11.043347Z,51.824883,1,True,True,False,0.0,0.0,0.019295750267299204,0.0,0.0,,690,278,968,51.11485124700994,51.11485124700994,,,968.0,0.0,1.0,1.0
07439d57-a8ee-499f-8f01-35a3cf6cead4,math:Orz57K,1087,2026-04-23T04:33:19.677896Z,2026-04-23T04:34:13.154663Z,53.476767,1,True,True,False,0.0,0.0,0.018699709352287507,0.0,0.0,,588,378,966,52.77655870199669,52.77655870199669,,,966.0,0.0,1.0,1.0
49d68028-a88c-4550-9577-1658ff5a4d6d,math:Orz57K,1088,2026-04-23T04:33:20.851440Z,2026-04-23T04:34:15.476136Z,54.624696,1,True,True,False,0.0,0.0,0.018306738036583305,0.0,0.0,,574,414,988,53.915307046991074,53.915307046991074,,,988.0,0.0,1.0,1.0
2cef39bb-c2d2-4ee7-a397-8c9c2788fa6a,math:Orz57K,1089,2026-04-23T04:33:23.177215Z,2026-04-23T04:34:17.082328Z,53.905113,1,True,True,False,0.0,0.0,0.018551115921044446,0.0,0.0,,615,282,897,53.17255088299862,53.17255088299862,,,897.0,0.0,1.0,1.0
f5fde8ad-63f3-477b-a62b-949ec19e8011,math:Orz57K,1090,2026-04-23T04:33:24.385703Z,2026-04-23T04:34:18.632467Z,54.246764,1,True,True,False,0.0,0.0,0.018434279324016454,0.0,0.0,,690,278,968,53.53012390799995,53.53012390799995,,,968.0,0.0,1.0,1.0
4a58404c-c0fe-430c-aeb2-96e7c68bf523,math:Orz57K,1091,2026-04-23T04:33:24.899055Z,2026-04-23T04:34:23.373156Z,58.474101,1,True,True,True,1.0,1.0,0.01710158827409762,0.01710158827409762,0.0,,706,839,1545,57.72959459100093,57.72959459100093,,,1545.0,0.0,1.0,1.0
5d492af6-ec54-41b6-ae2d-397e4f6cacb5,math:Orz57K,1088,2026-04-23T04:33:26.065130Z,2026-04-23T04:34:25.656881Z,59.591751,1,True,True,False,0.0,0.0,0.016780846060388457,0.0,0.0,,574,414,988,58.88003370400111,58.88003370400111,,,988.0,0.0,1.0,1.0
294ba6e1-2461-4831-abd6-7e8a8e683b78,math:Orz57K,1089,2026-04-23T04:33:26.478012Z,2026-04-23T04:34:27.276782Z,60.79877,1,True,True,False,0.0,0.0,0.01644770116237549,0.0,0.0,,615,282,897,60.050294972999836,60.050294972999836,,,897.0,0.0,1.0,1.0
3da318b1-018a-4753-b34f-6048914dfff1,math:Orz57K,1090,2026-04-23T04:33:28.812163Z,2026-04-23T04:34:28.813079Z,60.000916,1,True,True,False,0.0,0.0,0.016666412226106684,0.0,0.0,,690,278,968,59.28162319499825,59.28162319499825,,,968.0,0.0,1.0,1.0
c051d692-6578-4555-b96e-88c72d0283dd,math:Orz57K,1091,2026-04-23T04:33:30.008317Z,2026-04-23T04:34:33.502326Z,63.494009,1,True,True,True,1.0,1.0,0.015749517407224987,0.015749517407224987,0.0,,706,839,1545,62.76100591600698,62.76100591600698,,,1545.0,0.0,1.0,1.0
a46055a3-a9a6-45ab-afb9-d998aaf9ae70,math:Orz57K,1092,2026-04-23T04:33:32.105111Z,2026-04-23T04:34:36.476322Z,64.371211,1,True,True,False,0.0,0.0,0.015534894939292039,0.0,0.0,,663,513,1176,63.543787344999146,63.543787344999146,,,1176.0,0.0,1.0,1.0
8c096a90-3218-4450-baf3-4df9dc4b0bc4,math:Orz57K,1089,2026-04-23T04:33:32.563524Z,2026-04-23T04:34:37.740718Z,65.177194,1,True,True,False,0.0,0.0,0.015342789994917547,0.0,0.0,,615,245,860,64.47548862900294,64.47548862900294,,,860.0,0.0,1.0,1.0
49e781bf-6e6d-44e3-a533-8b934dc93ee4,math:Orz57K,1090,2026-04-23T04:33:33.699892Z,2026-04-23T04:34:39.310499Z,65.610607,1,True,True,False,0.0,0.0,0.015241438019312943,0.0,0.0,,690,278,968,64.90123159399081,64.90123159399081,,,968.0,0.0,1.0,1.0
7c4e0679-2b7a-4dd6-95c8-63899ed61d28,math:Orz57K,1091,2026-04-23T04:33:36.108065Z,2026-04-23T04:34:44.844891Z,68.736826,1,True,True,True,1.0,1.0,0.01454824230609659,0.01454824230609659,0.0,,706,980,1686,68.00468351300515,68.00468351300515,,,1686.0,0.0,1.0,1.0
49304767-1104-4eaa-97a2-2d2d1b2f090a,math:Orz57K,1092,2026-04-23T04:33:37.313533Z,2026-04-23T04:34:47.819580Z,70.506047,1,True,True,False,0.0,0.0,0.014183180628464393,0.0,0.0,,663,513,1176,69.6810869280016,69.6810869280016,,,1176.0,0.0,1.0,1.0
cc39079b-9a49-47bc-a139-c6aa61d8a58e,math:Orz57K,1093,2026-04-23T04:33:39.448345Z,2026-04-23T04:34:48.300168Z,68.851823,1,True,True,True,1.0,1.0,0.014523943687010292,0.014523943687010292,0.0,,552,105,657,68.1407828849915,68.1407828849915,,,657.0,0.0,1.0,1.0
1436ff97-ab9c-4aee-99e6-9ac13957155b,math:Orz57K,1090,2026-04-23T04:33:41.521820Z,2026-04-23T04:34:49.869830Z,68.34801,1,True,True,False,0.0,0.0,0.014631003887311422,0.0,0.0,,690,278,968,67.63638756600267,67.63638756600267,,,968.0,0.0,1.0,1.0
d4cb9758-f293-4c2d-a059-5e9a349df3eb,math:Orz57K,1091,2026-04-23T04:33:43.887987Z,2026-04-23T04:34:55.353712Z,71.465725,1,True,True,True,1.0,1.0,0.013992721685815121,0.013992721685815121,0.0,,706,977,1683,70.75150943399058,70.75150943399058,,,1683.0,0.0,1.0,1.0
fb7f8d80-ba70-4b66-9820-3dfe5f424116,math:Orz57K,1092,2026-04-23T04:33:45.105029Z,2026-04-23T04:34:58.352114Z,73.247085,1,True,True,False,0.0,0.0,0.013652420434205675,0.0,0.0,,663,513,1176,72.41116441399208,72.41116441399208,,,1176.0,0.0,1.0,1.0
0d6dc413-a078-40ce-82b1-2d1e0cd79229,math:Orz57K,1093,2026-04-23T04:33:45.529689Z,2026-04-23T04:34:58.865619Z,73.33593,1,True,True,True,1.0,1.0,0.013635880802220684,0.013635880802220684,0.0,,552,105,657,72.58045728100115,72.58045728100115,,,657.0,0.0,1.0,1.0
eb40f465-5780-422a-908e-66890eb717b7,math:Orz57K,1094,2026-04-23T04:33:47.614375Z,2026-04-23T04:35:01.004894Z,73.390519,1,True,True,False,0.0,0.0,0.013625738223761574,0.0,0.0,,591,393,984,72.65756473899819,72.65756473899819,,,984.0,0.0,1.0,1.0
c3b74e2d-af21-44d0-ab30-0084599fd2ce,math:Orz57K,1091,2026-04-23T04:33:49.715773Z,2026-04-23T04:35:06.501373Z,76.7856,1,True,True,True,1.0,1.0,0.013023275197432852,0.013023275197432852,0.0,,706,977,1683,76.05329431900464,76.05329431900464,,,1683.0,0.0,1.0,1.0
54d909f8-5c6d-4f5a-b841-215a0a6d17c1,math:Orz57K,1092,2026-04-23T04:33:52.024817Z,2026-04-23T04:35:09.481626Z,77.456809,1,True,True,False,0.0,0.0,0.01291042082562425,0.0,0.0,,663,513,1176,76.61610850399302,76.61610850399302,,,1176.0,0.0,1.0,1.0
2476bfc0-c69f-4e48-bb2a-cc85b76412c6,math:Orz57K,1093,2026-04-23T04:33:53.278392Z,2026-04-23T04:35:09.953105Z,76.674713,1,True,True,True,1.0,1.0,0.013042109463128998,0.013042109463128998,0.0,,552,105,657,75.96010419999948,75.96010419999948,,,657.0,0.0,1.0,1.0
90ed1ac7-9b52-44a9-8c79-6818bed0d280,math:Orz57K,1094,2026-04-23T04:33:55.416645Z,2026-04-23T04:35:12.186044Z,76.769399,1,True,True,False,0.0,0.0,0.013026023559204885,0.0,0.0,,591,393,984,76.06056628799706,76.06056628799706,,,984.0,0.0,1.0,1.0
ecc18b8f-8802-4404-9ff4-915dbf21cc8f,math:Orz57K,1095,2026-04-23T04:33:57.527845Z,2026-04-23T04:35:13.111483Z,75.583638,1,True,True,False,0.0,0.0,0.013230376659033006,0.0,0.0,,602,160,762,74.85751642000105,74.85751642000105,,,762.0,0.0,1.0,1.0
2efda359-750e-4147-9b54-d061e755e448,math:Orz57K,592,2026-04-23T04:35:13.359652Z,2026-04-23T04:39:50.098632Z,276.73898,1,True,True,True,1.0,1.0,0.0036135133547142506,0.0036135133547142506,0.0,,6211,157,6368,272.5680692970054,272.5680692970054,,,6368.0,0.0,1.0,1.0
69abbba2-956a-4710-a660-bd8b82e3b6ac,math:Orz57K,593,2026-04-23T04:35:13.376883Z,2026-04-23T04:35:17.580972Z,4.204089,1,True,True,True,1.0,1.0,0.23786366083115748,0.23786366083115748,0.0,,1965,422,2387,3.447855692007579,3.447855692007579,,,2387.0,0.0,1.0,1.0
a6b23362-fea4-4d01-a89b-5dd66c8d0929,math:Orz57K,594,2026-04-23T04:35:13.403919Z,2026-04-23T04:38:17.653873Z,184.249954,1,True,True,False,0.0,0.0,0.005427409767494433,0.0,0.0,,5638,208,5846,181.41884801501874,181.41884801501874,,,5846.0,0.0,1.0,1.0
a7cef1ba-f265-4cfc-8435-c8e7579cafa3,math:Orz57K,595,2026-04-23T04:35:13.397074Z,2026-04-23T04:35:41.717438Z,28.320364,1,True,True,False,0.0,0.0,0.0353102806164497,0.0,0.0,,1979,3937,5916,27.583479406996048,27.583479406996048,,,5916.0,0.0,1.0,1.0
76fdf553-e29b-41d5-b77e-cb9c78271fd5,math:Orz57K,596,2026-04-23T04:35:13.411803Z,2026-04-23T04:35:44.435908Z,31.024105,1,True,True,True,1.0,1.0,0.03223300075860368,0.03223300075860368,0.0,,1952,472,2424,30.313690979994135,30.313690979994135,,,2424.0,0.0,1.0,1.0
a275c7b9-e0ea-41ab-ba04-bb5df0ced80f,math:Orz57K,593,2026-04-23T04:35:13.430265Z,2026-04-23T04:35:54.083813Z,40.653548,1,True,True,True,1.0,1.0,0.02459809903922777,0.02459809903922777,0.0,,1965,422,2387,39.91792498200084,39.91792498200084,,,2387.0,0.0,1.0,1.0
a1f769ec-817c-4e74-a36c-51cbc58780ea,math:Orz57K,594,2026-04-23T04:35:13.418658Z,2026-04-23T04:38:17.600860Z,184.182202,1,True,True,False,0.0,0.0,0.005429406257180051,0.0,0.0,,5638,208,5846,181.34566767400247,181.34566767400247,,,5846.0,0.0,1.0,1.0
c4651ea1-0b08-4f5b-b572-775a5ac5b271,math:Orz57K,595,2026-04-23T04:35:13.440311Z,2026-04-23T04:36:19.493244Z,66.052933,1,True,True,False,0.0,0.0,0.015139373144868526,0.0,0.0,,1979,3937,5916,65.33512884299853,65.33512884299853,,,5916.0,0.0,1.0,1.0
e74f4d63-921a-40f4-8ade-306e607a3b5d,math:Orz57K,596,2026-04-23T04:35:13.423203Z,2026-04-23T04:35:51.620617Z,38.197414,1,True,True,False,0.0,0.0,0.02617978274654928,0.0,0.0,,1952,351,2303,37.46863366200705,37.46863366200705,,,2303.0,0.0,1.0,1.0
5b5abfbf-a0aa-4660-a764-18e9bd8895d9,math:Orz57K,597,2026-04-23T04:35:13.435108Z,2026-04-23T04:36:24.127556Z,70.692448,1,True,True,True,1.0,1.0,0.014145782587695931,0.014145782587695931,0.0,,1961,318,2279,69.9369463960029,69.9369463960029,,,2279.0,0.0,1.0,1.0
54fd36ed-5ce4-4cce-ab43-6fb26e63ab8f,math:Orz57K,594,2026-04-23T04:35:13.426981Z,2026-04-23T04:38:30.144714Z,196.717733,1,True,True,False,0.0,0.0,0.005083425803814036,0.0,0.0,,5638,208,5846,193.8743256029993,193.8743256029993,,,5846.0,0.0,1.0,1.0
2be67bd2-c5a3-4e5a-99b0-28990443d97b,math:Orz57K,595,2026-04-23T04:35:13.472269Z,2026-04-23T04:36:48.380728Z,94.908459,1,True,True,False,0.0,0.0,0.010536468619725457,0.0,0.0,,1979,3937,5916,94.17900461699173,94.17900461699173,,,5916.0,0.0,1.0,1.0
56ee319a-9304-4fa5-ac0b-76a1907ea338,math:Orz57K,596,2026-04-23T04:35:13.444633Z,2026-04-23T04:35:49.571773Z,36.12714,1,True,True,True,1.0,1.0,0.027680021169680193,0.027680021169680193,0.0,,1952,472,2424,35.41328483699181,35.41328483699181,,,2424.0,0.0,1.0,1.0
a9730aec-e36f-40f9-9a5d-ccf0c8594d27,math:Orz57K,597,2026-04-23T04:35:13.484378Z,2026-04-23T04:36:55.411911Z,101.927533,1,True,True,True,1.0,1.0,0.0098108918225265,0.0098108918225265,0.0,,1961,318,2279,101.17799266800284,101.17799266800284,,,2279.0,0.0,1.0,1.0
1efea861-d00b-4836-8a6d-ca8a3c1b393b,math:Orz57K,598,2026-04-23T04:35:13.477781Z,2026-04-23T04:36:59.692527Z,106.214746,1,True,True,False,0.0,0.0,0.009414888588068552,0.0,0.0,,2042,413,2455,105.45826042399858,105.45826042399858,,,2455.0,0.0,1.0,1.0
5f8fb8cf-e051-483a-a7bf-1df88a30a52d,math:Orz57K,595,2026-04-23T04:35:13.461807Z,2026-04-23T04:37:23.870059Z,130.408252,1,True,True,False,0.0,0.0,0.007668226394139536,0.0,0.0,,1979,3937,5916,129.69224317399494,129.69224317399494,,,5916.0,0.0,1.0,1.0
78a5b4f5-1dbc-4374-954b-32c7621ef711,math:Orz57K,596,2026-04-23T04:35:13.450229Z,2026-04-23T04:36:22.241442Z,68.791213,1,True,True,True,1.0,1.0,0.014536740324669083,0.014536740324669083,0.0,,1952,472,2424,68.08095725699968,68.08095725699968,,,2424.0,0.0,1.0,1.0
f311c1ea-eae4-41a0-a412-af9e5e689b47,math:Orz57K,597,2026-04-23T04:35:13.456803Z,2026-04-23T04:36:57.246784Z,103.789981,1,True,True,True,1.0,1.0,0.009634841343693858,0.009634841343693858,0.0,,1961,318,2279,103.04131538901129,103.04131538901129,,,2279.0,0.0,1.0,1.0
6f8ace2b-ae34-42b9-8bc9-a1a40be4a5f3,math:Orz57K,598,2026-04-23T04:35:13.466879Z,2026-04-23T04:36:53.562208Z,100.095329,1,True,True,False,0.0,0.0,0.009990476178963356,0.0,0.0,,2042,483,2525,99.36074146600731,99.36074146600731,,,2525.0,0.0,1.0,1.0
89518c2e-94b1-46f4-85da-8ce760193702,math:Orz57K,599,2026-04-23T04:35:13.509905Z,2026-04-23T04:37:31.839794Z,138.329889,1,True,True,True,1.0,1.0,0.007229095658422743,0.007229095658422743,0.0,,2016,1051,3067,137.62223553599324,137.62223553599324,,,3067.0,0.0,1.0,1.0
c8a7450a-3a1d-4b31-8603-b762020443f8,math:Orz57K,596,2026-04-23T04:35:13.517354Z,2026-04-23T04:38:00.338027Z,166.820673,1,True,True,True,1.0,1.0,0.005994460890347805,0.005994460890347805,0.0,,1952,472,2424,166.06603770800575,166.06603770800575,,,2424.0,0.0,1.0,1.0
c98564fb-a8c9-4082-9625-586e87de547f,math:Orz57K,597,2026-04-23T04:35:13.488607Z,2026-04-23T04:37:25.731648Z,132.243041,1,True,True,True,1.0,1.0,0.007561834576989197,0.007561834576989197,0.0,,1961,318,2279,131.50392790800834,131.50392790800834,,,2279.0,0.0,1.0,1.0
fd42e422-ffdc-4748-8714-1ab3df5e2f51,math:Orz57K,598,2026-04-23T04:35:13.497841Z,2026-04-23T04:36:50.813060Z,97.315219,1,True,True,False,0.0,0.0,0.010275885008284264,0.0,0.0,,2042,413,2455,96.54614689400478,96.54614689400478,,,2455.0,0.0,1.0,1.0
a495b753-74be-4232-a24a-15717ebfd385,math:Orz57K,599,2026-04-23T04:35:13.538144Z,2026-04-23T04:37:50.047613Z,156.509469,1,True,True,False,0.0,0.0,0.0063893897691263656,0.0,0.0,,2016,577,2593,155.75332116699428,155.75332116699428,,,2593.0,0.0,1.0,1.0
634b81c6-b138-47df-94b3-783758b520ba,math:Orz57K,600,2026-04-23T04:35:13.521328Z,2026-04-23T04:37:46.693361Z,153.172033,1,True,True,False,0.0,0.0,0.006528606955291897,0.0,0.0,,1960,556,2516,152.37142302500433,152.37142302500433,,,2516.0,0.0,1.0,1.0
9809b03f-a686-47d9-bdb6-4eaa9a2e4286,math:Orz57K,597,2026-04-23T04:35:13.557600Z,2026-04-23T04:37:57.612315Z,164.054715,1,True,True,True,1.0,1.0,0.006095527336718119,0.006095527336718119,0.0,,1961,302,2263,163.28977063800266,163.28977063800266,,,2263.0,0.0,1.0,1.0
4d1fe025-611d-4ba4-bb7f-7becb20c2f11,math:Orz57K,598,2026-04-23T04:35:13.527436Z,2026-04-23T04:37:43.417476Z,149.89004,1,True,True,False,0.0,0.0,0.006671557362984225,0.0,0.0,,2042,413,2455,149.12509862599836,149.12509862599836,,,2455.0,0.0,1.0,1.0
e997553a-b595-4134-a560-154627fe9a09,math:Orz57K,599,2026-04-23T04:35:13.532197Z,2026-04-23T04:37:35.294012Z,141.761815,1,True,True,False,0.0,0.0,0.00705408575645,0.0,0.0,,2016,577,2593,140.98728567900253,140.98728567900253,,,2593.0,0.0,1.0,1.0
b53d6c8a-8e73-401d-81e5-9ae52f7a0f8e,math:Orz57K,600,2026-04-23T04:35:13.552538Z,2026-04-23T04:38:03.592283Z,170.039745,1,True,True,False,0.0,0.0,0.00588097800311333,0.0,0.0,,1960,556,2516,169.22911421199387,169.22911421199387,,,2516.0,0.0,1.0,1.0
e5a4d22b-181d-4462-8a7e-b7e95043eb13,math:Orz57K,601,2026-04-23T04:35:13.503753Z,2026-04-23T04:37:41.072474Z,147.568721,1,True,True,False,0.0,0.0,0.006776503809367568,0.0,0.0,,1990,963,2953,146.71022727299714,146.71022727299714,,,2953.0,0.0,1.0,1.0
a6d012c6-ea1d-4da4-a9c2-48ce7b8b9bd8,math:Orz57K,598,2026-04-23T04:35:13.558572Z,2026-04-23T04:37:52.486101Z,158.927529,1,True,True,False,0.0,0.0,0.006292176102480018,0.0,0.0,,2042,413,2455,158.15659127899562,158.15659127899562,,,2455.0,0.0,1.0,1.0
c51f0285-fcfb-4ae9-82ca-02100bf3fe6e,math:Orz57K,599,2026-04-23T04:35:13.568531Z,2026-04-23T04:37:55.855600Z,162.287069,1,True,True,False,0.0,0.0,0.0061619203930536205,0.0,0.0,,2016,577,2593,161.52241122399573,161.52241122399573,,,2593.0,0.0,1.0,1.0
d2dd97dd-6ddd-4816-a171-eadcdca648af,math:Orz57K,600,2026-04-23T04:35:17.606644Z,2026-04-23T04:38:07.357893Z,169.751249,1,True,True,False,0.0,0.0,0.00589097285522771,0.0,0.0,,1960,556,2516,168.9490038399963,168.9490038399963,,,2516.0,0.0,1.0,1.0
b282c171-5dc8-4546-81e6-d8e9fb23711a,math:Orz57K,601,2026-04-23T04:35:41.742316Z,2026-04-23T04:38:13.131197Z,151.388881,1,True,True,False,0.0,0.0,0.006605504931369431,0.0,0.0,,1990,963,2953,150.49921458298923,150.49921458298923,,,2953.0,0.0,1.0,1.0
48899486-5a62-4d4f-ad7b-210bb56827f2,math:Orz57K,602,2026-04-23T04:35:44.462070Z,2026-04-23T04:38:17.422367Z,152.960297,1,True,True,False,0.0,0.0,0.006537644209725874,0.0,0.0,,2016,738,2754,152.11878874599643,152.11878874599643,,,2754.0,0.0,1.0,1.0
66197072-ff8b-4f58-abb7-0c9d59e3209e,math:Orz57K,599,2026-04-23T04:35:49.597075Z,2026-04-23T04:38:21.010980Z,151.413905,1,True,True,False,0.0,0.0,0.0066044132472509705,0.0,0.0,,2016,577,2593,150.66057836799882,150.66057836799882,,,2593.0,0.0,1.0,1.0
7c180200-0e8d-4aed-b9e4-32097886f1f0,math:Orz57K,600,2026-04-23T04:35:51.646830Z,2026-04-23T04:38:24.331479Z,152.684649,1,True,True,False,0.0,0.0,0.006549446892987912,0.0,0.0,,1960,556,2516,151.84969809999166,151.84969809999166,,,2516.0,0.0,1.0,1.0
26de28e1-6f5a-4e87-a8aa-a11441a74c5f,math:Orz57K,601,2026-04-23T04:35:54.108975Z,2026-04-23T04:38:29.978717Z,155.869742,1,True,True,False,0.0,0.0,0.006415613365164869,0.0,0.0,,1990,963,2953,155.02611783400062,155.02611783400062,,,2953.0,0.0,1.0,1.0
9e5adc86-71e8-4646-b458-b18767a06226,math:Orz57K,602,2026-04-23T04:36:19.518647Z,2026-04-23T04:38:34.466738Z,134.948091,1,True,True,False,0.0,0.0,0.007410256733457608,0.0,0.0,,2016,736,2752,134.14080804798868,134.14080804798868,,,2752.0,0.0,1.0,1.0
a2ced34f-4217-4597-8f42-1f036530fcad,math:Orz57K,603,2026-04-23T04:36:22.266588Z,2026-04-23T04:40:51.315400Z,269.048812,1,True,True,False,0.0,0.0,0.0037167976790769106,0.0,0.0,,4394,523,4917,266.5794207979925,266.5794207979925,,,4917.0,0.0,1.0,1.0
42dfd381-bfe5-41ee-81e0-952bc2f9aad1,math:Orz57K,600,2026-04-23T04:36:24.152844Z,2026-04-23T04:38:40.495914Z,136.34307,1,True,True,False,0.0,0.0,0.007334439513500759,0.0,0.0,,1960,556,2516,135.54583502199966,135.54583502199966,,,2516.0,0.0,1.0,1.0
b066ed05-292d-403d-9317-6c009aaa075a,math:Orz57K,601,2026-04-23T04:36:48.406260Z,2026-04-23T04:38:46.214947Z,117.808687,1,True,True,False,0.0,0.0,0.00848833838543672,0.0,0.0,,1990,963,2953,116.96098025099491,116.96098025099491,,,2953.0,0.0,1.0,1.0
dcb1ec02-000b-4c2f-9e9b-9d5aacad441b,math:Orz57K,602,2026-04-23T04:36:50.837936Z,2026-04-23T04:38:50.497507Z,119.659571,1,True,True,False,0.0,0.0,0.008357041493989645,0.0,0.0,,2016,738,2754,118.85511458400288,118.85511458400288,,,2754.0,0.0,1.0,1.0
2e66756e-bc29-40e3-b3ca-004aa9a78308,math:Orz57K,603,2026-04-23T04:36:53.587954Z,2026-04-23T04:41:17.780730Z,264.192776,1,True,True,False,0.0,0.0,0.0037851148511343097,0.0,0.0,,4394,523,4917,261.71636973398563,261.71636973398563,,,4917.0,0.0,1.0,1.0
9be5353b-7371-4f25-b8e5-31167c85d2df,math:Orz57K,604,2026-04-23T04:36:55.437197Z,2026-04-23T04:42:49.369818Z,353.932621,1,True,True,True,1.0,1.0,0.0028253965321834522,0.0028253965321834522,0.0,,6192,145,6337,349.7249094029976,349.7249094029976,,,6337.0,0.0,1.0,1.0
d1b7b170-0798-4fb3-a776-ed6f2da0d5c4,math:Orz57K,601,2026-04-23T04:36:57.272743Z,2026-04-23T04:38:59.370045Z,122.097302,1,True,True,False,0.0,0.0,0.008190189165686888,0.0,0.0,,1990,963,2953,121.19536210500519,121.19536210500519,,,2953.0,0.0,1.0,1.0
091f9972-a182-4598-9500-4ce6f3b5e63b,math:Orz57K,602,2026-04-23T04:36:59.716959Z,2026-04-23T04:39:03.569081Z,123.852122,1,True,True,False,0.0,0.0,0.00807414506793836,0.0,0.0,,2016,738,2754,123.03308669799299,123.03308669799299,,,2754.0,0.0,1.0,1.0
f14dc9a2-8f71-463f-857d-8a4d716f89ab,math:Orz57K,603,2026-04-23T04:37:23.893801Z,2026-04-23T04:41:26.018536Z,242.124735,1,True,True,False,0.0,0.0,0.004130102610127792,0.0,0.0,,4394,515,4909,239.66920908399334,239.66920908399334,,,4909.0,0.0,1.0,1.0
b20317d0-575e-4cab-8e2b-741430b60c41,math:Orz57K,604,2026-04-23T04:37:25.754692Z,2026-04-23T04:42:58.694650Z,332.939958,1,True,True,True,1.0,1.0,0.0030035445610286284,0.0030035445610286284,0.0,,6192,145,6337,328.6712596970028,328.6712596970028,,,6337.0,0.0,1.0,1.0
dac6e49e-3027-4374-a992-03f1b1c02d6a,math:Orz57K,605,2026-04-23T04:37:31.862726Z,2026-04-23T04:39:09.345203Z,97.482477,1,True,True,True,1.0,1.0,0.010258253901365267,0.010258253901365267,0.0,,2034,450,2484,96.742712502004,96.742712502004,,,2484.0,0.0,1.0,1.0
84e1579f-e67c-4a88-90bd-d2f342618d3c,math:Orz57K,602,2026-04-23T04:37:35.319066Z,2026-04-23T04:39:13.814700Z,98.495634,1,True,True,False,0.0,0.0,0.01015273428261805,0.0,0.0,,2016,736,2752,97.65196140098851,97.65196140098851,,,2752.0,0.0,1.0,1.0
8b9dc5d4-230a-4512-8c2b-86ea8c09f044,math:Orz57K,603,2026-04-23T04:37:41.097629Z,2026-04-23T04:41:51.207647Z,250.110018,1,True,True,False,0.0,0.0,0.003998240486312707,0.0,0.0,,4394,523,4917,247.61640472301224,247.61640472301224,,,4917.0,0.0,1.0,1.0
d3d6148f-7b70-4ec0-bbfc-e48f6febbf68,math:Orz57K,604,2026-04-23T04:37:43.442434Z,2026-04-23T04:43:05.534013Z,322.091579,1,True,True,True,1.0,1.0,0.003104707062211024,0.003104707062211024,0.0,,6192,145,6337,317.82454252000025,317.82454252000025,,,6337.0,0.0,1.0,1.0
8fc0e0e3-184f-4f3f-b868-c4595841e8f1,math:Orz57K,605,2026-04-23T04:37:46.718358Z,2026-04-23T04:39:19.479630Z,92.761272,1,True,True,True,1.0,1.0,0.010780361011004679,0.010780361011004679,0.0,,2034,450,2484,92.02755267100292,92.02755267100292,,,2484.0,0.0,1.0,1.0
124dba2b-a58b-4074-b8d9-992f92bdf061,math:Orz57K,606,2026-04-23T04:37:50.072726Z,2026-04-23T04:39:21.209094Z,91.136368,1,True,True,True,1.0,1.0,0.010972568053183774,0.010972568053183774,0.0,,1947,302,2249,90.40219594800146,90.40219594800146,,,2249.0,0.0,1.0,1.0
704ad344-012e-4e09-a8c8-957d5dd043bb,math:Orz57K,603,2026-04-23T04:37:52.510226Z,2026-04-23T04:41:59.584236Z,247.07401,1,True,True,False,0.0,0.0,0.004047370259623827,0.0,0.0,,4394,515,4909,244.60738952700922,244.60738952700922,,,4909.0,0.0,1.0,1.0
50d2dbb8-831d-46b4-961d-66e8ef8f79f0,math:Orz57K,604,2026-04-23T04:37:55.879036Z,2026-04-23T04:43:37.035527Z,341.156491,1,True,True,True,1.0,1.0,0.0029312061367168887,0.0029312061367168887,0.0,,6192,145,6337,336.81374611101637,336.81374611101637,,,6337.0,0.0,1.0,1.0
f68df9fd-6e34-4cee-9a47-1ffb3c82fd02,math:Orz57K,605,2026-04-23T04:37:57.635102Z,2026-04-23T04:39:26.937610Z,89.302508,1,True,True,True,1.0,1.0,0.0111978937926357,0.0111978937926357,0.0,,2034,450,2484,88.5553136679955,88.5553136679955,,,2484.0,0.0,1.0,1.0
9bf1e171-77f6-4f54-a35b-9900caf066b1,math:Orz57K,606,2026-04-23T04:38:00.363013Z,2026-04-23T04:39:28.646757Z,88.283744,1,True,True,True,1.0,1.0,0.011327113630341732,0.011327113630341732,0.0,,1947,302,2249,87.56657200699556,87.56657200699556,,,2249.0,0.0,1.0,1.0
a8722f08-0c91-49d2-a792-72f6377ca136,math:Orz57K,607,2026-04-23T04:38:03.617188Z,2026-04-23T04:39:49.918402Z,106.301214,1,True,True,False,0.0,0.0,0.009407230288075543,0.0,0.0,,1970,3510,5480,105.58639809100714,105.58639809100714,,,5480.0,0.0,1.0,1.0
966a5825-0d98-46e5-a4e9-e956fecddb44,math:Orz57K,604,2026-04-23T04:38:07.382915Z,2026-04-23T04:44:10.404454Z,363.021539,1,True,True,True,1.0,1.0,0.0027546574860396918,0.0027546574860396918,0.0,,6192,145,6337,358.8038348470145,358.8038348470145,,,6337.0,0.0,1.0,1.0
a77d1829-513f-4c0a-b023-d1ae22b1d93e,math:Orz57K,605,2026-04-23T04:38:13.155122Z,2026-04-23T04:39:53.141119Z,99.985997,1,True,True,True,1.0,1.0,0.01000140049611147,0.01000140049611147,0.0,,2034,450,2484,99.24200116501015,99.24200116501015,,,2484.0,0.0,1.0,1.0
d55b28ea-e6f9-4f53-8355-a12b3da413ac,math:Orz57K,606,2026-04-23T04:38:17.448183Z,2026-04-23T04:39:54.878134Z,97.429951,1,True,True,True,1.0,1.0,0.010263784285388792,0.010263784285388792,0.0,,1947,302,2249,96.6945816840016,96.6945816840016,,,2249.0,0.0,1.0,1.0
38c7f9aa-8d56-42ca-8f44-f830e6ab42f1,math:Orz57K,607,2026-04-23T04:38:17.625143Z,2026-04-23T04:40:16.273224Z,118.648081,1,True,True,False,0.0,0.0,0.008428286336969917,0.0,0.0,,1970,3510,5480,117.92186340400076,117.92186340400076,,,5480.0,0.0,1.0,1.0
c3ee16f1-7a12-4cbb-a84d-196254c295b3,math:Orz57K,608,2026-04-23T04:38:17.677712Z,2026-04-23T04:40:19.359495Z,121.681783,1,True,True,False,0.0,0.0,0.008218157026841068,0.0,0.0,,1953,526,2479,120.94139371300116,120.94139371300116,,,2479.0,0.0,1.0,1.0
50230aa9-3c77-4e03-8085-1e5e15cd7adb,math:Orz57K,605,2026-04-23T04:38:21.037061Z,2026-04-23T04:40:21.985900Z,120.948839,1,True,True,True,1.0,1.0,0.008267958653162433,0.008267958653162433,0.0,,2034,450,2484,120.23644422000507,120.23644422000507,,,2484.0,0.0,1.0,1.0
e3819bf6-24d9-4d79-bd26-12ceefb1acad,math:Orz57K,606,2026-04-23T04:38:24.355592Z,2026-04-23T04:40:23.767339Z,119.411747,1,True,True,True,1.0,1.0,0.008374385478172427,0.008374385478172427,0.0,,1947,302,2249,118.68545680800162,118.68545680800162,,,2249.0,0.0,1.0,1.0
77366f6b-e632-417b-98b7-99180e637c17,math:Orz57K,607,2026-04-23T04:38:30.001773Z,2026-04-23T04:40:45.180380Z,135.178607,1,True,True,False,0.0,0.0,0.007397620246227274,0.0,0.0,,1970,3510,5480,134.46769770899846,134.46769770899846,,,5480.0,0.0,1.0,1.0
178759f7-162b-437a-a065-d16d5f9ef9be,math:Orz57K,608,2026-04-23T04:38:30.168774Z,2026-04-23T04:40:48.313859Z,138.145085,1,True,True,False,0.0,0.0,0.007238766402727973,0.0,0.0,,1953,526,2479,137.37925822900434,137.37925822900434,,,2479.0,0.0,1.0,1.0
4e033a76-7640-42a1-89d6-445dbc5fc283,math:Orz57K,609,2026-04-23T04:38:34.490850Z,2026-04-23T04:40:50.929175Z,136.438325,1,True,True,False,0.0,0.0,0.007329318943192832,0.0,0.0,,2010,451,2461,135.68198879199917,135.68198879199917,,,2461.0,0.0,1.0,1.0
f8aca20b-44e8-49f7-95e7-28568f42262b,math:Orz57K,606,2026-04-23T04:38:40.521067Z,2026-04-23T04:40:53.032524Z,132.511457,1,True,True,True,1.0,1.0,0.007546517279634167,0.007546517279634167,0.0,,1947,302,2249,131.76806867400592,131.76806867400592,,,2249.0,0.0,1.0,1.0
c8969962-d3e2-4970-857d-2bd4ccab4b69,math:Orz57K,607,2026-04-23T04:38:46.240989Z,2026-04-23T04:41:14.345548Z,148.104559,1,True,True,False,0.0,0.0,0.006751986615077798,0.0,0.0,,1970,3510,5480,147.34545608500775,147.34545608500775,,,5480.0,0.0,1.0,1.0
6cfee88d-cc73-4e37-a866-e42895bcec6a,math:Orz57K,608,2026-04-23T04:38:50.520260Z,2026-04-23T04:41:17.398553Z,146.878293,1,True,True,False,0.0,0.0,0.0068083579920145175,0.0,0.0,,1953,526,2479,146.1210164570075,146.1210164570075,,,2479.0,0.0,1.0,1.0
fb3680b2-147a-4525-9c71-10bb437fe4a8,math:Orz57K,609,2026-04-23T04:38:59.393369Z,2026-04-23T04:41:20.793374Z,141.400005,1,True,True,False,0.0,0.0,0.0070721355349315585,0.0,0.0,,2010,451,2461,140.63074572599726,140.63074572599726,,,2461.0,0.0,1.0,1.0
663f3137-a420-461c-9624-b374d85774a1,math:Orz57K,610,2026-04-23T04:39:03.593866Z,2026-04-23T04:41:25.698655Z,142.104789,1,True,True,False,0.0,0.0,0.007037060517362296,0.0,0.0,,1933,859,2792,141.36411513900384,141.36411513900384,,,2792.0,0.0,1.0,1.0
21334080-0fc0-41ad-b2d2-e0c12e25e635,math:Orz57K,607,2026-04-23T04:39:09.368475Z,2026-04-23T04:41:47.744036Z,158.375561,1,True,True,False,0.0,0.0,0.00631410549510224,0.0,0.0,,1970,3510,5480,157.6572750849882,157.6572750849882,,,5480.0,0.0,1.0,1.0
3c81cd82-a3cb-47a5-828c-ac9d92f34e89,math:Orz57K,608,2026-04-23T04:39:13.839003Z,2026-04-23T04:41:50.809744Z,156.970741,1,True,True,False,0.0,0.0,0.00637061399869419,0.0,0.0,,1953,526,2479,156.2311362039909,156.2311362039909,,,2479.0,0.0,1.0,1.0
91907edd-c30c-4734-813f-f53aed1f6a52,math:Orz57K,609,2026-04-23T04:39:19.505629Z,2026-04-23T04:41:54.284187Z,154.778558,1,True,True,False,0.0,0.0,0.006460843239022811,0.0,0.0,,2010,451,2461,154.014607531004,154.014607531004,,,2461.0,0.0,1.0,1.0
95e2a752-313b-4105-b552-b7bcb850fb58,math:Orz57K,610,2026-04-23T04:39:21.233782Z,2026-04-23T04:41:59.229096Z,157.995314,1,True,True,False,0.0,0.0,0.006329301639920789,0.0,0.0,,1933,859,2792,157.25032514600025,157.25032514600025,,,2792.0,0.0,1.0,1.0
254250b4-b410-4361-aebf-c4d4b79ddbca,math:Orz57K,611,2026-04-23T04:39:26.962271Z,2026-04-23T04:42:02.668165Z,155.705894,1,True,True,True,1.0,1.0,0.006422364461039606,0.006422364461039606,0.0,,1943,460,2403,154.9374905290024,154.9374905290024,,,2403.0,0.0,1.0,1.0
08628038-2ea6-4610-8e92-5f3011db9ad3,math:Orz57K,608,2026-04-23T04:39:28.672334Z,2026-04-23T04:42:05.700396Z,157.028062,1,True,True,False,0.0,0.0,0.006368288491008696,0.0,0.0,,1953,526,2479,156.2680924699962,156.2680924699962,,,2479.0,0.0,1.0,1.0
3e251d1c-f0d8-49d9-986f-91698d4c8f22,math:Orz57K,609,2026-04-23T04:39:49.949729Z,2026-04-23T04:42:08.376258Z,138.426529,1,True,True,False,0.0,0.0,0.007224048794866482,0.0,0.0,,2010,451,2461,137.6617812649929,137.6617812649929,,,2461.0,0.0,1.0,1.0
6eee29a2-ca00-4568-b524-7037420c33b7,math:Orz57K,610,2026-04-23T04:39:50.126326Z,2026-04-23T04:42:13.405487Z,143.279161,1,True,True,False,0.0,0.0,0.006979382019133963,0.0,0.0,,1933,859,2792,142.5384368840023,142.5384368840023,,,2792.0,0.0,1.0,1.0
8ac190b8-5a02-421e-8784-df1001c6b3f1,math:Orz57K,611,2026-04-23T04:39:53.167273Z,2026-04-23T04:42:16.467797Z,143.300524,1,True,True,True,1.0,1.0,0.006978341544654785,0.006978341544654785,0.0,,1943,460,2403,142.59778097800154,142.59778097800154,,,2403.0,0.0,1.0,1.0
5382bab6-c5ce-43b2-8de1-d4d27b93a94f,math:Orz57K,612,2026-04-23T04:39:54.902238Z,2026-04-23T04:44:13.544723Z,258.642485,1,True,True,True,1.0,1.0,0.0038663408295044797,0.0038663408295044797,0.0,,4280,132,4412,256.12453682901105,256.12453682901105,,,4412.0,0.0,1.0,1.0
8dc796cd-9b87-497d-829a-a8a635d0183a,math:Orz57K,609,2026-04-23T04:40:16.298658Z,2026-04-23T04:42:19.898202Z,123.599544,1,True,True,False,0.0,0.0,0.00809064473571197,0.0,0.0,,2010,451,2461,122.85090845898958,122.85090845898958,,,2461.0,0.0,1.0,1.0
971d1d21-7b54-4643-88e9-76ec95fef955,math:Orz57K,610,2026-04-23T04:40:19.384456Z,2026-04-23T04:42:24.923839Z,125.539383,1,True,True,False,0.0,0.0,0.007965627806215998,0.0,0.0,,1933,859,2792,124.77408402299625,124.77408402299625,,,2792.0,0.0,1.0,1.0
bc567dd2-966f-4bb9-bb28-37847814fda1,math:Orz57K,611,2026-04-23T04:40:22.008431Z,2026-04-23T04:42:27.542251Z,125.53382,1,True,True,True,1.0,1.0,0.00796598080103035,0.00796598080103035,0.0,,1943,460,2403,124.80979751799896,124.80979751799896,,,2403.0,0.0,1.0,1.0
fb5148c2-7dad-4e80-930b-218ed0a66f85,math:Orz57K,612,2026-04-23T04:40:23.792613Z,2026-04-23T04:44:43.782113Z,259.9895,1,True,True,True,1.0,1.0,0.0038463091778706444,0.0038463091778706444,0.0,,4280,132,4412,257.5376667140081,257.5376667140081,,,4412.0,0.0,1.0,1.0
8afc9955-476d-4504-817e-b6bf7d8936c3,math:Orz57K,613,2026-04-23T04:40:45.205198Z,2026-04-23T04:44:44.094615Z,238.889417,1,True,True,False,0.0,0.0,0.004186037257565076,0.0,0.0,,4446,550,4996,236.3930426769948,236.3930426769948,,,4996.0,0.0,1.0,1.0
d3b845c4-b4d9-4264-b047-2c31aaba42f2,math:Orz57K,610,2026-04-23T04:40:48.338487Z,2026-04-23T04:42:36.287056Z,107.948569,1,True,True,False,0.0,0.0,0.009263670739349958,0.0,0.0,,1933,859,2792,107.19011397300346,107.19011397300346,,,2792.0,0.0,1.0,1.0
c0afa80f-a9dd-4e4f-b25e-8f4ce924b3cc,math:Orz57K,611,2026-04-23T04:40:50.953701Z,2026-04-23T04:42:38.939996Z,107.986295,1,True,True,True,1.0,1.0,0.009260434391234555,0.009260434391234555,0.0,,1943,460,2403,107.27912763399945,107.27912763399945,,,2403.0,0.0,1.0,1.0
e776da6c-7a16-4071-a6ce-f7825ce2051d,math:Orz57K,612,2026-04-23T04:40:51.340591Z,2026-04-23T04:44:49.574778Z,238.234187,1,True,True,True,1.0,1.0,0.004197550370887785,0.004197550370887785,0.0,,4280,132,4412,235.74743947699608,235.74743947699608,,,4412.0,0.0,1.0,1.0
0b889b47-d937-43ad-8075-94bfd5d15eba,math:Orz57K,613,2026-04-23T04:40:53.057812Z,2026-04-23T04:44:49.901021Z,236.843209,1,True,True,False,0.0,0.0,0.004222202545820092,0.0,0.0,,4446,550,4996,234.29192638699897,234.29192638699897,,,4996.0,0.0,1.0,1.0
5f645359-c4fa-47c4-af53-83dc91611976,math:Orz57K,614,2026-04-23T04:41:14.370845Z,2026-04-23T04:42:45.776521Z,91.405676,1,True,True,True,1.0,1.0,0.010940239641135633,0.010940239641135633,0.0,,1973,522,2495,90.67482178499631,90.67482178499631,,,2495.0,0.0,1.0,1.0
cad6393c-2757-4475-a44a-3ca02952fe92,math:Orz57K,611,2026-04-23T04:41:17.424909Z,2026-04-23T04:42:48.416952Z,90.992043,1,True,True,True,1.0,1.0,0.010989971947327306,0.010989971947327306,0.0,,1943,460,2403,90.28547123000317,90.28547123000317,,,2403.0,0.0,1.0,1.0
fd2b038f-af81-472c-b3d4-0b6b219319d8,math:Orz57K,612,2026-04-23T04:41:17.806175Z,2026-04-23T04:45:18.250541Z,240.444366,1,True,True,True,1.0,1.0,0.004158966236705251,0.004158966236705251,0.0,,4280,132,4412,237.9535146029957,237.9535146029957,,,4412.0,0.0,1.0,1.0
88a8a1da-cfeb-40da-8be4-b3ccc1189079,math:Orz57K,613,2026-04-23T04:41:20.818563Z,2026-04-23T04:45:18.600349Z,237.781786,1,True,True,False,0.0,0.0,0.004205536583866016,0.0,0.0,,4446,550,4996,235.16541430198413,235.16541430198413,,,4996.0,0.0,1.0,1.0
4d7e3fba-18a1-468a-baf6-3596759d02e8,math:Orz57K,614,2026-04-23T04:41:25.724966Z,2026-04-23T04:42:55.381685Z,89.656719,1,True,True,True,1.0,1.0,0.011153653749029116,0.011153653749029116,0.0,,1973,522,2495,88.91420028400898,88.91420028400898,,,2495.0,0.0,1.0,1.0
6bdf0308-7ce9-4ffd-b0a6-c736cd3dd09c,math:Orz57K,615,2026-04-23T04:41:26.043072Z,2026-04-23T04:42:58.454854Z,92.411782,1,True,True,True,1.0,1.0,0.010821131011195088,0.010821131011195088,0.0,,1961,530,2491,91.68003810399387,91.68003810399387,,,2491.0,0.0,1.0,1.0
2bd44f16-01d9-4629-b1f5-6696f173c015,math:Orz57K,612,2026-04-23T04:41:47.768380Z,2026-04-23T04:45:49.168154Z,241.399774,1,True,True,True,1.0,1.0,0.004142505949487757,0.004142505949487757,0.0,,4280,132,4412,238.9385404939967,238.9385404939967,,,4412.0,0.0,1.0,1.0
ec53dc97-0a14-4006-b227-608962cbc579,math:Orz57K,613,2026-04-23T04:41:50.833910Z,2026-04-23T04:45:49.508478Z,238.674568,1,True,True,False,0.0,0.0,0.004189805425771212,0.0,0.0,,4446,550,4996,236.2159318789927,236.2159318789927,,,4996.0,0.0,1.0,1.0
95c3acea-d1bc-48d3-bb48-4271d53871cc,math:Orz57K,614,2026-04-23T04:41:51.234293Z,2026-04-23T04:43:05.314983Z,74.08069,1,True,True,True,1.0,1.0,0.013498794355182166,0.013498794355182166,0.0,,1973,522,2495,73.34963400400011,73.34963400400011,,,2495.0,0.0,1.0,1.0
cb87b858-881f-4b82-9fdd-c9537b82b874,math:Orz57K,615,2026-04-23T04:41:54.309477Z,2026-04-23T04:43:08.621529Z,74.312052,1,True,True,True,1.0,1.0,0.013456767416407773,0.013456767416407773,0.0,,1961,530,2491,73.59672186399985,73.59672186399985,,,2491.0,0.0,1.0,1.0
069b4600-6b65-4e2e-a5bc-e68ecbd749f7,math:Orz57K,616,2026-04-23T04:41:59.254789Z,2026-04-23T04:43:33.860640Z,94.605851,1,True,True,False,0.0,0.0,0.010570170760368721,0.0,0.0,,1970,4096,6066,93.87718738400145,93.87718738400145,,,6066.0,0.0,1.0,1.0
66dfb83d-d67d-4445-9e0c-14e2a32a3e2d,math:Orz57K,613,2026-04-23T04:41:59.609780Z,2026-04-23T04:46:24.509412Z,264.899632,1,True,True,False,0.0,0.0,0.0037750146817871004,0.0,0.0,,4446,550,4996,262.4553061470215,262.4553061470215,,,4996.0,0.0,1.0,1.0
8991d5a5-9aa3-4be9-ba78-9e325fbdc04b,math:Orz57K,614,2026-04-23T04:42:02.693808Z,2026-04-23T04:43:40.080360Z,97.386552,1,True,True,True,1.0,1.0,0.010268358202064697,0.010268358202064697,0.0,,1973,522,2495,96.65885652400902,96.65885652400902,,,2495.0,0.0,1.0,1.0
a5791384-553c-4824-8014-57549dce7804,math:Orz57K,615,2026-04-23T04:42:05.725390Z,2026-04-23T04:43:43.224318Z,97.498928,1,True,True,True,1.0,1.0,0.010256523025565983,0.010256523025565983,0.0,,1961,530,2491,96.74273540999275,96.74273540999275,,,2491.0,0.0,1.0,1.0
3968d2e2-61a7-4487-aa9b-5d5afafd318b,math:Orz57K,616,2026-04-23T04:42:08.401712Z,2026-04-23T04:44:08.346034Z,119.944322,1,True,True,False,0.0,0.0,0.008337201655948333,0.0,0.0,,1970,4096,6066,119.24629844399169,119.24629844399169,,,6066.0,0.0,1.0,1.0
87bb64ef-7fe2-4904-9be7-24a9e03565aa,math:Orz57K,617,2026-04-23T04:42:13.430545Z,2026-04-23T04:44:10.196364Z,116.765819,1,True,True,False,0.0,0.0,0.008564150096013972,0.0,0.0,,2030,305,2335,116.03337942699727,116.03337942699727,,,2335.0,0.0,1.0,1.0
2fca3a9d-e6d3-43cb-a49a-bb983532f825,math:Orz57K,614,2026-04-23T04:42:16.494583Z,2026-04-23T04:44:13.439236Z,116.944653,1,True,True,True,1.0,1.0,0.00855105363389295,0.00855105363389295,0.0,,1973,522,2495,116.2206616110052,116.2206616110052,,,2495.0,0.0,1.0,1.0
31507b00-ea57-4a85-b26e-f37edf947e56,math:Orz57K,615,2026-04-23T04:42:19.922543Z,2026-04-23T04:44:16.704849Z,116.782306,1,True,True,True,1.0,1.0,0.008562941033207547,0.008562941033207547,0.0,,1961,530,2491,116.05106351499853,116.05106351499853,,,2491.0,0.0,1.0,1.0
a5e916bc-5e2d-4a67-ac8c-37d37fcffd5b,math:Orz57K,616,2026-04-23T04:42:24.949445Z,2026-04-23T04:44:41.811066Z,136.861621,1,True,True,False,0.0,0.0,0.007306650269764085,0.0,0.0,,1970,4096,6066,136.15606682299403,136.15606682299403,,,6066.0,0.0,1.0,1.0
b65a3884-23b8-4212-8dc2-2d1120a62a2e,math:Orz57K,617,2026-04-23T04:42:27.567720Z,2026-04-23T04:44:43.642409Z,136.074689,1,True,True,False,0.0,0.0,0.007348905276572045,0.0,0.0,,2030,305,2335,135.35262493399205,135.35262493399205,,,2335.0,0.0,1.0,1.0
7e78cf86-4b0a-4456-9a65-08f1b21168e1,math:Orz57K,618,2026-04-23T04:42:36.312961Z,2026-04-23T04:44:46.363148Z,130.050187,1,True,True,False,0.0,0.0,0.007689339193337723,0.0,0.0,,1985,384,2369,129.30813471099827,129.30813471099827,,,2369.0,0.0,1.0,1.0
d9de6a54-feb8-4741-9501-d953f55fd6fc,math:Orz57K,615,2026-04-23T04:42:38.967549Z,2026-04-23T04:44:49.443370Z,130.475821,1,True,True,True,1.0,1.0,0.0076642552799112106,0.0076642552799112106,0.0,,1961,530,2491,129.74549741299415,129.74549741299415,,,2491.0,0.0,1.0,1.0
fb49c30a-a24b-4461-8eec-a35a5835b216,math:Orz57K,616,2026-04-23T04:42:45.800606Z,2026-04-23T04:44:51.141998Z,125.341392,1,True,True,False,0.0,0.0,0.007978210422300082,0.0,0.0,,1970,216,2186,124.60229371899914,124.60229371899914,,,2186.0,0.0,1.0,1.0
d083e441-aa69-4cd5-8327-5f6c1117b929,math:Orz57K,617,2026-04-23T04:42:48.441239Z,2026-04-23T04:44:52.870424Z,124.429185,1,True,True,False,0.0,0.0,0.008036699750143024,0.0,0.0,,2030,305,2335,123.72906709500239,123.72906709500239,,,2335.0,0.0,1.0,1.0
a0b3b48a-d216-4b7b-96d3-115eb88b4699,math:Orz57K,618,2026-04-23T04:42:49.393584Z,2026-04-23T04:45:18.122171Z,148.728587,1,True,True,False,0.0,0.0,0.006723656965825944,0.0,0.0,,1985,4096,6081,148.01218256099673,148.01218256099673,,,6081.0,0.0,1.0,1.0
5aa16e6b-9dec-4910-96fd-b150c2d38c2e,math:Orz57K,619,2026-04-23T04:42:55.405627Z,2026-04-23T04:45:22.022492Z,146.616865,1,True,True,True,1.0,1.0,0.006820497764701216,0.006820497764701216,0.0,,2025,595,2620,145.90201451900066,145.90201451900066,,,2620.0,0.0,1.0,1.0
8b58e0e7-fc93-48d0-b924-a7c8be8a754c,math:Orz57K,616,2026-04-23T04:42:58.479031Z,2026-04-23T04:45:47.278639Z,168.799608,1,True,True,False,0.0,0.0,0.005924184373698308,0.0,0.0,,1970,4096,6066,168.06708376700408,168.06708376700408,,,6066.0,0.0,1.0,1.0
29a7a219-f45f-4729-862c-e92774075fae,math:Orz57K,617,2026-04-23T04:42:58.717719Z,2026-04-23T04:45:49.049570Z,170.331851,1,True,True,False,0.0,0.0,0.005870892578981015,0.0,0.0,,2030,305,2335,169.60960997399525,169.60960997399525,,,2335.0,0.0,1.0,1.0
622d4586-1357-40ba-93b1-1aaab9f7ecf4,math:Orz57K,618,2026-04-23T04:43:05.340317Z,2026-04-23T04:45:51.775238Z,166.434921,1,True,True,False,0.0,0.0,0.006008354460660332,0.0,0.0,,1985,384,2369,165.6467136470019,165.6467136470019,,,2369.0,0.0,1.0,1.0
8075621d-d1e9-4aea-b89e-e374039e0f8b,math:Orz57K,619,2026-04-23T04:43:05.558537Z,2026-04-23T04:45:54.376131Z,168.817594,1,True,True,True,1.0,1.0,0.005923553205005397,0.005923553205005397,0.0,,2025,455,2480,168.083216109997,168.083216109997,,,2480.0,0.0,1.0,1.0
e6419073-07bf-481e-8fa7-2dcd4dc31f51,math:Orz57K,620,2026-04-23T04:43:08.646546Z,2026-04-23T04:45:57.193178Z,168.546632,1,True,True,True,1.0,1.0,0.005933076135273946,0.005933076135273946,0.0,,1951,482,2433,167.78159185800178,167.78159185800178,,,2433.0,0.0,1.0,1.0
d7681e09-f179-470d-8678-c5c09ca28019,math:Orz57K,617,2026-04-23T04:43:33.883770Z,2026-04-23T04:45:58.911525Z,145.027755,1,True,True,False,0.0,0.0,0.0068952318816491364,0.0,0.0,,2030,305,2335,144.32582887199533,144.32582887199533,,,2335.0,0.0,1.0,1.0
85974d35-de49-48f9-a590-ff39a4e8643b,math:Orz57K,618,2026-04-23T04:43:37.061323Z,2026-04-23T04:46:24.172695Z,167.111372,1,True,True,False,0.0,0.0,0.005984033211097088,0.0,0.0,,1985,4096,6081,166.38123789599922,166.38123789599922,,,6081.0,0.0,1.0,1.0
29efd191-f598-411d-be3f-4cff7716f6c7,math:Orz57K,619,2026-04-23T04:43:40.103794Z,2026-04-23T04:46:27.936164Z,167.83237,1,True,True,True,1.0,1.0,0.005958326156032951,0.005958326156032951,0.0,,2025,595,2620,167.10172069400141,167.10172069400141,,,2620.0,0.0,1.0,1.0
b1a58698-c96e-4773-b0c8-84294d54f748,math:Orz57K,620,2026-04-23T04:43:43.248922Z,2026-04-23T04:46:30.755672Z,167.50675,1,True,True,True,1.0,1.0,0.005969908675322039,0.005969908675322039,0.0,,1951,482,2433,166.76430017901293,166.76430017901293,,,2433.0,0.0,1.0,1.0
e5815c24-0044-4e7d-b106-626b5425fe9a,math:Orz57K,621,2026-04-23T04:44:08.369718Z,2026-04-23T04:46:32.381260Z,144.011542,1,True,True,True,1.0,1.0,0.006943887872542883,0.006943887872542883,0.0,,1956,283,2239,143.27941500701127,143.27941500701127,,,2239.0,0.0,1.0,1.0
640ae1ff-a5fd-400a-b986-55108f5ab817,math:Orz57K,618,2026-04-23T04:44:10.220952Z,2026-04-23T04:46:34.641060Z,144.420108,1,True,True,False,0.0,0.0,0.006924243540934064,0.0,0.0,,1985,384,2369,143.67065065799397,143.67065065799397,,,2369.0,0.0,1.0,1.0
c7eb86c3-bd77-4816-9123-e8afdc2787fa,math:Orz57K,619,2026-04-23T04:44:10.428006Z,2026-04-23T04:46:37.244088Z,146.816082,1,True,True,True,1.0,1.0,0.006811242926370968,0.006811242926370968,0.0,,2025,455,2480,146.08321155500016,146.08321155500016,,,2480.0,0.0,1.0,1.0
50627151-5414-460c-b9b9-01685428f045,math:Orz57K,620,2026-04-23T04:44:13.464844Z,2026-04-23T04:46:40.040247Z,146.575403,1,True,True,True,1.0,1.0,0.00682242708894343,0.00682242708894343,0.0,,1951,482,2433,145.86524410900893,145.86524410900893,,,2433.0,0.0,1.0,1.0
2923fa8e-3059-44c6-829d-ddcd222f2d78,math:Orz57K,621,2026-04-23T04:44:13.567252Z,2026-04-23T04:46:41.731347Z,148.164095,1,True,True,True,1.0,1.0,0.0067492734997638935,0.0067492734997638935,0.0,,1956,283,2239,147.42366641800618,147.42366641800618,,,2239.0,0.0,1.0,1.0
ee0610dc-3e73-4614-b369-8cb4b730e7d5,math:Orz57K,622,2026-04-23T04:44:16.729382Z,2026-04-23T04:46:44.662661Z,147.933279,1,True,True,False,0.0,0.0,0.006759804195241289,0.0,0.0,,1976,477,2453,147.06597693699587,147.06597693699587,,,2453.0,0.0,1.0,1.0
c66586b8-dd8a-4d8d-95fa-6038dad7a3c8,math:Orz57K,619,2026-04-23T04:44:41.835599Z,2026-04-23T04:46:48.074946Z,126.239347,1,True,True,True,1.0,1.0,0.007921460493612979,0.007921460493612979,0.0,,2025,595,2620,125.49125763899065,125.49125763899065,,,2620.0,0.0,1.0,1.0
f8883806-1a20-43b4-a2da-abc57f7c13c6,math:Orz57K,620,2026-04-23T04:44:43.667814Z,2026-04-23T04:46:50.846749Z,127.178935,1,True,True,True,1.0,1.0,0.007862937364587933,0.007862937364587933,0.0,,1951,482,2433,126.45659035800782,126.45659035800782,,,2433.0,0.0,1.0,1.0
490595af-8bf2-416c-b6b4-f8ace7678fcd,math:Orz57K,621,2026-04-23T04:44:43.813281Z,2026-04-23T04:46:52.475695Z,128.662414,1,True,True,True,1.0,1.0,0.007772277613258522,0.007772277613258522,0.0,,1956,283,2239,127.95045536100224,127.95045536100224,,,2239.0,0.0,1.0,1.0
ac1e602b-19b9-4dc1-831a-bf387d9ee32c,math:Orz57K,622,2026-04-23T04:44:44.118902Z,2026-04-23T04:46:55.414353Z,131.295451,1,True,True,False,0.0,0.0,0.0076164101070036305,0.0,0.0,,1976,477,2453,130.422947826999,130.422947826999,,,2453.0,0.0,1.0,1.0
9ff218df-ba6b-4eb2-897b-86ea159a5531,math:Orz57K,623,2026-04-23T04:44:46.388065Z,2026-04-23T04:51:52.139832Z,425.751767,1,True,True,False,0.0,0.0,0.0023487864937035015,0.0,0.0,,4136,200,4336,423.20451182100805,423.20451182100805,,,4336.0,0.0,1.0,1.0
43e3a409-af29-4157-a8fc-ee06d51dddb4,math:Orz57K,620,2026-04-23T04:44:49.470263Z,2026-04-23T04:46:58.831915Z,129.361652,1,True,True,True,1.0,1.0,0.007730266153372872,0.007730266153372872,0.0,,1951,482,2433,128.6317407299939,128.6317407299939,,,2433.0,0.0,1.0,1.0
dbe35d5b-8647-4905-be13-929605218ca6,math:Orz57K,621,2026-04-23T04:44:49.599086Z,2026-04-23T04:47:00.458875Z,130.859789,1,True,True,True,1.0,1.0,0.007641766868506872,0.007641766868506872,0.0,,1956,283,2239,130.1280220960034,130.1280220960034,,,2239.0,0.0,1.0,1.0
0e75b2a2-ad2e-43c1-aa85-1ccdebce363e,math:Orz57K,622,2026-04-23T04:44:49.924554Z,2026-04-23T04:47:03.343735Z,133.419181,1,True,True,False,0.0,0.0,0.007495174175893044,0.0,0.0,,1976,477,2453,132.55491588800214,132.55491588800214,,,2453.0,0.0,1.0,1.0
2fb6aad0-2ec9-425f-a49d-25ae2fc29414,math:Orz57K,623,2026-04-23T04:44:51.167384Z,2026-04-23T04:52:03.881306Z,432.713922,1,True,True,False,0.0,0.0,0.0023109956697903514,0.0,0.0,,4136,200,4336,430.1244699929957,430.1244699929957,,,4336.0,0.0,1.0,1.0
dc9d65cc-5ad7-413d-a82e-7f2d235a8e40,math:Orz57K,624,2026-04-23T04:44:52.895779Z,2026-04-23T04:47:29.305229Z,156.40945,1,True,True,False,0.0,0.0,0.0063934755860339644,0.0,0.0,,2020,4096,6116,155.70179885700054,155.70179885700054,,,6116.0,0.0,1.0,1.0
ae6c5802-a32d-4595-a5ea-c80852057f83,math:Orz57K,621,2026-04-23T04:45:18.147394Z,2026-04-23T04:47:30.963684Z,132.81629,1,True,True,True,1.0,1.0,0.007529196907999764,0.007529196907999764,0.0,,1956,283,2239,132.08574574699742,132.08574574699742,,,2239.0,0.0,1.0,1.0
922ed2e8-2864-4a32-a074-ef263423ca19,math:Orz57K,622,2026-04-23T04:45:18.275090Z,2026-04-23T04:47:33.872764Z,135.597674,1,True,True,False,0.0,0.0,0.007374757770549957,0.0,0.0,,1976,477,2453,134.7499147799972,134.7499147799972,,,2453.0,0.0,1.0,1.0
3f9e82e6-1b4d-41a9-b5b2-9da77041ea17,math:Orz57K,623,2026-04-23T04:45:18.625183Z,2026-04-23T04:52:38.121946Z,439.496763,1,True,True,False,0.0,0.0,0.0022753296137473485,0.0,0.0,,4136,200,4336,436.9305944410007,436.9305944410007,,,4336.0,0.0,1.0,1.0
6df86f56-920f-4827-88b0-f187c7e869e9,math:Orz57K,624,2026-04-23T04:45:22.046147Z,2026-04-23T04:47:59.795478Z,157.749331,1,True,True,False,0.0,0.0,0.006339171099242253,0.0,0.0,,2020,4096,6116,157.01986666800804,157.01986666800804,,,6116.0,0.0,1.0,1.0
f9f32ed6-1278-48b8-aa26-e13e309688c5,math:Orz57K,625,2026-04-23T04:45:47.303061Z,2026-04-23T04:48:06.137964Z,138.834903,1,True,True,False,0.0,0.0,0.007202799716725412,0.0,0.0,,2009,1074,3083,138.00859689799836,138.00859689799836,,,3083.0,0.0,1.0,1.0
beade35b-83f7-42a2-97ab-6de0a85e8662,math:Orz57K,622,2026-04-23T04:45:49.074728Z,2026-04-23T04:48:08.994074Z,139.919346,1,True,True,False,0.0,0.0,0.007146974514875163,0.0,0.0,,1976,477,2453,139.04488367300655,139.04488367300655,,,2453.0,0.0,1.0,1.0
9fe381f7-2bbf-4f8b-a3ea-d2b4c7919b24,math:Orz57K,623,2026-04-23T04:45:49.192504Z,2026-04-23T04:53:10.043773Z,440.851269,1,True,True,False,0.0,0.0,0.0022683387126645653,0.0,0.0,,4136,200,4336,438.28301370999543,438.28301370999543,,,4336.0,0.0,1.0,1.0
d8aa059c-291f-4f01-b051-2975e4413aec,math:Orz57K,624,2026-04-23T04:45:49.533136Z,2026-04-23T04:48:34.922287Z,165.389151,1,True,True,False,0.0,0.0,0.006046345808982356,0.0,0.0,,2020,4096,6116,164.678923296,164.678923296,,,6116.0,0.0,1.0,1.0
1be119ce-0c91-4ea4-8965-dea92ea647db,math:Orz57K,625,2026-04-23T04:45:51.800333Z,2026-04-23T04:48:41.312430Z,169.512097,1,True,True,False,0.0,0.0,0.0058992839903337395,0.0,0.0,,2009,1074,3083,168.71658901299816,168.71658901299816,,,3083.0,0.0,1.0,1.0
b4e4a01e-cf5b-4354-b614-81a691e4b1b5,math:Orz57K,626,2026-04-23T04:45:54.401555Z,2026-04-23T04:53:17.941835Z,443.54028,1,True,True,True,1.0,1.0,0.0022545866634705648,0.0022545866634705648,0.0,,7108,3253,10361,441.09062459800043,441.09062459800043,,,10361.0,0.0,1.0,1.0
754351bb-d861-449f-87dc-120a3d27254d,math:Orz57K,623,2026-04-23T04:45:57.218512Z,2026-04-23T04:53:18.557003Z,441.338491,1,True,True,False,0.0,0.0,0.002265834547388254,0.0,0.0,,4136,200,4336,438.6987622970046,438.6987622970046,,,4336.0,0.0,1.0,1.0
4751ec58-c3a4-418e-ab22-99e66743f62e,math:Orz57K,624,2026-04-23T04:45:58.936510Z,2026-04-23T04:49:26.511092Z,207.574582,1,True,True,False,0.0,0.0,0.0048175455316585925,0.0,0.0,,2020,4096,6116,206.87220394299948,206.87220394299948,,,6116.0,0.0,1.0,1.0
43add57d-5c67-423e-921e-952e8c7c0458,math:Orz57K,625,2026-04-23T04:46:24.196662Z,2026-04-23T04:49:32.868034Z,188.671372,1,True,True,False,0.0,0.0,0.00530022116974906,0.0,0.0,,2009,1074,3083,187.88157927099383,187.88157927099383,,,3083.0,0.0,1.0,1.0
fe8bd698-798d-4444-812b-0b4bdaff5680,math:Orz57K,626,2026-04-23T04:46:24.533599Z,2026-04-23T04:53:48.112445Z,443.578846,1,True,True,True,1.0,1.0,0.0022543906433265754,0.0022543906433265754,0.0,,7108,3253,10361,441.0666932559834,441.0666932559834,,,10361.0,0.0,1.0,1.0
b0649596-84dc-438c-b89e-b54cbd0cc582,math:Orz57K,627,2026-04-23T04:46:27.959409Z,2026-04-23T04:49:56.178349Z,208.21894,1,True,True,True,1.0,1.0,0.0048026370703837026,0.0048026370703837026,0.0,,1976,704,2680,207.47379396999895,207.47379396999895,,,2680.0,0.0,1.0,1.0
41714454-8ed1-453f-9e38-50984d67d1fd,math:Orz57K,624,2026-04-23T04:46:30.781310Z,2026-04-23T04:50:21.437595Z,230.656285,1,True,True,False,0.0,0.0,0.004335455242418389,0.0,0.0,,2020,4096,6116,229.92113949600025,229.92113949600025,,,6116.0,0.0,1.0,1.0
640f68c7-5d19-44bc-8ebf-ad173015d580,math:Orz57K,625,2026-04-23T04:46:32.406617Z,2026-04-23T04:50:27.789078Z,235.382461,1,True,True,False,0.0,0.0,0.004248404897083644,0.0,0.0,,2009,1074,3083,234.5848026379972,234.5848026379972,,,3083.0,0.0,1.0,1.0
0e101973-210e-448c-bf45-5344a223586a,math:Orz57K,626,2026-04-23T04:46:34.664018Z,2026-04-23T04:54:17.344337Z,462.680319,1,True,True,True,1.0,1.0,0.002161319509248458,0.002161319509248458,0.0,,7108,3253,10361,460.1567863639939,460.1567863639939,,,10361.0,0.0,1.0,1.0
eca414f3-79a2-49ca-8d62-fa61fe9576f9,math:Orz57K,627,2026-04-23T04:46:37.267770Z,2026-04-23T04:50:51.122309Z,253.854539,1,True,True,True,1.0,1.0,0.003939263815960368,0.003939263815960368,0.0,,1976,704,2680,253.12899109300633,253.12899109300633,,,2680.0,0.0,1.0,1.0
e685949a-51de-4d1e-9f22-34637d3480ae,math:Orz57K,628,2026-04-23T04:46:40.064278Z,2026-04-23T04:50:55.597387Z,255.533109,1,True,True,True,1.0,1.0,0.003913387208074081,0.003913387208074081,0.0,,2028,763,2791,254.80413950998627,254.80413950998627,,,2791.0,0.0,1.0,1.0
6a38283e-7fcf-48d3-bdfb-858b660f502b,math:Orz57K,625,2026-04-23T04:46:41.757429Z,2026-04-23T04:51:01.946223Z,260.188794,1,True,True,False,0.0,0.0,0.00384336306197722,0.0,0.0,,2009,1074,3083,259.3690546470025,259.3690546470025,,,3083.0,0.0,1.0,1.0
4265281d-7960-48f2-bac3-1692c99c2585,math:Orz57K,626,2026-04-23T04:46:44.687788Z,2026-04-23T04:54:25.637420Z,460.949632,1,True,True,True,1.0,1.0,0.0021694344253213333,0.0021694344253213333,0.0,,7108,3253,10361,458.45327464002185,458.45327464002185,,,10361.0,0.0,1.0,1.0
f56fbd39-8de7-48e9-b21e-7a5a5ddf60e8,math:Orz57K,627,2026-04-23T04:46:48.099246Z,2026-04-23T04:51:25.229303Z,277.130057,1,True,True,True,1.0,1.0,0.003608414081190767,0.003608414081190767,0.0,,1976,704,2680,276.3949387330067,276.3949387330067,,,2680.0,0.0,1.0,1.0
baa5775e-7ca7-417d-bfc0-60403e5fecc8,math:Orz57K,628,2026-04-23T04:46:50.870706Z,2026-04-23T04:51:29.709000Z,278.838294,1,True,True,True,1.0,1.0,0.003586307983938533,0.003586307983938533,0.0,,2028,763,2791,278.09961337799905,278.09961337799905,,,2791.0,0.0,1.0,1.0
83928ce2-07aa-41ff-a38c-b6d8008ead94,math:Orz57K,629,2026-04-23T04:46:52.500580Z,2026-04-23T04:51:32.300399Z,279.799819,1,True,True,True,1.0,1.0,0.0035739837272732475,0.0035739837272732475,0.0,,1958,455,2413,279.09730367000157,279.09730367000157,,,2413.0,0.0,1.0,1.0
e0fa8843-062f-458c-aeac-e725e0b100e6,math:Orz57K,626,2026-04-23T04:46:55.440212Z,2026-04-23T04:54:59.048704Z,483.608492,1,True,True,True,1.0,1.0,0.0020677883381750046,0.0020677883381750046,0.0,,7108,3253,10361,481.1143106749805,481.1143106749805,,,10361.0,0.0,1.0,1.0
83cb17f2-92ef-4fa4-8af6-a89ec16143b5,math:Orz57K,627,2026-04-23T04:46:58.857548Z,2026-04-23T04:51:56.147452Z,297.289904,1,True,True,True,1.0,1.0,0.0033637200138488393,0.0033637200138488393,0.0,,1976,704,2680,296.5565759639867,296.5565759639867,,,2680.0,0.0,1.0,1.0
2bcf0105-7e1d-40d9-831f-a99a290d629f,math:Orz57K,628,2026-04-23T04:47:00.484558Z,2026-04-23T04:52:00.631695Z,300.147137,1,True,True,True,1.0,1.0,0.0033316992792105163,0.0033316992792105163,0.0,,2028,763,2791,299.4160806879954,299.4160806879954,,,2791.0,0.0,1.0,1.0
45f960e9-3b8c-4b89-be2e-92fbc89cb65e,math:Orz57K,629,2026-04-23T04:47:03.368941Z,2026-04-23T04:52:03.291957Z,299.923016,1,True,True,True,1.0,1.0,0.003334188930668795,0.003334188930668795,0.0,,1958,455,2413,299.18205349000345,299.18205349000345,,,2413.0,0.0,1.0,1.0
2954bed8-77bd-4d70-bd43-2be2b0519154,math:Orz57K,630,2026-04-23T04:47:29.331178Z,2026-04-23T04:55:07.282420Z,457.951242,1,True,True,True,1.0,1.0,0.0021836385804583102,0.0021836385804583102,0.0,,8090,4106,12196,455.5127054419863,455.5127054419863,,,12196.0,0.0,1.0,1.0
25435b94-bfce-493b-b781-8a1b6d00a960,math:Orz57K,627,2026-04-23T04:47:30.988231Z,2026-04-23T04:52:33.089863Z,302.101632,1,True,True,True,1.0,1.0,0.003310144315936698,0.003310144315936698,0.0,,1976,704,2680,301.38608105100866,301.38608105100866,,,2680.0,0.0,1.0,1.0
e777b09a-768d-4598-b90f-5a7695f65183,math:Orz57K,628,2026-04-23T04:47:33.897694Z,2026-04-23T04:52:37.563689Z,303.665995,1,True,True,True,1.0,1.0,0.003293091806344665,0.003293091806344665,0.0,,2028,763,2791,302.9247313509986,302.9247313509986,,,2791.0,0.0,1.0,1.0
43dd6557-4bb7-487c-9ddf-1045042ea47b,math:Orz57K,629,2026-04-23T04:47:59.820724Z,2026-04-23T04:52:40.643812Z,280.823088,1,True,True,True,1.0,1.0,0.0035609607711457117,0.0035609607711457117,0.0,,1958,455,2413,280.10574159600947,280.10574159600947,,,2413.0,0.0,1.0,1.0
7d950869-6450-41c7-9f8a-eeaf6de27f42,math:Orz57K,630,2026-04-23T04:48:06.161704Z,2026-04-23T04:55:14.837864Z,428.67616,1,True,True,True,1.0,1.0,0.0023327632681976063,0.0023327632681976063,0.0,,8090,4106,12196,426.2465636539855,426.2465636539855,,,12196.0,0.0,1.0,1.0
7ac44d37-ac9c-4106-a011-f2a943ed971c,math:Orz57K,631,2026-04-23T04:48:09.017594Z,2026-04-23T04:53:09.471262Z,300.453668,1,True,True,False,0.0,0.0,0.003328300189032806,0.0,0.0,,1964,619,2583,299.6904559730028,299.6904559730028,,,2583.0,0.0,1.0,1.0
376eb86a-03cb-4cef-883c-dbc9377da489,math:Orz57K,628,2026-04-23T04:48:34.947000Z,2026-04-23T04:53:14.468739Z,279.521739,1,True,True,True,1.0,1.0,0.0035775392768288405,0.0035775392768288405,0.0,,2028,763,2791,278.7873617419973,278.7873617419973,,,2791.0,0.0,1.0,1.0
b5046eba-7b10-410d-84a4-ae4b26dd9081,math:Orz57K,629,2026-04-23T04:48:41.338192Z,2026-04-23T04:53:17.136771Z,275.798579,1,True,True,True,1.0,1.0,0.003625834489886911,0.003625834489886911,0.0,,1958,455,2413,275.0881107059977,275.0881107059977,,,2413.0,0.0,1.0,1.0
63d4d61b-70d3-4243-b76c-37f2fa13b319,math:Orz57K,630,2026-04-23T04:49:26.536629Z,2026-04-23T04:55:26.674033Z,360.137404,1,True,True,True,1.0,1.0,0.0027767179662349095,0.0027767179662349095,0.0,,8090,4106,12196,357.6700361640105,357.6700361640105,,,12196.0,0.0,1.0,1.0
c9399ac6-d982-4b83-bd5a-597ea598eaeb,math:Orz57K,631,2026-04-23T04:49:32.893317Z,2026-04-23T04:53:47.303299Z,254.409982,1,True,True,False,0.0,0.0,0.003930663380967496,0.0,0.0,,1964,619,2583,253.6429520699894,253.6429520699894,,,2583.0,0.0,1.0,1.0
827a91a7-dd74-40bd-875b-9b6ed222dd31,math:Orz57K,632,2026-04-23T04:49:56.203291Z,2026-04-23T04:55:29.820174Z,333.616883,1,True,True,False,0.0,0.0,0.002997450221966135,0.0,0.0,,4145,117,4262,330.9286553099955,330.9286553099955,,,4262.0,0.0,1.0,1.0
f86094b8-ec92-4c1e-a521-38919f975c3b,math:Orz57K,629,2026-04-23T04:50:21.462851Z,2026-04-23T04:53:51.372087Z,209.909236,1,True,True,True,1.0,1.0,0.004763963792426933,0.004763963792426933,0.0,,1958,455,2413,209.19893271301407,209.19893271301407,,,2413.0,0.0,1.0,1.0
8f412452-5f5d-42cc-aa32-98162b24b83a,math:Orz57K,630,2026-04-23T04:50:27.814427Z,2026-04-23T04:55:33.339779Z,305.525352,1,True,True,True,1.0,1.0,0.003273050807253468,0.003273050807253468,0.0,,8090,4106,12196,303.060191719007,303.060191719007,,,12196.0,0.0,1.0,1.0
7d6725df-c50d-4d87-a329-173f731d03b3,math:Orz57K,631,2026-04-23T04:50:51.146048Z,2026-04-23T04:54:21.021036Z,209.874988,1,True,True,False,0.0,0.0,0.004764741189645714,0.0,0.0,,1964,619,2583,209.11829358999967,209.11829358999967,,,2583.0,0.0,1.0,1.0
b6675569-5025-4227-8363-c0383566b4c7,math:Orz57K,632,2026-04-23T04:50:55.622577Z,2026-04-23T04:55:35.167100Z,279.544523,1,True,True,False,0.0,0.0,0.0035772476930267024,0.0,0.0,,4145,117,4262,277.0115551350027,277.0115551350027,,,4262.0,0.0,1.0,1.0
c5a382d1-95b9-4341-87fb-16fe43a0a199,math:Orz57K,633,2026-04-23T04:51:01.971701Z,2026-04-23T04:54:24.814358Z,202.842657,1,True,True,False,0.0,0.0,0.004929929506888682,0.0,0.0,,2021,546,2567,202.11948267900152,202.11948267900152,,,2567.0,0.0,1.0,1.0
ee9bd840-6920-4382-9046-a6c7fce24d65,math:Orz57K,630,2026-04-23T04:51:25.253127Z,2026-04-23T04:55:37.169074Z,251.915947,1,True,True,True,1.0,1.0,0.003969577995790795,0.003969577995790795,0.0,,8090,4106,12196,249.44652234199748,249.44652234199748,,,12196.0,0.0,1.0,1.0
db20be3a-5e2e-467b-8697-e205e212b8e9,math:Orz57K,631,2026-04-23T04:51:29.741924Z,2026-04-23T04:54:54.473878Z,204.731954,1,True,True,False,0.0,0.0,0.0048844353822755,0.0,0.0,,1964,619,2583,203.9793254029937,203.9793254029937,,,2583.0,0.0,1.0,1.0
013adffb-3f2a-4b26-bbdc-2061421b7737,math:Orz57K,632,2026-04-23T04:51:32.324830Z,2026-04-23T04:55:40.311425Z,247.986595,1,True,True,False,0.0,0.0,0.004032476029601519,0.0,0.0,,4145,117,4262,245.41523863399925,245.41523863399925,,,4262.0,0.0,1.0,1.0
ff8acfcd-8d8b-4723-a7a4-2cfe3b26ac23,math:Orz57K,633,2026-04-23T04:51:52.164637Z,2026-04-23T04:54:58.268732Z,186.104095,1,True,True,False,0.0,0.0,0.0053733368951392494,0.0,0.0,,2021,546,2567,185.3383989399881,185.3383989399881,,,2567.0,0.0,1.0,1.0
de175f95-76da-4bc7-85ae-49931e9bd6b7,math:Orz57K,634,2026-04-23T04:51:56.172506Z,2026-04-23T04:55:43.062419Z,226.889913,1,True,True,False,0.0,0.0,0.004407423788822203,0.0,0.0,,4127,82,4209,224.38585867499933,224.38585867499933,,,4209.0,0.0,1.0,1.0
2ca1eeb0-5d15-46b4-bd04-064458d09b8d,math:Orz57K,631,2026-04-23T04:52:00.656088Z,2026-04-23T04:55:03.116612Z,182.460524,1,True,True,False,0.0,0.0,0.005480637554236115,0.0,0.0,,1964,619,2583,181.69768727300107,181.69768727300107,,,2583.0,0.0,1.0,1.0
c7f9a35b-96d2-47f7-90dc-7f04d02da208,math:Orz57K,632,2026-04-23T04:52:03.316541Z,2026-04-23T04:55:44.224639Z,220.908098,1,True,True,False,0.0,0.0,0.00452676931743806,0.0,0.0,,4145,117,4262,218.3513645130006,218.3513645130006,,,4262.0,0.0,1.0,1.0
3d8d5d30-38f5-4753-8f8b-c96029758bae,math:Orz57K,633,2026-04-23T04:52:03.906421Z,2026-04-23T04:55:06.893263Z,182.986842,1,True,True,False,0.0,0.0,0.005464873807702523,0.0,0.0,,2021,546,2567,182.23184100500657,182.23184100500657,,,2567.0,0.0,1.0,1.0
40c876cc-4ad9-4694-b719-5858e03eeb03,math:Orz57K,634,2026-04-23T04:52:33.114457Z,2026-04-23T04:55:49.210751Z,196.096294,1,True,True,False,0.0,0.0,0.005099535435381558,0.0,0.0,,4127,82,4209,193.5279051210091,193.5279051210091,,,4209.0,0.0,1.0,1.0
b289acd8-b656-41f9-a6b8-0754395c5a21,math:Orz57K,635,2026-04-23T04:52:37.590162Z,2026-04-23T04:55:10.581618Z,152.991456,1,True,True,True,1.0,1.0,0.0065363127206267,0.0065363127206267,0.0,,2103,487,2590,152.28170134000538,152.28170134000538,,,2590.0,0.0,1.0,1.0
ded3413f-c239-407c-b5ae-91cea0825716,math:Orz57K,632,2026-04-23T04:52:38.147327Z,2026-04-23T04:55:50.652512Z,192.505185,1,True,True,False,0.0,0.0,0.005194665276158666,0.0,0.0,,4145,117,4262,189.9483502469957,189.9483502469957,,,4262.0,0.0,1.0,1.0
642bda3d-dc9f-4c25-a0e0-3dbd47b0e4b7,math:Orz57K,633,2026-04-23T04:52:40.668780Z,2026-04-23T04:55:14.441065Z,153.772285,1,True,True,False,0.0,0.0,0.006503122457990397,0.0,0.0,,2021,546,2567,153.01212050800677,153.01212050800677,,,2567.0,0.0,1.0,1.0
abc23d81-70cb-450d-88f8-60438529edd7,math:Orz57K,634,2026-04-23T04:53:09.496057Z,2026-04-23T04:55:54.612595Z,165.116538,1,True,True,False,0.0,0.0,0.006056328530822273,0.0,0.0,,4127,82,4209,162.58594059600728,162.58594059600728,,,4209.0,0.0,1.0,1.0
27212acd-bb95-4efa-ba81-8a659eba2f8c,math:Orz57K,635,2026-04-23T04:53:10.067375Z,2026-04-23T04:55:18.202387Z,128.135012,1,True,True,True,1.0,1.0,0.0078042682042282095,0.0078042682042282095,0.0,,2103,487,2590,127.41751756999292,127.41751756999292,,,2590.0,0.0,1.0,1.0
efa0fb8a-f013-4b20-88ca-59582de3c2c4,math:Orz57K,636,2026-04-23T04:53:14.493742Z,2026-04-23T04:55:19.757979Z,125.264237,1,True,True,False,0.0,0.0,0.007983124505041291,0.0,0.0,,2024,262,2286,124.51816612201219,124.51816612201219,,,2286.0,0.0,1.0,1.0
1c3eaa7c-056f-4880-a42c-e1f24cd962a5,math:Orz57K,633,2026-04-23T04:53:17.161097Z,2026-04-23T04:55:22.970815Z,125.809718,1,True,True,False,0.0,0.0,0.007948511576824295,0.0,0.0,,2021,546,2567,125.06307530800404,125.06307530800404,,,2567.0,0.0,1.0,1.0
79a6240c-b86d-4110-bd0e-98e9cb70dfa4,math:Orz57K,634,2026-04-23T04:53:17.965527Z,2026-04-23T04:56:00.424027Z,162.4585,1,True,True,False,0.0,0.0,0.006155418152943675,0.0,0.0,,4127,82,4209,159.88296779600205,159.88296779600205,,,4209.0,0.0,1.0,1.0
cda97e8a-209c-495c-8aaf-e23410c18910,math:Orz57K,635,2026-04-23T04:53:18.581904Z,2026-04-23T04:55:26.258778Z,127.676874,1,True,True,True,1.0,1.0,0.007832271958663399,0.007832271958663399,0.0,,2103,487,2590,126.94009968900355,126.94009968900355,,,2590.0,0.0,1.0,1.0
4f6fdf87-e9ad-4b9b-a5d3-ce7fe3d0a73b,math:Orz57K,636,2026-04-23T04:53:47.328380Z,2026-04-23T04:55:28.252391Z,100.924011,1,True,True,False,0.0,0.0,0.00990844487938554,0.0,0.0,,2024,262,2286,100.17547893400479,100.17547893400479,,,2286.0,0.0,1.0,1.0
09819148-3bc5-4301-a650-9bd13faf663c,math:Orz57K,637,2026-04-23T04:53:48.137339Z,2026-04-23T04:56:09.970452Z,141.833113,1,True,True,True,1.0,1.0,0.007050539742436592,0.007050539742436592,0.0,,4171,240,4411,139.05668012298702,139.05668012298702,,,4411.0,0.0,1.0,1.0
21aac374-37c2-484a-a7b1-6bbf6ca801e6,math:Orz57K,634,2026-04-23T04:53:51.396636Z,2026-04-23T04:56:10.097570Z,138.700934,1,True,True,False,0.0,0.0,0.007209756785055248,0.0,0.0,,4127,82,4209,135.95687920998898,135.95687920998898,,,4209.0,0.0,1.0,1.0
2fbff0d4-76cb-416f-8fe0-4303e7193355,math:Orz57K,635,2026-04-23T04:54:17.369480Z,2026-04-23T04:55:32.906900Z,75.53742,1,True,True,True,1.0,1.0,0.01323847174023153,0.01323847174023153,0.0,,2103,487,2590,74.82645468899864,74.82645468899864,,,2590.0,0.0,1.0,1.0
e9072933-920d-4a3d-8ecd-4f18a5e6a669,math:Orz57K,636,2026-04-23T04:54:21.047135Z,2026-04-23T04:55:34.929762Z,73.882627,1,True,True,False,0.0,0.0,0.01353498164054183,0.0,0.0,,2024,262,2286,73.1265959880111,73.1265959880111,,,2286.0,0.0,1.0,1.0
c2691e7c-3ffa-4d47-9461-cb15e40ee314,math:Orz57K,637,2026-04-23T04:54:24.837960Z,2026-04-23T04:56:23.490124Z,118.652164,1,True,True,True,1.0,1.0,0.008427996306919443,0.008427996306919443,0.0,,4171,240,4411,116.08458275998419,116.08458275998419,,,4411.0,0.0,1.0,1.0
32151dce-4324-4f27-ade7-46323102cf27,math:Orz57K,638,2026-04-23T04:54:25.664553Z,2026-04-23T04:56:23.658564Z,117.994011,1,True,True,False,0.0,0.0,0.008475006413672978,0.0,0.0,,4084,93,4177,115.35553757000889,115.35553757000889,,,4177.0,0.0,1.0,1.0
fba54b2a-f20f-4ea9-84cb-3de7ca6a5ead,math:Orz57K,635,2026-04-23T04:54:54.498320Z,2026-04-23T04:55:40.053624Z,45.555304,1,True,True,True,1.0,1.0,0.021951340726427817,0.021951340726427817,0.0,,2103,487,2590,44.81253168100375,44.81253168100375,,,2590.0,0.0,1.0,1.0
44d6228a-4698-415c-a9fa-78fc2895e40a,math:Orz57K,636,2026-04-23T04:54:58.292373Z,2026-04-23T04:55:41.774308Z,43.481935,1,True,True,False,0.0,0.0,0.022998056549231306,0.0,0.0,,2024,262,2286,42.72874882600445,42.72874882600445,,,2286.0,0.0,1.0,1.0
907fcd0f-d0d4-4697-9f72-e0f6b7666cec,math:Orz57K,637,2026-04-23T04:54:59.073087Z,2026-04-23T04:56:35.536438Z,96.463351,1,True,True,True,1.0,1.0,0.010366631364485773,0.010366631364485773,0.0,,4171,240,4411,93.96025819198985,93.96025819198985,,,4411.0,0.0,1.0,1.0
06ea73e2-93ca-44b0-8189-f7e1dcd5fdf9,math:Orz57K,638,2026-04-23T04:55:03.141061Z,2026-04-23T04:56:40.749166Z,97.608105,1,True,True,False,0.0,0.0,0.010245050859249856,0.0,0.0,,4160,341,4501,95.08231694200367,95.08231694200367,,,4501.0,0.0,1.0,1.0
fa1f59b6-75ac-45b0-a9b1-8ee443070fe6,math:Orz57K,639,2026-04-23T04:55:06.918306Z,2026-04-23T04:55:47.547852Z,40.629546,1,True,True,True,1.0,1.0,0.024612630424174567,0.024612630424174567,0.0,,2007,578,2585,39.907244468995486,39.907244468995486,,,2585.0,0.0,1.0,1.0
f481545c-4f3e-4e12-ab2f-1a0673885219,math:Orz57K,636,2026-04-23T04:55:07.308689Z,2026-04-23T04:55:49.146370Z,41.837681,1,True,True,False,0.0,0.0,0.023901898386767657,0.0,0.0,,2024,262,2286,41.07208807799907,41.07208807799907,,,2286.0,0.0,1.0,1.0
10b2cf7f-62e1-4892-9f19-a5156f4bc846,math:Orz57K,637,2026-04-23T04:55:10.608257Z,2026-04-23T04:56:50.575936Z,99.967679,1,True,True,True,1.0,1.0,0.01000323314498479,0.01000323314498479,0.0,,4171,240,4411,97.31827649298066,97.31827649298066,,,4411.0,0.0,1.0,1.0
6d521eb2-5166-4caa-8197-b9653218e481,math:Orz57K,638,2026-04-23T04:55:14.466062Z,2026-04-23T04:56:50.743543Z,96.277481,1,True,True,False,0.0,0.0,0.0103866448271533,0.0,0.0,,4084,93,4177,93.68174934500712,93.68174934500712,,,4177.0,0.0,1.0,1.0
d516b8d7-5f9d-4721-afad-3a9f8c848bcf,math:Orz57K,639,2026-04-23T04:55:14.863156Z,2026-04-23T04:55:54.487231Z,39.624075,1,True,True,True,1.0,1.0,0.02523718219289662,0.02523718219289662,0.0,,2007,578,2585,38.88318621300277,38.88318621300277,,,2585.0,0.0,1.0,1.0
047d9cf3-1d8e-4e95-8743-6e2eb87b8399,math:Orz57K,640,2026-04-23T04:55:18.225831Z,2026-04-23T04:55:58.784120Z,40.558289,1,True,True,False,0.0,0.0,0.024655872440772834,0.0,0.0,,1963,709,2672,39.744876454991754,39.744876454991754,,,2672.0,0.0,1.0,1.0
7f4fdb97-b059-4027-9001-5268c98880af,math:Orz57K,637,2026-04-23T04:55:19.782826Z,2026-04-23T04:57:00.493380Z,100.710554,1,True,True,True,1.0,1.0,0.009929445924803472,0.009929445924803472,0.0,,4171,240,4411,98.18206573100179,98.18206573100179,,,4411.0,0.0,1.0,1.0
474bfedc-993d-48cb-88fd-7fdcfcaa1840,math:Orz57K,638,2026-04-23T04:55:22.996702Z,2026-04-23T04:57:00.669398Z,97.672696,1,True,True,False,0.0,0.0,0.010238275802277435,0.0,0.0,,4084,93,4177,95.02895694199833,95.02895694199833,,,4177.0,0.0,1.0,1.0
693517e1-2046-48db-a863-f5aeea729e4f,math:Orz57K,639,2026-04-23T04:55:26.283074Z,2026-04-23T04:56:03.821141Z,37.538067,1,True,True,True,1.0,1.0,0.026639624251296692,0.026639624251296692,0.0,,2007,578,2585,36.811603834008565,36.811603834008565,,,2585.0,0.0,1.0,1.0
a84252fa-4d69-479d-8e47-2b6f360cbbe0,math:Orz57K,640,2026-04-23T04:55:26.699620Z,2026-04-23T04:56:08.052963Z,41.353343,1,True,True,False,0.0,0.0,0.024181841840452897,0.0,0.0,,1963,709,2672,40.51683934900211,40.51683934900211,,,2672.0,0.0,1.0,1.0
e79126c1-eabb-4f88-b436-5e1089ff5224,math:Orz57K,641,2026-04-23T04:55:28.276898Z,2026-04-23T04:57:12.374063Z,104.097165,1,True,True,True,1.0,1.0,0.009606409550154415,0.009606409550154415,0.0,,4313,239,4552,101.54698159600957,101.54698159600957,,,4552.0,0.0,1.0,1.0
a0ce969a-f0d0-4552-ab03-bdce06ec93e2,math:Orz57K,638,2026-04-23T04:55:29.844178Z,2026-04-23T04:57:12.540451Z,102.696273,1,True,True,False,0.0,0.0,0.00973745171842799,0.0,0.0,,4084,93,4177,100.02745497100113,100.02745497100113,,,4177.0,0.0,1.0,1.0
9f60a1f9-f6a1-423c-82f9-1f2470cadb87,math:Orz57K,639,2026-04-23T04:55:32.931797Z,2026-04-23T04:56:13.522463Z,40.590666,1,True,True,True,1.0,1.0,0.02463620577203636,0.02463620577203636,0.0,,2007,578,2585,39.84022775599442,39.84022775599442,,,2585.0,0.0,1.0,1.0
7d7af5d1-4957-450a-a15c-8391bd288b8e,math:Orz57K,640,2026-04-23T04:55:33.364454Z,2026-04-23T04:56:17.747823Z,44.383369,1,True,True,False,0.0,0.0,0.022530961991641507,0.0,0.0,,1963,709,2672,43.58383625300485,43.58383625300485,,,2672.0,0.0,1.0,1.0
5cbe63d9-cb70-455d-bebc-17f1580d7e6d,math:Orz57K,641,2026-04-23T04:55:34.954760Z,2026-04-23T04:57:18.384213Z,103.429453,1,True,True,True,1.0,1.0,0.0096684258786518,0.0096684258786518,0.0,,4313,239,4552,100.9647505019966,100.9647505019966,,,4552.0,0.0,1.0,1.0
b59a0c62-a345-49cd-842d-72f962138710,math:Orz57K,642,2026-04-23T04:55:35.189903Z,2026-04-23T04:57:19.081423Z,103.89152,1,True,True,False,0.0,0.0,0.009625424673736605,0.0,0.0,,4172,214,4386,101.30117664500722,101.30117664500722,,,4386.0,0.0,1.0,1.0
15e38a83-f259-4873-ac3c-ee1ad17e4521,math:Orz57K,639,2026-04-23T04:55:37.194336Z,2026-04-23T04:56:23.230625Z,46.036289,1,True,True,True,1.0,1.0,0.021721994142490507,0.021721994142490507,0.0,,2007,578,2585,45.29388858099992,45.29388858099992,,,2585.0,0.0,1.0,1.0
d131939d-6c8d-4232-a86b-464394934607,math:Orz57K,640,2026-04-23T04:55:40.077438Z,2026-04-23T04:56:27.883365Z,47.805927,1,True,True,False,0.0,0.0,0.02091790835893633,0.0,0.0,,1963,709,2672,46.9494401950069,46.9494401950069,,,2672.0,0.0,1.0,1.0
7aaaf074-5991-4657-a783-ac4eb47fd377,math:Orz57K,641,2026-04-23T04:55:40.334149Z,2026-04-23T04:57:32.272823Z,111.938674,1,True,True,True,1.0,1.0,0.008933462978130328,0.008933462978130328,0.0,,4313,239,4552,109.5028317069955,109.5028317069955,,,4552.0,0.0,1.0,1.0
ba710536-8806-4947-99bc-b86d0c7c2326,math:Orz57K,642,2026-04-23T04:55:41.799732Z,2026-04-23T04:57:32.953347Z,111.153615,1,True,True,False,0.0,0.0,0.008996558501493631,0.0,0.0,,4172,214,4386,108.60724356198625,108.60724356198625,,,4386.0,0.0,1.0,1.0
f0c58c87-5bd9-4bc6-b374-009e90d5126f,math:Orz57K,643,2026-04-23T04:55:43.084732Z,2026-04-23T04:56:35.274527Z,52.189795,1,True,True,True,1.0,1.0,0.019160834028951447,0.019160834028951447,0.0,,2033,933,2966,51.45494173199404,51.45494173199404,,,2966.0,0.0,1.0,1.0
bb9457b3-c91b-4b39-8799-e9696e99cf33,math:Orz57K,640,2026-04-23T04:55:44.249910Z,2026-04-23T04:56:39.744566Z,55.494656,1,True,True,False,0.0,0.0,0.01801975310920028,0.0,0.0,,1963,709,2672,54.67662103800103,54.67662103800103,,,2672.0,0.0,1.0,1.0
ca66af71-ec2b-4404-84db-614ac7fa47a6,math:Orz57K,641,2026-04-23T04:55:47.572699Z,2026-04-23T04:58:01.121186Z,133.548487,1,True,True,True,1.0,1.0,0.007487917103845587,0.007487917103845587,0.0,,4313,239,4552,131.11723499000072,131.11723499000072,,,4552.0,0.0,1.0,1.0
07d432d2-f9cd-4168-99ea-907ef2be831c,math:Orz57K,642,2026-04-23T04:55:49.171090Z,2026-04-23T04:58:01.832661Z,132.661571,1,True,True,False,0.0,0.0,0.007537977972535844,0.0,0.0,,4172,214,4386,130.10289213100623,130.10289213100623,,,4386.0,0.0,1.0,1.0
f579aa94-a969-4203-8b6b-d0844b03cefa,math:Orz57K,643,2026-04-23T04:55:49.234230Z,2026-04-23T04:56:48.367869Z,59.133639,1,True,True,True,1.0,1.0,0.01691084832441988,0.01691084832441988,0.0,,2033,933,2966,58.360199488000944,58.360199488000944,,,2966.0,0.0,1.0,1.0
8ed2c89e-b592-497c-a8f8-a87b6dfdbf23,math:Orz57K,644,2026-04-23T04:55:50.677869Z,2026-04-23T04:56:50.295941Z,59.618072,1,True,True,True,1.0,1.0,0.01677343742347119,0.01677343742347119,0.0,,1965,335,2300,58.89852405599959,58.89852405599959,,,2300.0,0.0,1.0,1.0
764987c5-b13f-4440-9603-a7e19084f64c,math:Orz57K,641,2026-04-23T04:55:54.514726Z,2026-04-23T04:58:29.750723Z,155.235997,1,True,True,True,1.0,1.0,0.006441804860505389,0.006441804860505389,0.0,,4313,239,4552,152.7955937809893,152.7955937809893,,,4552.0,0.0,1.0,1.0
62058569-662f-478e-87f2-9906c3ca1d37,math:Orz57K,642,2026-04-23T04:55:54.644861Z,2026-04-23T04:58:30.443905Z,155.799044,1,True,True,False,0.0,0.0,0.0064185246220124425,0.0,0.0,,4172,214,4386,153.24455224600388,153.24455224600388,,,4386.0,0.0,1.0,1.0
59a7ff87-db5d-44e6-8816-74ecee2b1339,math:Orz57K,643,2026-04-23T04:55:58.807613Z,2026-04-23T04:56:58.270816Z,59.463203,1,True,True,True,1.0,1.0,0.01681712301976064,0.01681712301976064,0.0,,2033,933,2966,58.73831551200419,58.73831551200419,,,2966.0,0.0,1.0,1.0
d26d0c11-05a0-4355-88d4-e98a6b8e60ef,math:Orz57K,644,2026-04-23T04:56:00.448926Z,2026-04-23T04:57:00.232702Z,59.783776,1,True,True,True,1.0,1.0,0.016726946119964052,0.016726946119964052,0.0,,1965,335,2300,59.04111972000101,59.04111972000101,,,2300.0,0.0,1.0,1.0
a230d6f7-eecb-465b-bb01-561d2368d8fd,math:Orz57K,645,2026-04-23T04:56:03.844582Z,2026-04-23T04:57:04.160322Z,60.31574,1,True,True,False,0.0,0.0,0.01657942023093806,0.0,0.0,,1987,606,2593,59.561104966996936,59.561104966996936,,,2593.0,0.0,1.0,1.0
d935dec9-61e1-416d-a0cd-e4a49cf919f9,math:Orz57K,642,2026-04-23T04:56:08.078519Z,2026-04-23T04:59:16.416130Z,188.337611,1,True,True,False,0.0,0.0,0.005309613914556875,0.0,0.0,,4172,214,4386,185.83985263500654,185.83985263500654,,,4386.0,0.0,1.0,1.0
7cfb9bc5-33d6-4dc4-b934-272ca74666f3,math:Orz57K,643,2026-04-23T04:56:09.995505Z,2026-04-23T04:57:10.279664Z,60.284159,1,True,True,True,1.0,1.0,0.016588105674659903,0.016588105674659903,0.0,,2033,933,2966,59.54913469200255,59.54913469200255,,,2966.0,0.0,1.0,1.0
d5304b2c-f8ed-43a0-9454-edc8bbc0efa2,math:Orz57K,644,2026-04-23T04:56:10.123135Z,2026-04-23T04:57:12.229408Z,62.106273,1,True,True,True,1.0,1.0,0.01610143310322292,0.01610143310322292,0.0,,1965,335,2300,61.38264264600002,61.38264264600002,,,2300.0,0.0,1.0,1.0
32472033-173e-4350-9cd9-49669ebc2434,math:Orz57K,645,2026-04-23T04:56:13.547613Z,2026-04-23T04:57:16.089494Z,62.541881,1,True,True,False,0.0,0.0,0.015989285643647336,0.0,0.0,,1987,606,2593,61.83291777099657,61.83291777099657,,,2593.0,0.0,1.0,1.0
52ad0252-dff3-479e-8c4d-95d32e42cba3,math:Orz57K,646,2026-04-23T04:56:17.773720Z,2026-04-23T04:57:18.257873Z,60.484153,1,True,True,True,1.0,1.0,0.016533256239861703,0.016533256239861703,0.0,,1979,365,2344,59.767001304993755,59.767001304993755,,,2344.0,0.0,1.0,1.0
00af1588-cfc8-48b4-b469-28a148d8b167,math:Orz57K,643,2026-04-23T04:56:23.257082Z,2026-04-23T04:57:24.523168Z,61.266086,1,True,True,True,1.0,1.0,0.01632224392464046,0.01632224392464046,0.0,,2033,933,2966,60.5435990709957,60.5435990709957,,,2966.0,0.0,1.0,1.0
6d0f1533-a7af-4914-9699-4e92b04f52d0,math:Orz57K,644,2026-04-23T04:56:23.514842Z,2026-04-23T04:57:26.505579Z,62.990737,1,True,True,True,1.0,1.0,0.015875350053453096,0.015875350053453096,0.0,,1965,335,2300,62.23844180899323,62.23844180899323,,,2300.0,0.0,1.0,1.0
37c543ef-9218-4053-8104-02d93d4e9c5c,math:Orz57K,645,2026-04-23T04:56:23.682943Z,2026-04-23T04:57:29.987597Z,66.304654,1,True,True,False,0.0,0.0,0.015081897569362174,0.0,0.0,,1987,606,2593,65.58020911899803,65.58020911899803,,,2593.0,0.0,1.0,1.0
e1e469b3-6a35-4c0a-938b-229ee989f0c8,math:Orz57K,646,2026-04-23T04:56:27.910470Z,2026-04-23T04:57:32.087804Z,64.177334,1,True,True,True,1.0,1.0,0.015581825197039191,0.015581825197039191,0.0,,1979,365,2344,63.46385625000403,63.46385625000403,,,2344.0,0.0,1.0,1.0
8ea89e6c-a91d-4977-b600-40268a7dc805,math:Orz57K,647,2026-04-23T04:56:35.299681Z,2026-04-23T04:59:58.807768Z,203.508087,1,True,True,True,1.0,1.0,0.004913809641382949,0.004913809641382949,0.0,,7326,3388,10714,200.90398202800134,200.90398202800134,,,10714.0,0.0,1.0,1.0
81e9fa59-baf4-467d-abcb-3e2ad73f36c6,math:Orz57K,644,2026-04-23T04:56:35.560026Z,2026-04-23T04:57:55.381946Z,79.82192,1,True,True,True,1.0,1.0,0.012527887076632584,0.012527887076632584,0.0,,1965,335,2300,79.0870715110068,79.0870715110068,,,2300.0,0.0,1.0,1.0
8f6d8a2c-9782-48a5-a431-456d44bbef05,math:Orz57K,645,2026-04-23T04:56:39.768953Z,2026-04-23T04:57:58.906307Z,79.137354,1,True,True,False,0.0,0.0,0.012636257714656469,0.0,0.0,,1987,606,2593,78.39996065000014,78.39996065000014,,,2593.0,0.0,1.0,1.0
7c2ba52a-e637-4050-b914-9b223154ce42,math:Orz57K,646,2026-04-23T04:56:40.773529Z,2026-04-23T04:58:01.031106Z,80.257577,1,True,True,True,1.0,1.0,0.012459882759729963,0.012459882759729963,0.0,,1979,365,2344,79.5124971660116,79.5124971660116,,,2344.0,0.0,1.0,1.0
4e540311-cffe-4adb-8cac-483295a86008,math:Orz57K,647,2026-04-23T04:56:48.392379Z,2026-04-23T05:00:11.836951Z,203.444572,1,True,True,True,1.0,1.0,0.0049153437232033895,0.0049153437232033895,0.0,,7326,3388,10714,200.92406220000703,200.92406220000703,,,10714.0,0.0,1.0,1.0
7cea901e-13c8-4de8-98ce-3d3d0b279f63,math:Orz57K,648,2026-04-23T04:56:50.323228Z,2026-04-23T04:58:24.017242Z,93.694014,1,True,True,True,1.0,1.0,0.010673040435646187,0.010673040435646187,0.0,,1971,293,2264,92.95681956699991,92.95681956699991,,,2264.0,0.0,1.0,1.0
b7cd9b46-b988-4bfd-8fec-69fbcda626f3,math:Orz57K,645,2026-04-23T04:56:50.599598Z,2026-04-23T04:58:27.503492Z,96.903894,1,True,True,False,0.0,0.0,0.010319502743615237,0.0,0.0,,1987,606,2593,96.19481882201217,96.19481882201217,,,2593.0,0.0,1.0,1.0
a6843402-7b0d-408b-919b-433d84ae6291,math:Orz57K,646,2026-04-23T04:56:50.768686Z,2026-04-23T04:58:29.627070Z,98.858384,1,True,True,True,1.0,1.0,0.010115479937442636,0.010115479937442636,0.0,,1979,365,2344,98.14345839900488,98.14345839900488,,,2344.0,0.0,1.0,1.0
92bbfa1d-609d-4521-acf3-1e7d9f1fddfd,math:Orz57K,647,2026-04-23T04:56:58.293853Z,2026-04-23T05:00:20.670946Z,202.377093,1,True,True,True,1.0,1.0,0.004941270700039159,0.004941270700039159,0.0,,7326,3388,10714,199.90369888699206,199.90369888699206,,,10714.0,0.0,1.0,1.0
2f7a1b4f-ebc4-4925-82ba-64b8104d052f,math:Orz57K,648,2026-04-23T04:57:00.258757Z,2026-04-23T04:58:52.678851Z,112.420094,1,True,True,True,1.0,1.0,0.008895206936937804,0.008895206936937804,0.0,,1971,293,2264,111.6711123319983,111.6711123319983,,,2264.0,0.0,1.0,1.0
22634ff2-97c1-4ad4-8fd7-46fa48725eaa,math:Orz57K,649,2026-04-23T04:57:00.516249Z,2026-04-23T05:00:21.803638Z,201.287389,1,True,True,True,1.0,1.0,0.00496802112128346,0.00496802112128346,0.0,,4033,90,4123,198.79907415698108,198.79907415698108,,,4123.0,0.0,1.0,1.0
e4d6415d-17b1-4ab7-939c-f1801c459f81,math:Orz57K,646,2026-04-23T04:57:00.693134Z,2026-04-23T04:58:55.290791Z,114.597657,1,True,True,True,1.0,1.0,0.008726181897418724,0.008726181897418724,0.0,,1979,365,2344,113.88361279299716,113.88361279299716,,,2344.0,0.0,1.0,1.0
c90c4d09-f249-46be-a2f6-112c04d037ee,math:Orz57K,647,2026-04-23T04:57:04.183653Z,2026-04-23T05:00:28.996269Z,204.812616,1,True,True,True,1.0,1.0,0.004882511729648529,0.004882511729648529,0.0,,7326,3388,10714,202.2868819849973,202.2868819849973,,,10714.0,0.0,1.0,1.0
63dbd56a-33a9-4255-8988-e15c8fcd0aa3,math:Orz57K,648,2026-04-23T04:57:10.304136Z,2026-04-23T04:59:18.100268Z,127.796132,1,True,True,True,1.0,1.0,0.007824962965232782,0.007824962965232782,0.0,,1971,293,2264,127.08929909500876,127.08929909500876,,,2264.0,0.0,1.0,1.0
b08e7647-4c00-495e-9be8-364fc56ca39f,math:Orz57K,649,2026-04-23T04:57:12.253019Z,2026-04-23T05:00:31.162837Z,198.909818,1,True,True,True,1.0,1.0,0.005027403926336105,0.005027403926336105,0.0,,4033,90,4123,196.48656262698933,196.48656262698933,,,4123.0,0.0,1.0,1.0
87392fe4-6300-40de-9d64-eb493f485dd7,math:Orz57K,650,2026-04-23T04:57:12.397266Z,2026-04-23T04:59:22.954690Z,130.557424,1,True,True,False,0.0,0.0,0.0076594648497353935,0.0,0.0,,2042,730,2772,129.79048605600838,129.79048605600838,,,2772.0,0.0,1.0,1.0
92840e49-2251-4a4f-b55f-938e74b87eed,math:Orz57K,647,2026-04-23T04:57:12.565355Z,2026-04-23T05:00:32.619776Z,200.054421,1,True,True,True,1.0,1.0,0.004998639845104948,0.004998639845104948,0.0,,7326,3388,10714,197.5239314740029,197.5239314740029,,,10714.0,0.0,1.0,1.0
4e0d967b-8fd3-4e69-8527-c71cf39e9e8d,math:Orz57K,648,2026-04-23T04:57:16.113696Z,2026-04-23T04:59:45.131382Z,149.017686,1,True,True,True,1.0,1.0,0.006710612859738004,0.006710612859738004,0.0,,1971,293,2264,148.24530580700957,148.24530580700957,,,2264.0,0.0,1.0,1.0
54169161-379d-4ee4-a8b5-9ecadee83c32,math:Orz57K,649,2026-04-23T04:57:18.283622Z,2026-04-23T05:00:35.506698Z,197.223076,1,True,True,True,1.0,1.0,0.005070400585375719,0.005070400585375719,0.0,,4033,90,4123,194.72238187599578,194.72238187599578,,,4123.0,0.0,1.0,1.0
9d351e43-576a-48cb-8aa8-ad2acca6efbd,math:Orz57K,650,2026-04-23T04:57:18.409316Z,2026-04-23T04:59:49.964892Z,151.555576,1,True,True,False,0.0,0.0,0.006598239579123107,0.0,0.0,,2042,730,2772,150.77437470100995,150.77437470100995,,,2772.0,0.0,1.0,1.0
2687b9db-c675-4ac4-965c-747be2152098,math:Orz57K,651,2026-04-23T04:57:19.106418Z,2026-04-23T05:00:39.625010Z,200.518592,1,True,True,False,0.0,0.0,0.004987068730265171,0.0,0.0,,4002,46,4048,198.0758066349954,198.0758066349954,,,4048.0,0.0,1.0,1.0
83c000af-5719-48d0-ad66-4c9fd69992c4,math:Orz57K,648,2026-04-23T04:57:24.548981Z,2026-04-23T04:59:51.919236Z,147.370255,1,True,True,True,1.0,1.0,0.006785629840974355,0.006785629840974355,0.0,,1971,293,2264,146.61466589999327,146.61466589999327,,,2264.0,0.0,1.0,1.0
e15da346-4ebb-42be-9f36-5458df6d4e4f,math:Orz57K,649,2026-04-23T04:57:26.531930Z,2026-04-23T05:00:41.753471Z,195.221541,1,True,True,True,1.0,1.0,0.00512238554658269,0.00512238554658269,0.0,,4033,90,4123,192.78350832499564,192.78350832499564,,,4123.0,0.0,1.0,1.0
5b9878e7-3310-4f48-9ea5-f0b538795b82,math:Orz57K,650,2026-04-23T04:57:30.011766Z,2026-04-23T04:59:56.693558Z,146.681792,1,True,True,False,0.0,0.0,0.006817478750191435,0.0,0.0,,2042,730,2772,145.92239067000628,145.92239067000628,,,2772.0,0.0,1.0,1.0
2f9082c3-1d28-4f6a-addf-a8d511ed1cfc,math:Orz57K,651,2026-04-23T04:57:32.110671Z,2026-04-23T05:00:44.665905Z,192.555234,1,True,True,False,0.0,0.0,0.005193315077584439,0.0,0.0,,4002,46,4048,190.09928796500026,190.09928796500026,,,4048.0,0.0,1.0,1.0
38215b74-3698-45cc-96ff-37a19508f401,math:Orz57K,652,2026-04-23T04:57:32.297553Z,2026-04-23T04:59:57.941317Z,145.643764,1,True,True,True,1.0,1.0,0.006866068086512787,0.006866068086512787,0.0,,1934,174,2108,144.8849735919939,144.8849735919939,,,2108.0,0.0,1.0,1.0
3975dba6-37c7-432c-ac6a-a268b438c197,math:Orz57K,649,2026-04-23T04:57:32.979772Z,2026-04-23T05:00:51.642028Z,198.662256,1,True,True,True,1.0,1.0,0.005033668801183854,0.005033668801183854,0.0,,4033,90,4123,196.1241244920093,196.1241244920093,,,4123.0,0.0,1.0,1.0
7b1044e3-b54a-4e5b-b226-6879ac48997a,math:Orz57K,650,2026-04-23T04:57:55.406792Z,2026-04-23T05:00:03.180442Z,127.77365,1,True,True,False,0.0,0.0,0.00782633978132424,0.0,0.0,,2042,730,2772,127.01059806800913,127.01059806800913,,,2772.0,0.0,1.0,1.0
9d68a8c4-f00c-4f17-bc6b-f92a74626b93,math:Orz57K,651,2026-04-23T04:57:58.931528Z,2026-04-23T05:00:53.849667Z,174.918139,1,True,True,False,0.0,0.0,0.005716959977489813,0.0,0.0,,4002,46,4048,172.40131253600703,172.40131253600703,,,4048.0,0.0,1.0,1.0
4b799542-c12a-41b0-8c0f-1de71762d665,math:Orz57K,652,2026-04-23T04:58:01.059284Z,2026-04-23T05:00:04.368799Z,123.309515,1,True,True,True,1.0,1.0,0.008109674261552322,0.008109674261552322,0.0,,1934,174,2108,122.59201161599776,122.59201161599776,,,2108.0,0.0,1.0,1.0
c9a91375-da4d-458a-9099-ecef50fd0c48,math:Orz57K,653,2026-04-23T04:58:01.145394Z,2026-04-23T05:00:07.284490Z,126.139096,1,True,True,False,0.0,0.0,0.007927756197016031,0.0,0.0,,1989,484,2473,125.36541781100095,125.36541781100095,,,2473.0,0.0,1.0,1.0
a22c03ca-319a-4158-8e8e-599e4ea0c240,math:Orz57K,650,2026-04-23T04:58:01.858621Z,2026-04-23T05:00:11.526965Z,129.668344,1,True,True,False,0.0,0.0,0.007711982502066966,0.0,0.0,,2042,730,2772,128.89445323999098,128.89445323999098,,,2772.0,0.0,1.0,1.0
edef5f59-7c11-41eb-909a-a23636643b0b,math:Orz57K,651,2026-04-23T04:58:24.040627Z,2026-04-23T05:01:04.551916Z,160.511289,1,True,True,False,0.0,0.0,0.006230091392512585,0.0,0.0,,4002,46,4048,158.00773879401095,158.00773879401095,,,4048.0,0.0,1.0,1.0
b392060b-2a53-41cb-b17a-74226a37ca08,math:Orz57K,652,2026-04-23T04:58:27.528983Z,2026-04-23T05:00:13.161196Z,105.632213,1,True,True,True,1.0,1.0,0.009466809144668777,0.009466809144668777,0.0,,1934,174,2108,104.88272464300098,104.88272464300098,,,2108.0,0.0,1.0,1.0
62dfd48d-25f6-4ba7-ab3a-c20f7edd3e71,math:Orz57K,653,2026-04-23T04:58:29.650978Z,2026-04-23T05:00:16.062500Z,106.411522,1,True,True,False,0.0,0.0,0.009397478592590753,0.0,0.0,,1989,484,2473,105.66008557799796,105.66008557799796,,,2473.0,0.0,1.0,1.0
00cc2a29-6de2-424d-b84d-0da1bae43402,math:Orz57K,654,2026-04-23T04:58:29.776161Z,2026-04-23T05:00:20.076626Z,110.300465,1,True,True,False,0.0,0.0,0.009066144916070842,0.0,0.0,,1999,679,2678,109.54814496399194,109.54814496399194,,,2678.0,0.0,1.0,1.0
00d2bd77-6055-4161-9551-3b8220a39fa9,math:Orz57K,651,2026-04-23T04:58:30.469331Z,2026-04-23T05:01:12.732612Z,162.263281,1,True,True,False,0.0,0.0,0.006162823738292337,0.0,0.0,,4002,46,4048,159.8233820630121,159.8233820630121,,,4048.0,0.0,1.0,1.0
e1d5d03d-cdc5-4e93-b5b7-03efee58c40e,math:Orz57K,652,2026-04-23T04:58:52.704409Z,2026-04-23T05:00:21.759179Z,89.05477,1,True,True,True,1.0,1.0,0.011229044777724987,0.011229044777724987,0.0,,1934,174,2108,88.29043059400283,88.29043059400283,,,2108.0,0.0,1.0,1.0
9bc2bd62-15aa-482f-898e-5eed49f59bed,math:Orz57K,653,2026-04-23T04:58:55.314981Z,2026-04-23T05:00:24.706168Z,89.391187,1,True,True,False,0.0,0.0,0.011186785113391547,0.0,0.0,,1989,484,2473,88.62975677900249,88.62975677900249,,,2473.0,0.0,1.0,1.0
861ecc14-0fe9-4dbd-a5c9-62d95b727f59,math:Orz57K,654,2026-04-23T04:59:16.489845Z,2026-04-23T05:00:28.649366Z,72.159521,1,True,True,False,0.0,0.0,0.013858185117387352,0.0,0.0,,1999,679,2678,71.39205869501166,71.39205869501166,,,2678.0,0.0,1.0,1.0
3e701d88-7d2f-4228-b870-1f270d8334c4,math:Orz57K,655,2026-04-23T04:59:18.124582Z,2026-04-23T05:01:26.678669Z,128.554087,1,True,True,True,1.0,1.0,0.007778826977317336,0.007778826977317336,0.0,,4357,376,4733,126.06937175401254,126.06937175401254,,,4733.0,0.0,1.0,1.0
4ad9d531-1e82-4750-9a88-68a70203e48e,math:Orz57K,652,2026-04-23T04:59:22.981691Z,2026-04-23T05:00:32.252701Z,69.27101,1,True,True,True,1.0,1.0,0.01443605340820063,0.01443605340820063,0.0,,1934,174,2108,68.49771995500487,68.49771995500487,,,2108.0,0.0,1.0,1.0
479ad4c5-36f1-49f6-a6fc-9af87b7c7f93,math:Orz57K,653,2026-04-23T04:59:45.165097Z,2026-04-23T05:00:35.452014Z,50.286917,1,True,True,False,0.0,0.0,0.019885888013377314,0.0,0.0,,1989,484,2473,49.53014929800702,49.53014929800702,,,2473.0,0.0,1.0,1.0
92f0500c-ab51-4609-b018-8da8e468c56f,math:Orz57K,654,2026-04-23T04:59:49.989834Z,2026-04-23T05:00:39.568064Z,49.57823,1,True,True,False,0.0,0.0,0.020170143226170036,0.0,0.0,,1999,679,2678,48.80078678899736,48.80078678899736,,,2678.0,0.0,1.0,1.0
591dcb12-4773-43d2-b502-a6a155d31410,math:Orz57K,655,2026-04-23T04:59:51.943978Z,2026-04-23T05:01:46.862118Z,114.91814,1,True,True,True,1.0,1.0,0.008701846375167577,0.008701846375167577,0.0,,4357,376,4733,112.37823012399895,112.37823012399895,,,4733.0,0.0,1.0,1.0
2d2fab3e-7108-46d6-bc6f-d3f5322d6292,math:Orz57K,656,2026-04-23T04:59:56.719044Z,2026-04-23T05:00:44.551760Z,47.832716,1,True,True,True,1.0,1.0,0.020906193158674077,0.020906193158674077,0.0,,1952,474,2426,47.115416045009624,47.115416045009624,,,2426.0,0.0,1.0,1.0
08323a1f-fb80-424b-93f5-62f9a6fff630,math:Orz57K,653,2026-04-23T04:59:57.964910Z,2026-04-23T05:00:47.519999Z,49.555089,1,True,True,False,0.0,0.0,0.020179562183815267,0.0,0.0,,1989,484,2473,48.79690026000026,48.79690026000026,,,2473.0,0.0,1.0,1.0
3176f30b-ede9-46e6-80c4-32185caa6849,math:Orz57K,654,2026-04-23T04:59:58.832349Z,2026-04-23T05:00:51.554870Z,52.722521,1,True,True,False,0.0,0.0,0.018967226548214568,0.0,0.0,,1999,679,2678,51.964467104000505,51.964467104000505,,,2678.0,0.0,1.0,1.0
1a97c7c3-4504-4f39-b384-d53cdb28d137,math:Orz57K,655,2026-04-23T05:00:03.203289Z,2026-04-23T05:02:07.323705Z,124.120416,1,True,True,True,1.0,1.0,0.008056692301127962,0.008056692301127962,0.0,,4357,376,4733,121.67586447199574,121.67586447199574,,,4733.0,0.0,1.0,1.0
0c8923f2-b4f1-434c-821c-3544d04b6cdc,math:Orz57K,656,2026-04-23T05:00:04.392420Z,2026-04-23T05:00:56.650845Z,52.258425,1,True,True,True,1.0,1.0,0.019135670468445998,0.019135670468445998,0.0,,1952,474,2426,51.50793324300321,51.50793324300321,,,2426.0,0.0,1.0,1.0
83b5e916-41d5-4db1-b2a2-cb0f8f1edc27,math:Orz57K,657,2026-04-23T05:00:07.309430Z,2026-04-23T05:00:58.468971Z,51.159541,1,True,True,True,1.0,1.0,0.01954669608939611,0.01954669608939611,0.0,,1977,304,2281,50.38830607899581,50.38830607899581,,,2281.0,0.0,1.0,1.0
d8a333eb-bef8-4c9a-86d8-0e059e1ddef3,math:Orz57K,654,2026-04-23T05:00:11.551695Z,2026-04-23T05:01:02.462838Z,50.911143,1,True,True,False,0.0,0.0,0.01964206539224625,0.0,0.0,,1999,679,2678,50.12450540500868,50.12450540500868,,,2678.0,0.0,1.0,1.0
913946c2-7c9b-40aa-aa92-e5cb32cc55dc,math:Orz57K,655,2026-04-23T05:00:11.860304Z,2026-04-23T05:02:23.201131Z,131.340827,1,True,True,True,1.0,1.0,0.007613778768120594,0.007613778768120594,0.0,,4357,376,4733,128.8811746059946,128.8811746059946,,,4733.0,0.0,1.0,1.0
86d70104-2cd6-43cf-97d7-5addd4f7e935,math:Orz57K,656,2026-04-23T05:00:13.186269Z,2026-04-23T05:01:07.288527Z,54.102258,1,True,True,True,1.0,1.0,0.01848351689868471,0.01848351689868471,0.0,,1952,474,2426,53.384668019003584,53.384668019003584,,,2426.0,0.0,1.0,1.0
81eccb9e-27bc-44c2-a256-fba672043646,math:Orz57K,657,2026-04-23T05:00:16.086251Z,2026-04-23T05:01:09.101994Z,53.015743,1,True,True,True,1.0,1.0,0.018862321706969193,0.018862321706969193,0.0,,1977,304,2281,52.26491527700273,52.26491527700273,,,2281.0,0.0,1.0,1.0
b2ba3a6a-4162-4c7f-98d2-14fec61c79fe,math:Orz57K,658,2026-04-23T05:00:20.099958Z,2026-04-23T05:01:10.643608Z,50.54365,1,True,True,False,0.0,0.0,0.019784879010518633,0.0,0.0,,1975,268,2243,49.7957598970097,49.7957598970097,,,2243.0,0.0,1.0,1.0
a27eb7f7-d67c-4273-a5b5-93dafa110cd2,math:Orz57K,655,2026-04-23T05:00:20.696756Z,2026-04-23T05:02:36.471099Z,135.774343,1,True,True,True,1.0,1.0,0.007365161766976844,0.007365161766976844,0.0,,4357,376,4733,133.317425524001,133.317425524001,,,4733.0,0.0,1.0,1.0
afd519f1-494d-49c7-938b-5f163b91b2c0,math:Orz57K,656,2026-04-23T05:00:21.783859Z,2026-04-23T05:01:15.511879Z,53.72802,1,True,True,True,1.0,1.0,0.0186122622795331,0.0186122622795331,0.0,,1952,474,2426,53.010111709998455,53.010111709998455,,,2426.0,0.0,1.0,1.0
5830c19c-d2ff-4326-ace1-1ebbabedfd00,math:Orz57K,657,2026-04-23T05:00:21.828195Z,2026-04-23T05:01:17.388093Z,55.559898,1,True,True,True,1.0,1.0,0.017998593157964402,0.017998593157964402,0.0,,1977,304,2281,54.76548397100123,54.76548397100123,,,2281.0,0.0,1.0,1.0
ae375781-cdd7-404d-9e83-b4f22b119107,math:Orz57K,658,2026-04-23T05:00:24.730919Z,2026-04-23T05:01:18.955080Z,54.224161,1,True,True,False,0.0,0.0,0.01844196353725049,0.0,0.0,,1975,268,2243,53.43194429700088,53.43194429700088,,,2243.0,0.0,1.0,1.0
72593ec2-8a4c-4b2f-94f8-a96fa64b10b4,math:Orz57K,659,2026-04-23T05:00:28.674070Z,2026-04-23T05:01:21.933104Z,53.259034,1,True,True,True,1.0,1.0,0.01877615729943581,0.01877615729943581,0.0,,1968,511,2479,52.506673413998215,52.506673413998215,,,2479.0,0.0,1.0,1.0
a890b59b-9419-4ae8-8905-6bf1e38c9254,math:Orz57K,656,2026-04-23T05:00:29.020109Z,2026-04-23T05:01:24.697022Z,55.676913,1,True,True,True,1.0,1.0,0.017960765892318778,0.017960765892318778,0.0,,1952,474,2426,54.95461938501103,54.95461938501103,,,2426.0,0.0,1.0,1.0
9a1adbe7-fbdc-4cca-a8c1-8ca2307152a3,math:Orz57K,657,2026-04-23T05:00:31.189514Z,2026-04-23T05:01:26.496438Z,55.306924,1,True,True,True,1.0,1.0,0.01808091876525261,0.01808091876525261,0.0,,1977,304,2281,54.553619478989276,54.553619478989276,,,2281.0,0.0,1.0,1.0
bec5843d-e65e-47c4-8673-d78d395f71ca,math:Orz57K,658,2026-04-23T05:00:32.276947Z,2026-04-23T05:01:28.287032Z,56.010085,1,True,True,False,0.0,0.0,0.01785392755608209,0.0,0.0,,1975,268,2243,55.23660098199616,55.23660098199616,,,2243.0,0.0,1.0,1.0
fe444982-b46f-43f8-9c47-4185ccd4b880,math:Orz57K,659,2026-04-23T05:00:32.644158Z,2026-04-23T05:01:31.182386Z,58.538228,1,True,True,True,1.0,1.0,0.017082853959979796,0.017082853959979796,0.0,,1968,511,2479,57.82908237099764,57.82908237099764,,,2479.0,0.0,1.0,1.0
7d76c504-fbaf-4317-a00b-05815b83a405,math:Orz57K,660,2026-04-23T05:00:35.478386Z,2026-04-23T05:01:35.771497Z,60.293111,1,True,True,True,1.0,1.0,0.01658564276107763,0.01658564276107763,0.0,,2033,783,2816,59.55710562800232,59.55710562800232,,,2816.0,0.0,1.0,1.0
c2d7e3ec-e1d7-4d0f-b7e0-a1ea43355f70,math:Orz57K,657,2026-04-23T05:00:35.530242Z,2026-04-23T05:01:37.577042Z,62.0468,1,True,True,True,1.0,1.0,0.016116866623258574,0.016116866623258574,0.0,,1977,300,2277,61.27128791699943,61.27128791699943,,,2277.0,0.0,1.0,1.0
a0b1dfd2-4e30-4f26-b9fd-0b856ff62d0e,math:Orz57K,658,2026-04-23T05:00:39.590491Z,2026-04-23T05:01:39.115455Z,59.524964,1,True,True,False,0.0,0.0,0.0167996741669596,0.0,0.0,,1975,268,2243,58.773004132002825,58.773004132002825,,,2243.0,0.0,1.0,1.0
65301fd0-896f-4954-8afd-a0578c336361,math:Orz57K,659,2026-04-23T05:00:39.650211Z,2026-04-23T05:01:42.055178Z,62.404967,1,True,True,True,1.0,1.0,0.01602436549641954,0.01602436549641954,0.0,,1968,511,2479,61.676462531992,61.676462531992,,,2479.0,0.0,1.0,1.0
c0fb0412-b721-4952-a435-a2e35918bab5,math:Orz57K,660,2026-04-23T05:00:41.777035Z,2026-04-23T05:01:46.642487Z,64.865452,1,True,True,True,1.0,1.0,0.015416527121402006,0.015416527121402006,0.0,,2033,783,2816,64.14559190800355,64.14559190800355,,,2816.0,0.0,1.0,1.0
d3d3a182-7111-4b9b-bf92-1fd27da46362,math:Orz57K,661,2026-04-23T05:00:44.577819Z,2026-04-23T05:01:49.851062Z,65.273243,1,True,True,False,0.0,0.0,0.015320213215084167,0.0,0.0,,1980,503,2483,64.50651409300917,64.50651409300917,,,2483.0,0.0,1.0,1.0
cc257ddf-a55a-48cf-954c-487d85b52671,math:Orz57K,658,2026-04-23T05:00:44.688468Z,2026-04-23T05:01:51.418632Z,66.730164,1,True,True,False,0.0,0.0,0.014985726694752316,0.0,0.0,,1975,268,2243,65.98520737299987,65.98520737299987,,,2243.0,0.0,1.0,1.0
f4d54e87-36e6-4dce-866c-a564a89fa8a7,math:Orz57K,659,2026-04-23T05:00:47.546730Z,2026-04-23T05:01:54.454699Z,66.907969,1,True,True,True,1.0,1.0,0.01494590278177477,0.01494590278177477,0.0,,1968,511,2479,66.1684333000012,66.1684333000012,,,2479.0,0.0,1.0,1.0
d957a6a5-0af1-48ae-a8c1-e60bdcd5a906,math:Orz57K,660,2026-04-23T05:00:51.580038Z,2026-04-23T05:01:59.056923Z,67.476885,1,True,True,True,1.0,1.0,0.014819889803745387,0.014819889803745387,0.0,,2033,783,2816,66.75616351499048,66.75616351499048,,,2816.0,0.0,1.0,1.0
51cb527b-ae27-4f5b-8c9f-29172ff950dd,math:Orz57K,661,2026-04-23T05:00:51.664341Z,2026-04-23T05:02:02.025853Z,70.361512,1,True,True,False,0.0,0.0,0.014212315391971679,0.0,0.0,,1980,503,2483,69.61812370699772,69.61812370699772,,,2483.0,0.0,1.0,1.0
f21c0a01-ca11-4fb6-b530-f6ba724d4c4a,math:Orz57K,662,2026-04-23T05:00:53.874741Z,2026-04-23T05:02:07.132153Z,73.257412,1,True,True,False,0.0,0.0,0.013650495870643096,0.0,0.0,,2137,871,3008,72.5421355599974,72.5421355599974,,,3008.0,0.0,1.0,1.0
506271e5-4857-42e4-b940-71a9b64d551b,math:Orz57K,659,2026-04-23T05:00:56.676181Z,2026-04-23T05:02:10.319099Z,73.642918,1,True,True,True,1.0,1.0,0.013579038245062479,0.013579038245062479,0.0,,1968,511,2479,72.88821264500439,72.88821264500439,,,2479.0,0.0,1.0,1.0
9fb7149b-0f24-4d81-ae57-2a48ca279ea6,math:Orz57K,660,2026-04-23T05:00:58.494350Z,2026-04-23T05:02:14.853186Z,76.358836,1,True,True,True,1.0,1.0,0.01309606133859872,0.01309606133859872,0.0,,2033,783,2816,75.63651931200002,75.63651931200002,,,2816.0,0.0,1.0,1.0
82376116-755e-4795-8277-d68f4c024643,math:Orz57K,661,2026-04-23T05:01:02.487659Z,2026-04-23T05:02:17.852843Z,75.365184,1,True,True,False,0.0,0.0,0.013268726312669787,0.0,0.0,,1980,503,2483,74.60424684800091,74.60424684800091,,,2483.0,0.0,1.0,1.0
42c51e90-b00a-4bc9-b634-bb764c13b5cf,math:Orz57K,662,2026-04-23T05:01:04.577362Z,2026-04-23T05:02:22.995605Z,78.418243,1,True,True,False,0.0,0.0,0.012752134729669982,0.0,0.0,,2137,871,3008,77.6946535850002,77.6946535850002,,,3008.0,0.0,1.0,1.0
cd4e671a-3220-4e3d-9db5-94fb15db0e52,math:Orz57K,663,2026-04-23T05:01:07.312411Z,2026-04-23T05:08:22.621506Z,435.309095,1,True,True,False,0.0,0.0,0.002297218255915374,0.0,0.0,,6366,173,6539,417.737963794003,417.737963794003,,,6539.0,0.0,1.0,1.0
8447b26b-93a6-41f0-adb8-0ec1eddcd104,math:Orz57K,660,2026-04-23T05:01:09.126389Z,2026-04-23T05:02:28.241390Z,79.115001,1,True,True,True,1.0,1.0,0.01263982793857261,0.01263982793857261,0.0,,2033,783,2816,78.39021927899739,78.39021927899739,,,2816.0,0.0,1.0,1.0
a5739f96-d80b-46a5-9c02-1c7fc8156dc9,math:Orz57K,661,2026-04-23T05:01:10.668533Z,2026-04-23T05:02:31.181324Z,80.512791,1,True,True,False,0.0,0.0,0.01242038671842838,0.0,0.0,,1980,503,2483,79.76715237701137,79.76715237701137,,,2483.0,0.0,1.0,1.0
1d60c59b-cabb-4cf4-9920-c4e5b1023147,math:Orz57K,662,2026-04-23T05:01:12.756723Z,2026-04-23T05:02:36.272013Z,83.51529,1,True,True,False,0.0,0.0,0.011973855326371975,0.0,0.0,,2137,871,3008,82.794463808008,82.794463808008,,,3008.0,0.0,1.0,1.0
dc616a67-5c36-4d61-b4a5-a3671121d071,math:Orz57K,663,2026-04-23T05:01:15.539438Z,2026-04-23T05:08:55.851425Z,460.311987,1,True,True,False,0.0,0.0,0.0021724396240847843,0.0,0.0,,6366,173,6539,442.82753529898764,442.82753529898764,,,6539.0,0.0,1.0,1.0
6b3c5f17-fe8e-4270-9259-70d6b6021982,math:Orz57K,664,2026-04-23T05:01:17.413067Z,2026-04-23T05:02:42.102076Z,84.689009,1,True,True,False,0.0,0.0,0.011807907682565988,0.0,0.0,,2018,873,2891,83.90497493099247,83.90497493099247,,,2891.0,0.0,1.0,1.0
5edd4e0e-4c45-460e-aca0-89ba5fedcbcc,math:Orz57K,661,2026-04-23T05:01:18.979585Z,2026-04-23T05:02:44.983328Z,86.003743,1,True,True,False,0.0,0.0,0.011627400914399738,0.0,0.0,,1980,503,2483,85.237843512994,85.237843512994,,,2483.0,0.0,1.0,1.0
c4e06d0e-b4e5-4eed-b47d-d3c90fb794ef,math:Orz57K,662,2026-04-23T05:01:21.956741Z,2026-04-23T05:02:50.109429Z,88.152688,1,True,True,False,0.0,0.0,0.011343953572918843,0.0,0.0,,2137,871,3008,87.44889046500612,87.44889046500612,,,3008.0,0.0,1.0,1.0
be4b03e7-94b1-49c4-969e-5e3bc56d317b,math:Orz57K,663,2026-04-23T05:01:24.721956Z,2026-04-23T05:09:28.727149Z,484.005193,1,True,True,False,0.0,0.0,0.002066093534661724,0.0,0.0,,6366,173,6539,466.5155259969906,466.5155259969906,,,6539.0,0.0,1.0,1.0
e867a26e-e69c-42ce-9201-7ef6f633fb80,math:Orz57K,664,2026-04-23T05:01:26.521434Z,2026-04-23T05:02:55.800956Z,89.279522,1,True,True,False,0.0,0.0,0.011200776814194862,0.0,0.0,,2018,873,2891,88.53961702701054,88.53961702701054,,,2891.0,0.0,1.0,1.0
0970043f-6e13-474c-b41f-7f68b042711d,math:Orz57K,665,2026-04-23T05:01:26.703324Z,2026-04-23T05:03:20.948428Z,114.245104,1,True,True,False,0.0,0.0,0.008753110330224743,0.0,0.0,,1964,4096,6060,113.50005825099652,113.50005825099652,,,6060.0,0.0,1.0,1.0
a8c5ec44-eb43-4999-818d-aeb1efdb9d24,math:Orz57K,662,2026-04-23T05:01:28.311465Z,2026-04-23T05:03:26.102330Z,117.790865,1,True,True,False,0.0,0.0,0.008489622688482676,0.0,0.0,,2137,871,3008,117.07160918400041,117.07160918400041,,,3008.0,0.0,1.0,1.0
ae78a01e-69fa-4a5e-ad3a-bc4238358507,math:Orz57K,663,2026-04-23T05:01:31.207663Z,2026-04-23T05:09:54.274905Z,503.067242,1,True,True,False,0.0,0.0,0.00198780583689844,0.0,0.0,,6366,173,6539,485.6032175029977,485.6032175029977,,,6539.0,0.0,1.0,1.0
2ea3a56d-ead6-49e7-8210-bfb52ca52921,math:Orz57K,664,2026-04-23T05:01:35.796216Z,2026-04-23T05:03:31.709392Z,115.913176,1,True,True,False,0.0,0.0,0.00862714692590254,0.0,0.0,,2018,873,2891,115.15398907200142,115.15398907200142,,,2891.0,0.0,1.0,1.0
9d50fa20-ea16-4759-9657-257685802974,math:Orz57K,665,2026-04-23T05:01:37.602073Z,2026-04-23T05:03:56.940200Z,139.338127,1,True,True,False,0.0,0.0,0.007176786580459777,0.0,0.0,,1964,4096,6060,138.60470829099359,138.60470829099359,,,6060.0,0.0,1.0,1.0
6772342e-64a2-4a3f-a0c6-ab55060e038f,math:Orz57K,666,2026-04-23T05:01:39.140073Z,2026-04-23T05:12:13.360721Z,634.220648,1,True,True,False,0.0,0.0,0.001576738321518665,0.0,0.0,,14110,3159,17269,628.1684289000113,628.1684289000113,,,17269.0,0.0,1.0,1.0
f446b72b-7bb6-448f-8884-7d0612c8929d,math:Orz57K,663,2026-04-23T05:01:42.078296Z,2026-04-23T05:10:35.984048Z,533.905752,1,True,True,False,0.0,0.0,0.001872989748198105,0.0,0.0,,6366,173,6539,516.3599195500137,516.3599195500137,,,6539.0,0.0,1.0,1.0
cea67a17-070c-4937-b34a-d66ba2e4a26f,math:Orz57K,664,2026-04-23T05:01:46.667318Z,2026-04-23T05:04:07.225191Z,140.557873,1,True,True,False,0.0,0.0,0.007114507203733795,0.0,0.0,,2018,873,2891,139.80064651700377,139.80064651700377,,,2891.0,0.0,1.0,1.0
860c0ff9-4bac-4d62-9f57-0f27985ae54b,math:Orz57K,665,2026-04-23T05:01:46.887211Z,2026-04-23T05:04:32.410723Z,165.523512,1,True,True,False,0.0,0.0,0.006041437786796114,0.0,0.0,,1964,4096,6060,164.79923161001352,164.79923161001352,,,6060.0,0.0,1.0,1.0
55cd5450-b5c8-45a7-a453-b6144120b89e,math:Orz57K,666,2026-04-23T05:01:49.876104Z,2026-04-23T05:12:22.845353Z,632.969249,1,True,True,False,0.0,0.0,0.0015798555799983263,0.0,0.0,,14110,3159,17269,626.8730762559862,626.8730762559862,,,17269.0,0.0,1.0,1.0
4251753b-aeec-4c5c-8422-74ca620e92c5,math:Orz57K,667,2026-04-23T05:01:51.449758Z,2026-04-23T05:04:41.050253Z,169.600495,1,True,True,True,1.0,1.0,0.005896209206229026,0.005896209206229026,0.0,,1971,679,2650,168.85841458299547,168.85841458299547,,,2650.0,0.0,1.0,1.0
267449a0-abfd-4666-9fc7-62bc79336a1f,math:Orz57K,664,2026-04-23T05:01:54.477995Z,2026-04-23T05:04:46.111393Z,171.633398,1,True,True,False,0.0,0.0,0.005826371857999339,0.0,0.0,,2018,873,2891,170.89312200600398,170.89312200600398,,,2891.0,0.0,1.0,1.0
b68b0d7f-239f-4b60-92c7-cf730ab308f9,math:Orz57K,665,2026-04-23T05:01:59.081375Z,2026-04-23T05:05:11.370749Z,192.289374,1,True,True,False,0.0,0.0,0.005200495374226971,0.0,0.0,,1964,4096,6060,191.56171335699037,191.56171335699037,,,6060.0,0.0,1.0,1.0
9317f865-43d3-49b4-baca-713c9f1b69ea,math:Orz57K,666,2026-04-23T05:02:02.049285Z,2026-04-23T05:12:38.578724Z,636.529439,1,True,True,False,0.0,0.0,0.0015710192470768033,0.0,0.0,,14110,3159,17269,630.5339325480163,630.5339325480163,,,17269.0,0.0,1.0,1.0
d17cbce9-c6bc-4958-89b6-e12acf635fc7,math:Orz57K,667,2026-04-23T05:02:07.156820Z,2026-04-23T05:05:20.065162Z,192.908342,1,True,True,True,1.0,1.0,0.0051838090029305214,0.0051838090029305214,0.0,,1971,679,2650,192.16064608099987,192.16064608099987,,,2650.0,0.0,1.0,1.0
4ee43b58-8d18-43d2-9e14-c17d96637d2f,math:Orz57K,668,2026-04-23T05:02:07.347678Z,2026-04-23T05:05:27.147412Z,199.799734,1,True,True,False,0.0,0.0,0.005005011668333853,0.0,0.0,,2015,1183,3198,199.00649825199798,199.00649825199798,,,3198.0,0.0,1.0,1.0
f24b4609-f11a-482a-9636-1b1f194f8ee2,math:Orz57K,665,2026-04-23T05:02:10.345125Z,2026-04-23T05:05:52.224055Z,221.87893,1,True,True,False,0.0,0.0,0.004506962423155727,0.0,0.0,,1964,4096,6060,221.15416481200373,221.15416481200373,,,6060.0,0.0,1.0,1.0
31177014-31d6-4a78-aaee-93c465667081,math:Orz57K,666,2026-04-23T05:02:14.877386Z,2026-04-23T05:12:45.359732Z,630.482346,1,True,True,False,0.0,0.0,0.001586087233598766,0.0,0.0,,14110,3159,17269,624.3987115009659,624.3987115009659,,,17269.0,0.0,1.0,1.0
ab97a128-e8e4-4ce5-b51b-a806a531ee78,math:Orz57K,667,2026-04-23T05:02:17.877648Z,2026-04-23T05:06:00.973779Z,223.096131,1,True,True,True,1.0,1.0,0.004482372668309519,0.004482372668309519,0.0,,1971,679,2650,222.36096917898976,222.36096917898976,,,2650.0,0.0,1.0,1.0
00545930-d0bb-4b3b-9d32-244923b6a1c3,math:Orz57K,668,2026-04-23T05:02:23.019805Z,2026-04-23T05:06:07.977867Z,224.958062,1,True,True,False,0.0,0.0,0.004445273003818818,0.0,0.0,,2015,1183,3198,224.17180689700763,224.17180689700763,,,3198.0,0.0,1.0,1.0
678840eb-4568-4496-894a-f45f46e9af3c,math:Orz57K,669,2026-04-23T05:02:23.226550Z,2026-04-23T05:06:15.000200Z,231.77365,1,True,True,True,1.0,1.0,0.004314554307618661,0.004314554307618661,0.0,,1979,1216,3195,231.02559334700345,231.02559334700345,,,3195.0,0.0,1.0,1.0
e178fa85-ddba-4951-9147-c4ecb97e6a96,math:Orz57K,666,2026-04-23T05:02:28.265720Z,2026-04-23T05:12:56.679591Z,628.413871,1,True,True,False,0.0,0.0,0.0015913079678026394,0.0,0.0,,14110,3159,17269,622.2848681309843,622.2848681309843,,,17269.0,0.0,1.0,1.0
238d6321-5f77-476e-9cdf-10d0586e0a17,math:Orz57K,667,2026-04-23T05:02:31.206238Z,2026-04-23T05:06:24.268436Z,233.062198,1,True,True,True,1.0,1.0,0.004290700116026538,0.004290700116026538,0.0,,1971,679,2650,232.36184104300628,232.36184104300628,,,2650.0,0.0,1.0,1.0
93f823f9-4dc6-4f68-ac1c-1084bddc1516,math:Orz57K,668,2026-04-23T05:02:36.297347Z,2026-04-23T05:06:31.344858Z,235.047511,1,True,True,False,0.0,0.0,0.004254459005949653,0.0,0.0,,2015,1183,3198,234.21617887399043,234.21617887399043,,,3198.0,0.0,1.0,1.0
8d9f85e8-8ec9-4fea-889c-fbbd6553f69a,math:Orz57K,669,2026-04-23T05:02:36.495540Z,2026-04-23T05:06:38.363997Z,241.868457,1,True,True,True,1.0,1.0,0.004134478767522794,0.004134478767522794,0.0,,1979,1216,3195,241.13315310000326,241.13315310000326,,,3195.0,0.0,1.0,1.0
c151e69f-91a5-4610-8261-359a74feb6ad,math:Orz57K,670,2026-04-23T05:02:42.125367Z,2026-04-23T05:06:42.420728Z,240.295361,1,True,True,True,1.0,1.0,0.0041615451743989345,0.0041615451743989345,0.0,,2000,604,2604,239.5523677690071,239.5523677690071,,,2604.0,0.0,1.0,1.0
ff95000f-c7b6-43c0-9c56-30c1af07558d,math:Orz57K,667,2026-04-23T05:02:45.009021Z,2026-04-23T05:06:46.309857Z,241.300836,1,True,True,True,1.0,1.0,0.00414420445687971,0.00414420445687971,0.0,,1971,679,2650,240.56536174099892,240.56536174099892,,,2650.0,0.0,1.0,1.0
e2949f69-0111-4b16-aa95-8aba8f7192b2,math:Orz57K,668,2026-04-23T05:02:50.132594Z,2026-04-23T05:06:53.431616Z,243.299022,1,True,True,False,0.0,0.0,0.004110168597389594,0.0,0.0,,2015,1183,3198,242.49090294900816,242.49090294900816,,,3198.0,0.0,1.0,1.0
1acc8a11-356e-4bac-8a65-a2de755f1c17,math:Orz57K,669,2026-04-23T05:02:55.826201Z,2026-04-23T05:07:01.103880Z,245.277679,1,True,True,True,1.0,1.0,0.004077011834411561,0.004077011834411561,0.0,,1979,1216,3195,244.571264926999,244.571264926999,,,3195.0,0.0,1.0,1.0
0384df6b-717e-464c-9045-a73ce66105f1,math:Orz57K,670,2026-04-23T05:03:20.973400Z,2026-04-23T05:07:04.633927Z,223.660527,1,True,True,True,1.0,1.0,0.0044710616281432615,0.0044710616281432615,0.0,,2000,604,2604,222.9286734609923,222.9286734609923,,,2604.0,0.0,1.0,1.0
47b51b7f-d059-4f8b-8209-f29a8e3ce8c9,math:Orz57K,671,2026-04-23T05:03:26.126609Z,2026-04-23T05:07:05.248340Z,219.121731,1,True,True,False,0.0,0.0,0.004563673330966886,0.0,0.0,,2059,102,2161,218.38514905699412,218.38514905699412,,,2161.0,0.0,1.0,1.0
73319f83-57f9-4ad9-afe0-cbb9afe97514,math:Orz57K,668,2026-04-23T05:03:31.733369Z,2026-04-23T05:07:12.834120Z,221.100751,1,True,True,False,0.0,0.0,0.004522824981268381,0.0,0.0,,2015,1183,3198,220.29608837299747,220.29608837299747,,,3198.0,0.0,1.0,1.0
a06ec9e2-00af-4072-9360-23b34ca56a57,math:Orz57K,669,2026-04-23T05:03:56.964451Z,2026-04-23T05:07:19.838603Z,202.874152,1,True,True,True,1.0,1.0,0.004929164164787242,0.004929164164787242,0.0,,1979,1216,3195,202.15695678201155,202.15695678201155,,,3195.0,0.0,1.0,1.0
e8d99e4d-d991-4e9f-bf1b-72b7dc32fc88,math:Orz57K,670,2026-04-23T05:04:07.251742Z,2026-04-23T05:07:29.021185Z,201.769443,1,True,True,True,1.0,1.0,0.004956151858931384,0.004956151858931384,0.0,,2000,604,2604,201.0410983519978,201.0410983519978,,,2604.0,0.0,1.0,1.0
b8732151-d248-4dba-8a5b-1acd2fc87113,math:Orz57K,671,2026-04-23T05:04:32.436044Z,2026-04-23T05:07:29.640713Z,177.204669,1,True,True,False,0.0,0.0,0.005643192166680439,0.0,0.0,,2059,102,2161,176.4691373550013,176.4691373550013,,,2161.0,0.0,1.0,1.0
7a16b866-94d4-4209-b63e-620c4b6c29dd,math:Orz57K,672,2026-04-23T05:04:41.076350Z,2026-04-23T05:07:37.739874Z,176.663524,1,True,True,True,1.0,1.0,0.005660478050918989,0.005660478050918989,0.0,,1957,560,2517,175.95335980999516,175.95335980999516,,,2517.0,0.0,1.0,1.0
b215d176-8eb0-4d6f-8024-a8cfbace2f16,math:Orz57K,669,2026-04-23T05:04:46.135146Z,2026-04-23T05:07:44.847113Z,178.711967,1,True,True,True,1.0,1.0,0.005595596180752686,0.005595596180752686,0.0,,1979,1216,3195,177.98506082801032,177.98506082801032,,,3195.0,0.0,1.0,1.0
4bd3991b-6008-4d0e-af73-db7511c1779b,math:Orz57K,670,2026-04-23T05:05:11.395313Z,2026-04-23T05:07:48.369142Z,156.973829,1,True,True,True,1.0,1.0,0.006370488675535844,0.006370488675535844,0.0,,2000,604,2604,156.2291432649945,156.2291432649945,,,2604.0,0.0,1.0,1.0
edb72b94-ea08-497d-8840-8caf8135db21,math:Orz57K,671,2026-04-23T05:05:20.089661Z,2026-04-23T05:07:53.914691Z,153.82503,1,True,True,False,0.0,0.0,0.006500892605059138,0.0,0.0,,2059,102,2161,153.10632260599232,153.10632260599232,,,2161.0,0.0,1.0,1.0
cbb9d3b0-3ebb-49e5-a844-b5c22af39195,math:Orz57K,672,2026-04-23T05:05:27.171137Z,2026-04-23T05:07:57.260422Z,150.089285,1,True,True,True,1.0,1.0,0.00666270080505747,0.00666270080505747,0.0,,1957,560,2517,149.34649396699388,149.34649396699388,,,2517.0,0.0,1.0,1.0
bc9f0ca3-e656-42b4-8350-814141f541f4,math:Orz57K,673,2026-04-23T05:05:52.247861Z,2026-04-23T05:08:01.244986Z,128.997125,1,True,True,True,1.0,1.0,0.007752110754406348,0.007752110754406348,0.0,,1985,685,2670,128.26469465899572,128.26469465899572,,,2670.0,0.0,1.0,1.0
9c9f060f-3f9f-4166-bf2a-d823b5610241,math:Orz57K,670,2026-04-23T05:06:00.999550Z,2026-04-23T05:08:09.707888Z,128.708338,1,True,True,True,1.0,1.0,0.007769504412371482,0.007769504412371482,0.0,,2000,604,2604,127.98641882398806,127.98641882398806,,,2604.0,0.0,1.0,1.0
8ca773df-daeb-42fd-a3c1-8b2483fbc032,math:Orz57K,671,2026-04-23T05:06:08.003626Z,2026-04-23T05:08:10.348664Z,122.345038,1,True,True,False,0.0,0.0,0.008173604882937712,0.0,0.0,,2059,102,2161,121.59760291400016,121.59760291400016,,,2161.0,0.0,1.0,1.0
7e2c98ea-b289-421d-b049-27fb03c212c7,math:Orz57K,672,2026-04-23T05:06:15.024399Z,2026-04-23T05:08:13.571301Z,118.546902,1,True,True,True,1.0,1.0,0.008435479823842212,0.008435479823842212,0.0,,1957,560,2517,117.80763801599096,117.80763801599096,,,2517.0,0.0,1.0,1.0
cbb2b328-1a6a-4c2b-9b10-15dd450c3117,math:Orz57K,673,2026-04-23T05:06:24.291792Z,2026-04-23T05:08:22.503688Z,118.211896,1,True,True,True,1.0,1.0,0.008459385508883133,0.008459385508883133,0.0,,1985,685,2670,117.48324112998671,117.48324112998671,,,2670.0,0.0,1.0,1.0
be3d2b2c-643d-44c7-a95d-ff3f555504a1,math:Orz57K,674,2026-04-23T05:06:31.370643Z,2026-04-23T05:08:47.779488Z,136.408845,1,True,True,False,0.0,0.0,0.007330902919088567,0.0,0.0,,1960,4096,6056,135.69274991900602,135.69274991900602,,,6056.0,0.0,1.0,1.0
512bfe8e-5286-4632-9d51-7bf3581131d6,math:Orz57K,671,2026-04-23T05:06:38.388276Z,2026-04-23T05:08:48.436990Z,130.048714,1,True,True,False,0.0,0.0,0.007689426286829719,0.0,0.0,,2059,102,2161,129.2925749529968,129.2925749529968,,,2161.0,0.0,1.0,1.0
6f0e9388-4a57-4258-8e67-7355dbb2c0ae,math:Orz57K,672,2026-04-23T05:06:42.444617Z,2026-04-23T05:08:51.721411Z,129.276794,1,True,True,True,1.0,1.0,0.007735340342675887,0.007735340342675887,0.0,,1957,560,2517,128.53182450300665,128.53182450300665,,,2517.0,0.0,1.0,1.0
0e892b7e-53cd-45c1-8061-b44ca705d3bc,math:Orz57K,673,2026-04-23T05:06:46.333417Z,2026-04-23T05:08:55.731288Z,129.397871,1,True,True,True,1.0,1.0,0.0077281024198612965,0.0077281024198612965,0.0,,1985,685,2670,128.66930319600215,128.66930319600215,,,2670.0,0.0,1.0,1.0
62497cde-8c07-4b8b-a3ce-10da219eb49e,math:Orz57K,674,2026-04-23T05:06:53.455608Z,2026-04-23T05:09:21.010413Z,147.554805,1,True,True,False,0.0,0.0,0.006777142906325552,0.0,0.0,,1960,4096,6056,146.82756665600755,146.82756665600755,,,6056.0,0.0,1.0,1.0
8dd2f37a-9af9-4f65-9eac-ed870ff79f21,math:Orz57K,675,2026-04-23T05:07:01.129518Z,2026-04-23T05:11:54.738498Z,293.60898,1,True,True,True,1.0,1.0,0.003405890378420987,0.003405890378420987,0.0,,3982,55,4037,291.12385018098576,291.12385018098576,,,4037.0,0.0,1.0,1.0
1a6867ad-30a0-4704-9ab7-a0f70bdf2eec,math:Orz57K,672,2026-04-23T05:07:04.657837Z,2026-04-23T05:09:24.582028Z,139.924191,1,True,True,True,1.0,1.0,0.007146727044503691,0.007146727044503691,0.0,,1957,560,2517,139.21342095400905,139.21342095400905,,,2517.0,0.0,1.0,1.0
85979bfb-5db6-4a29-b1b8-e3ee4aa84339,math:Orz57K,673,2026-04-23T05:07:05.271745Z,2026-04-23T05:09:28.632259Z,143.360514,1,True,True,True,1.0,1.0,0.0069754214190387185,0.0069754214190387185,0.0,,1985,685,2670,142.62239881099958,142.62239881099958,,,2670.0,0.0,1.0,1.0
039cca84-668a-431e-ab1a-3e2f563023bb,math:Orz57K,674,2026-04-23T05:07:12.859335Z,2026-04-23T05:09:53.887307Z,161.027972,1,True,True,False,0.0,0.0,0.006210101186643523,0.0,0.0,,1960,4096,6056,160.29464239299705,160.29464239299705,,,6056.0,0.0,1.0,1.0
54dbd585-4d5e-4347-8e06-45c2ff9269f8,math:Orz57K,675,2026-04-23T05:07:19.863718Z,2026-04-23T05:12:08.030550Z,288.166832,1,True,True,True,1.0,1.0,0.003470212005523245,0.003470212005523245,0.0,,3982,55,4037,285.70688818099734,285.70688818099734,,,4037.0,0.0,1.0,1.0
8e6dbb23-dcc6-4c87-8fd8-ca94a29e03f8,math:Orz57K,676,2026-04-23T05:07:29.045551Z,2026-04-23T05:10:01.498856Z,152.453305,1,True,True,True,1.0,1.0,0.006559385511517773,0.006559385511517773,0.0,,1958,344,2302,151.71305878600106,151.71305878600106,,,2302.0,0.0,1.0,1.0
c7666793-0172-4e74-9097-63a9886019ca,math:Orz57K,673,2026-04-23T05:07:29.664960Z,2026-04-23T05:10:05.495594Z,155.830634,1,True,True,True,1.0,1.0,0.006417223458129549,0.006417223458129549,0.0,,1985,685,2670,155.1022973069921,155.1022973069921,,,2670.0,0.0,1.0,1.0
d6ad8513-950b-4a1c-a110-1dca8eec12dd,math:Orz57K,674,2026-04-23T05:07:37.765904Z,2026-04-23T05:10:35.842215Z,178.076311,1,True,True,False,0.0,0.0,0.00561557005749069,0.0,0.0,,1960,4096,6056,177.34822194300068,177.34822194300068,,,6056.0,0.0,1.0,1.0
9900c1ad-d3a3-4099-9a1f-09c0064bf078,math:Orz57K,675,2026-04-23T05:07:44.871592Z,2026-04-23T05:12:28.949299Z,284.077707,1,True,True,True,1.0,1.0,0.003520163586789301,0.003520163586789301,0.0,,3982,55,4037,281.62143366399687,281.62143366399687,,,4037.0,0.0,1.0,1.0
8b99835f-741a-4363-b08f-5b675f19d427,math:Orz57K,676,2026-04-23T05:07:48.394198Z,2026-04-23T05:10:38.236244Z,169.842046,1,True,True,True,1.0,1.0,0.005887823560486311,0.005887823560486311,0.0,,1958,344,2302,169.12428879999788,169.12428879999788,,,2302.0,0.0,1.0,1.0
ad71aa20-993a-4d21-9eba-4a352b4c055f,math:Orz57K,677,2026-04-23T05:07:53.940239Z,2026-04-23T05:10:43.551274Z,169.611035,1,True,True,True,1.0,1.0,0.0058958428029166855,0.0058958428029166855,0.0,,1965,917,2882,168.8872417179955,168.8872417179955,,,2882.0,0.0,1.0,1.0
133b1cc5-384e-4aeb-bfce-4fad2cb68c34,math:Orz57K,674,2026-04-23T05:07:57.285172Z,2026-04-23T05:11:13.833841Z,196.548669,1,True,True,False,0.0,0.0,0.005087798381376981,0.0,0.0,,1960,4096,6056,195.83872102099122,195.83872102099122,,,6056.0,0.0,1.0,1.0
44fa3998-971e-4eba-b736-6c37bc59d6ed,math:Orz57K,675,2026-04-23T05:08:01.270043Z,2026-04-23T05:12:39.990771Z,278.720728,1,True,True,True,1.0,1.0,0.0035878207091938996,0.0035878207091938996,0.0,,3982,55,4037,276.25170709201484,276.25170709201484,,,4037.0,0.0,1.0,1.0
57484792-a53e-491e-8a43-3ab8be055d14,math:Orz57K,676,2026-04-23T05:08:09.732847Z,2026-04-23T05:11:21.251812Z,191.518965,1,True,True,True,1.0,1.0,0.005221415017567581,0.005221415017567581,0.0,,1958,344,2302,190.80873111699475,190.80873111699475,,,2302.0,0.0,1.0,1.0
9b9c2f67-8f24-41f5-9ff9-daef14a397cd,math:Orz57K,677,2026-04-23T05:08:10.374261Z,2026-04-23T05:11:26.691508Z,196.317247,1,True,True,True,1.0,1.0,0.005093795961798506,0.005093795961798506,0.0,,1965,917,2882,195.56783156200254,195.56783156200254,,,2882.0,0.0,1.0,1.0
5b9a867c-1299-4195-874a-184f8fee358a,math:Orz57K,678,2026-04-23T05:08:13.603582Z,2026-04-23T05:11:28.704969Z,195.101387,1,True,True,True,1.0,1.0,0.005125540189009523,0.005125540189009523,0.0,,1983,342,2325,194.35680079199665,194.35680079199665,,,2325.0,0.0,1.0,1.0
92fa32ae-ffe9-4747-b5c4-848d7618cbf9,math:Orz57K,675,2026-04-23T05:08:22.529680Z,2026-04-23T05:12:56.718508Z,274.188828,1,True,True,True,1.0,1.0,0.0036471216106587685,0.0036471216106587685,0.0,,3982,55,4037,271.7153451519989,271.7153451519989,,,4037.0,0.0,1.0,1.0
9328fe29-749f-4bf8-ac0e-3f6cee4e3c83,math:Orz57K,676,2026-04-23T05:08:22.644664Z,2026-04-23T05:11:36.175600Z,193.530936,1,True,True,True,1.0,1.0,0.005167132556006446,0.005167132556006446,0.0,,1958,344,2302,192.77407297499303,192.77407297499303,,,2302.0,0.0,1.0,1.0
5841045e-db22-4f33-896a-aedab16c5263,math:Orz57K,677,2026-04-23T05:08:47.804240Z,2026-04-23T05:11:41.500195Z,173.695955,1,True,True,True,1.0,1.0,0.005757186458372044,0.005757186458372044,0.0,,1965,917,2882,172.97711551599787,172.97711551599787,,,2882.0,0.0,1.0,1.0
7dd4465f-6dbc-4c41-888b-20c903cbd695,math:Orz57K,678,2026-04-23T05:08:48.462411Z,2026-04-23T05:11:43.490106Z,175.027695,1,True,True,True,1.0,1.0,0.00571338153084859,0.00571338153084859,0.0,,1983,342,2325,174.31000846500683,174.31000846500683,,,2325.0,0.0,1.0,1.0
1ac08073-1b6a-4e06-9ea3-0d494e40a8b7,math:Orz57K,679,2026-04-23T05:08:51.746974Z,2026-04-23T05:11:45.257954Z,173.51098,1,True,True,True,1.0,1.0,0.005763324027101916,0.005763324027101916,0.0,,1953,302,2255,172.7884593510098,172.7884593510098,,,2255.0,0.0,1.0,1.0
1ac850e8-09ff-43ab-8d41-f5f24c067d5f,math:Orz57K,676,2026-04-23T05:08:55.757294Z,2026-04-23T05:11:47.197628Z,171.440334,1,True,True,True,1.0,1.0,0.005832933106628222,0.005832933106628222,0.0,,1958,344,2302,170.70644135399198,170.70644135399198,,,2302.0,0.0,1.0,1.0
6d8b7327-7905-49ac-886a-dd896226eb1b,math:Orz57K,677,2026-04-23T05:08:55.875717Z,2026-04-23T05:11:52.590328Z,176.714611,1,True,True,True,1.0,1.0,0.005658841644961661,0.005658841644961661,0.0,,1965,917,2882,175.99946452499717,175.99946452499717,,,2882.0,0.0,1.0,1.0
56259a93-a1e4-4c67-bea3-857aeac5b315,math:Orz57K,678,2026-04-23T05:09:21.037260Z,2026-04-23T05:11:54.645581Z,153.608321,1,True,True,True,1.0,1.0,0.006510063995816998,0.006510063995816998,0.0,,1983,342,2325,152.86586201300088,152.86586201300088,,,2325.0,0.0,1.0,1.0
12111e9c-43a7-421c-ba4e-73e087ead177,math:Orz57K,679,2026-04-23T05:09:24.607403Z,2026-04-23T05:11:56.487265Z,151.879862,1,True,True,True,1.0,1.0,0.00658415136036929,0.00658415136036929,0.0,,1953,302,2255,151.15739101199142,151.15739101199142,,,2255.0,0.0,1.0,1.0
9b196d08-d72f-4478-bab7-c25407c2af1e,math:Orz57K,680,2026-04-23T05:09:28.656951Z,2026-04-23T05:11:58.924102Z,150.267151,1,True,True,True,1.0,1.0,0.006654814397858651,0.006654814397858651,0.0,,1937,411,2348,149.52374488700298,149.52374488700298,,,2348.0,0.0,1.0,1.0
8ab1049b-3c41-476c-9a54-93517c4f9b74,math:Orz57K,677,2026-04-23T05:09:28.750670Z,2026-04-23T05:12:04.229540Z,155.47887,1,True,True,True,1.0,1.0,0.006431742139623217,0.006431742139623217,0.0,,1965,917,2882,154.7528456620057,154.7528456620057,,,2882.0,0.0,1.0,1.0
867daa43-2f10-4a62-abf5-1944780a35b5,math:Orz57K,678,2026-04-23T05:09:53.913082Z,2026-04-23T05:12:06.230768Z,132.317686,1,True,True,True,1.0,1.0,0.007557568683599862,0.007557568683599862,0.0,,1983,342,2325,131.5874952150043,131.5874952150043,,,2325.0,0.0,1.0,1.0
b2fa7e65-82bc-4d24-95d1-49a11198a4b7,math:Orz57K,679,2026-04-23T05:09:54.298388Z,2026-04-23T05:12:07.954794Z,133.656406,1,True,True,True,1.0,1.0,0.007481871089665541,0.007481871089665541,0.0,,1953,302,2255,132.93770341700292,132.93770341700292,,,2255.0,0.0,1.0,1.0
6a71d585-adea-463e-a617-8fa663938deb,math:Orz57K,680,2026-04-23T05:10:01.522209Z,2026-04-23T05:12:15.656241Z,134.134032,1,True,True,True,1.0,1.0,0.007455229557253599,0.007455229557253599,0.0,,1937,411,2348,133.42726391600445,133.42726391600445,,,2348.0,0.0,1.0,1.0
2f8241a7-aec4-4982-a246-ce70673d7105,math:Orz57K,681,2026-04-23T05:10:05.521014Z,2026-04-23T05:12:17.502495Z,131.981481,1,True,True,True,1.0,1.0,0.007576820569243347,0.007576820569243347,0.0,,2054,321,2375,131.25956993899308,131.25956993899308,,,2375.0,0.0,1.0,1.0
048b5c8b-38f9-4107-8ea0-4d5454881b23,math:Orz57K,678,2026-04-23T05:10:35.867714Z,2026-04-23T05:13:44.562694Z,188.69498,1,True,True,False,0.0,0.0,0.005299558048656091,0.0,0.0,,4524,589,5113,186.10174255700258,186.10174255700258,,,5113.0,0.0,1.0,1.0
b8ac1abf-7512-4fb3-a2e1-dbd5c265ee2c,math:Orz57K,679,2026-04-23T05:10:36.008237Z,2026-04-23T05:12:28.874480Z,112.866243,1,True,True,True,1.0,1.0,0.008860045071226478,0.008860045071226478,0.0,,1953,500,2453,112.13734034101071,112.13734034101071,,,2453.0,0.0,1.0,1.0
22e9bfde-9409-4013-a043-0a108c5f6bd9,math:Orz57K,680,2026-04-23T05:10:38.259936Z,2026-04-23T05:12:31.354626Z,113.09469,1,True,True,True,1.0,1.0,0.008842148114999917,0.008842148114999917,0.0,,1937,411,2348,112.37364004900155,112.37364004900155,,,2348.0,0.0,1.0,1.0
8cfcbc8d-e1fb-487f-a0dc-42acbbd8eb93,math:Orz57K,681,2026-04-23T05:10:43.576308Z,2026-04-23T05:12:33.246197Z,109.669889,1,True,True,True,1.0,1.0,0.009118273111409824,0.009118273111409824,0.0,,2054,325,2379,108.96047741899383,108.96047741899383,,,2379.0,0.0,1.0,1.0
168fbec9-31f0-494f-b482-611aeaa2b020,math:Orz57K,682,2026-04-23T05:11:13.858289Z,2026-04-23T05:14:09.076103Z,175.217814,1,True,True,True,1.0,1.0,0.005707182261730534,0.005707182261730534,0.0,,4248,292,4540,172.74002541898517,172.74002541898517,,,4540.0,0.0,1.0,1.0
c297776b-9ec1-4e0b-801e-787a4c8c0fe9,math:Orz57K,679,2026-04-23T05:11:21.276390Z,2026-04-23T05:12:47.142287Z,85.865897,1,True,True,True,1.0,1.0,0.01164606712255041,0.01164606712255041,0.0,,1953,302,2255,85.0954270039947,85.0954270039947,,,2255.0,0.0,1.0,1.0
f36e7337-0c0a-4ce2-ad16-c58930b3e959,math:Orz57K,680,2026-04-23T05:11:26.716122Z,2026-04-23T05:12:49.429900Z,82.713778,1,True,True,True,1.0,1.0,0.012089884227026844,0.012089884227026844,0.0,,1937,411,2348,82.00606973400863,82.00606973400863,,,2348.0,0.0,1.0,1.0
775be1a0-83ba-420d-8a34-d389cdabd4c7,math:Orz57K,681,2026-04-23T05:11:28.730643Z,2026-04-23T05:12:51.337307Z,82.606664,1,True,True,True,1.0,1.0,0.012105560878236167,0.012105560878236167,0.0,,2054,321,2375,81.88668192300247,81.88668192300247,,,2375.0,0.0,1.0,1.0
f0c8cbbe-aafe-49bf-98c0-a7a923793c74,math:Orz57K,682,2026-04-23T05:11:36.199036Z,2026-04-23T05:14:32.239775Z,176.040739,1,True,True,True,1.0,1.0,0.00568050330668062,0.00568050330668062,0.0,,4246,290,4536,173.4868996340083,173.4868996340083,,,4536.0,0.0,1.0,1.0
b7a5fdfd-9548-479b-a3c4-06cce16fa3c7,math:Orz57K,683,2026-04-23T05:11:41.525139Z,2026-04-23T05:13:00.285253Z,78.760114,1,True,True,True,1.0,1.0,0.01269678202852779,0.01269678202852779,0.0,,1956,346,2302,77.90217573200061,77.90217573200061,,,2302.0,0.0,1.0,1.0
37bace30-7586-4487-beb0-a07e1647b577,math:Orz57K,680,2026-04-23T05:11:43.514715Z,2026-04-23T05:13:02.546571Z,79.031856,1,True,True,True,1.0,1.0,0.012653125595329558,0.012653125595329558,0.0,,1937,411,2348,78.30590442400717,78.30590442400717,,,2348.0,0.0,1.0,1.0
e1b33f73-c5c8-4b1a-bbae-e85fbe31fab0,math:Orz57K,681,2026-04-23T05:11:45.283128Z,2026-04-23T05:13:04.451809Z,79.168681,1,True,True,True,1.0,1.0,0.01263125755499198,0.01263125755499198,0.0,,2054,322,2376,78.42684541699418,78.42684541699418,,,2376.0,0.0,1.0,1.0
a3de6764-6f32-47ab-919a-523943080047,math:Orz57K,682,2026-04-23T05:11:47.222403Z,2026-04-23T05:14:44.720116Z,177.497713,1,True,True,True,1.0,1.0,0.00563387540660876,0.00563387540660876,0.0,,4246,290,4536,174.98664467099297,174.98664467099297,,,4536.0,0.0,1.0,1.0
0eff8893-8487-42db-8ccf-b3e0d64d41a5,math:Orz57K,683,2026-04-23T05:11:52.615048Z,2026-04-23T05:13:07.993348Z,75.3783,1,True,True,True,1.0,1.0,0.01326641752334558,0.01326641752334558,0.0,,1956,346,2302,74.52401825800189,74.52401825800189,,,2302.0,0.0,1.0,1.0
51aaf547-f08f-4933-8636-8f5fbb135813,math:Orz57K,684,2026-04-23T05:11:54.671346Z,2026-04-23T05:13:11.182471Z,76.511125,1,True,True,False,0.0,0.0,0.01306999472298963,0.0,0.0,,2005,566,2571,75.76223450299585,75.76223450299585,,,2571.0,0.0,1.0,1.0
bcd743a4-a6de-4ac3-804f-1e25eb80ab10,math:Orz57K,681,2026-04-23T05:11:54.763161Z,2026-04-23T05:13:13.066637Z,78.303476,1,True,True,True,1.0,1.0,0.01277082514191324,0.01277082514191324,0.0,,2054,322,2376,77.57071739100502,77.57071739100502,,,2376.0,0.0,1.0,1.0
c010418b-228e-4673-a659-6c48d10a2aef,math:Orz57K,682,2026-04-23T05:11:56.510983Z,2026-04-23T05:14:52.905541Z,176.394558,1,True,True,True,1.0,1.0,0.005669109134307874,0.005669109134307874,0.0,,4246,290,4536,173.9445825159928,173.9445825159928,,,4536.0,0.0,1.0,1.0
b3567aa9-5ab4-4a53-be9d-55332d83db8d,math:Orz57K,683,2026-04-23T05:11:58.948712Z,2026-04-23T05:13:16.556901Z,77.608189,1,True,True,True,1.0,1.0,0.012885238180213174,0.012885238180213174,0.0,,1956,346,2302,76.75507484399714,76.75507484399714,,,2302.0,0.0,1.0,1.0
48d4a977-64af-4b20-8d08-8123256a0e9a,math:Orz57K,684,2026-04-23T05:12:04.252568Z,2026-04-23T05:13:19.723011Z,75.470443,1,True,True,False,0.0,0.0,0.01325022035447705,0.0,0.0,,2005,566,2571,74.71005351500935,74.71005351500935,,,2571.0,0.0,1.0,1.0
40c4fe42-b56c-42c1-b9d8-1f2e3e512f81,math:Orz57K,685,2026-04-23T05:12:06.253791Z,2026-04-23T05:13:24.341453Z,78.087662,1,True,True,False,0.0,0.0,0.01280612038301262,0.0,0.0,,1985,784,2769,77.3148354050063,77.3148354050063,,,2769.0,0.0,1.0,1.0
eee435d2-4d09-4c4c-a467-2cbdd77c3f3c,math:Orz57K,682,2026-04-23T05:12:07.980394Z,2026-04-23T05:14:58.767835Z,170.787441,1,True,True,True,1.0,1.0,0.005855231474543845,0.005855231474543845,0.0,,4246,290,4536,168.29026789098862,168.29026789098862,,,4536.0,0.0,1.0,1.0
01a57599-b800-4bd1-b72b-b76fedf38a10,math:Orz57K,683,2026-04-23T05:12:08.054629Z,2026-04-23T05:13:27.885557Z,79.830928,1,True,True,True,1.0,1.0,0.012526473448987089,0.012526473448987089,0.0,,1956,346,2302,79.00083962199278,79.00083962199278,,,2302.0,0.0,1.0,1.0
ce4563bd-b11c-4ea3-a927-3844fb2536d0,math:Orz57K,684,2026-04-23T05:12:13.385855Z,2026-04-23T05:13:31.186863Z,77.801008,1,True,True,False,0.0,0.0,0.01285330390577973,0.0,0.0,,2005,566,2571,76.99788129700755,76.99788129700755,,,2571.0,0.0,1.0,1.0
00a1c5d9-48c1-4803-8cd2-b3b7e209a73c,math:Orz57K,685,2026-04-23T05:12:15.679901Z,2026-04-23T05:13:35.707807Z,80.027906,1,True,True,False,0.0,0.0,0.012495641207955635,0.0,0.0,,1985,784,2769,79.25692904599418,79.25692904599418,,,2769.0,0.0,1.0,1.0
d7352453-05e3-454d-a207-851edbd202af,math:Orz57K,686,2026-04-23T05:12:17.525858Z,2026-04-23T05:13:42.043857Z,84.517999,1,True,True,True,1.0,1.0,0.011831799283369214,0.011831799283369214,0.0,,2072,1084,3156,83.78704895600094,83.78704895600094,,,3156.0,0.0,1.0,1.0
2e3bf44c-9036-497f-839a-bb94dc5c6109,math:Orz57K,683,2026-04-23T05:12:22.868415Z,2026-04-23T05:13:44.138921Z,81.270506,1,True,True,True,1.0,1.0,0.012304586857131171,0.012304586857131171,0.0,,1956,346,2302,80.43831912499445,80.43831912499445,,,2302.0,0.0,1.0,1.0
2c0b01fe-b0a8-4286-9a2b-3a105963dadc,math:Orz57K,684,2026-04-23T05:12:28.901402Z,2026-04-23T05:13:47.820834Z,78.919432,1,True,True,False,0.0,0.0,0.012671150496876359,0.0,0.0,,2005,566,2571,78.16986471699784,78.16986471699784,,,2571.0,0.0,1.0,1.0
b707d404-520c-4338-beac-51a0043c4107,math:Orz57K,685,2026-04-23T05:12:28.974557Z,2026-04-23T05:13:52.406597Z,83.43204,1,True,True,False,0.0,0.0,0.011985803055996233,0.0,0.0,,1985,784,2769,82.68249260199082,82.68249260199082,,,2769.0,0.0,1.0,1.0
176d137b-b7ce-4fd2-9ccb-6d5fafb5a153,math:Orz57K,686,2026-04-23T05:12:31.378603Z,2026-04-23T05:13:58.801989Z,87.423386,1,True,True,True,1.0,1.0,0.011438586924555863,0.011438586924555863,0.0,,2072,1084,3156,86.70064131601248,86.70064131601248,,,3156.0,0.0,1.0,1.0
56d4c81b-3771-498d-a967-bcad8d6317de,math:Orz57K,687,2026-04-23T05:12:33.271198Z,2026-04-23T05:14:00.827613Z,87.556415,1,True,True,True,1.0,1.0,0.011421207686495615,0.011421207686495615,0.0,,1940,350,2290,86.84666578000179,86.84666578000179,,,2290.0,0.0,1.0,1.0
7b8ae39e-94de-4957-9fb2-dfaefb998815,math:Orz57K,684,2026-04-23T05:12:38.604223Z,2026-04-23T05:14:04.188428Z,85.584205,1,True,True,False,0.0,0.0,0.011684399007971157,0.0,0.0,,2005,566,2571,84.81575824400352,84.81575824400352,,,2571.0,0.0,1.0,1.0
1084acf9-1b88-4b2c-b817-99e267e53b5e,math:Orz57K,685,2026-04-23T05:12:40.015538Z,2026-04-23T05:14:08.750182Z,88.734644,1,True,True,False,0.0,0.0,0.011269555552620462,0.0,0.0,,1985,784,2769,87.96173708800052,87.96173708800052,,,2769.0,0.0,1.0,1.0
dd23afec-675e-47f3-80b1-79a745f0d959,math:Orz57K,686,2026-04-23T05:12:45.384705Z,2026-04-23T05:14:15.474883Z,90.090178,1,True,True,True,1.0,1.0,0.01109998916863057,0.01109998916863057,0.0,,2072,1084,3156,89.33422490299563,89.33422490299563,,,3156.0,0.0,1.0,1.0
372f03af-474a-4620-a169-df32693c0d1c,math:Orz57K,687,2026-04-23T05:12:47.168131Z,2026-04-23T05:14:17.462619Z,90.294488,1,True,True,True,1.0,1.0,0.01107487314175811,0.01107487314175811,0.0,,1940,350,2290,89.57202021400735,89.57202021400735,,,2290.0,0.0,1.0,1.0
b789f6b5-1dd7-44e1-b5eb-08667af44b70,math:Orz57K,688,2026-04-23T05:12:49.453388Z,2026-04-23T05:15:29.726637Z,160.273249,1,True,True,True,1.0,1.0,0.006239344408623051,0.006239344408623051,0.0,,4202,229,4431,157.8136160110007,157.8136160110007,,,4431.0,0.0,1.0,1.0
6cab5ab6-0be5-4754-a073-2d0cbd8efb47,math:Orz57K,685,2026-04-23T05:12:51.364051Z,2026-04-23T05:14:23.375482Z,92.011431,1,True,True,False,0.0,0.0,0.010868214841697223,0.0,0.0,,1985,784,2769,91.25698662200011,91.25698662200011,,,2769.0,0.0,1.0,1.0
c67dc841-a821-46bd-81dc-22dc75700611,math:Orz57K,686,2026-04-23T05:12:56.703522Z,2026-04-23T05:14:29.779730Z,93.076208,1,True,True,True,1.0,1.0,0.010743884194336754,0.010743884194336754,0.0,,2072,1084,3156,92.36525499200798,92.36525499200798,,,3156.0,0.0,1.0,1.0
09ea536e-d48a-4f02-9a84-42d46ba2d273,math:Orz57K,687,2026-04-23T05:12:56.743368Z,2026-04-23T05:14:31.831917Z,95.088549,1,True,True,True,1.0,1.0,0.010516513402681116,0.010516513402681116,0.0,,1940,350,2290,94.36380416099564,94.36380416099564,,,2290.0,0.0,1.0,1.0
8dd7860c-bc2f-409b-93ab-47c7284d58f7,math:Orz57K,688,2026-04-23T05:13:00.308452Z,2026-04-23T05:15:33.955231Z,153.646779,1,True,True,True,1.0,1.0,0.006508434517849541,0.006508434517849541,0.0,,4202,229,4431,151.1523799530114,151.1523799530114,,,4431.0,0.0,1.0,1.0
192a624a-c84c-4f64-a5cd-499739beeb19,math:Orz57K,689,2026-04-23T05:13:02.572130Z,2026-04-23T05:14:38.078743Z,95.506613,1,True,True,False,0.0,0.0,0.01047047914891506,0.0,0.0,,1987,770,2757,94.70183108199853,94.70183108199853,,,2757.0,0.0,1.0,1.0
2cbbf5cf-1bae-4f4c-9a4d-6a97a369f044,math:Orz57K,686,2026-04-23T05:13:04.485619Z,2026-04-23T05:14:44.322415Z,99.836796,1,True,True,True,1.0,1.0,0.010016347079086952,0.010016347079086952,0.0,,2072,1084,3156,99.12685018600314,99.12685018600314,,,3156.0,0.0,1.0,1.0
a37a4a77-5eff-4c05-a74c-97a5f91e913e,math:Orz57K,687,2026-04-23T05:13:08.018615Z,2026-04-23T05:14:46.733236Z,98.714621,1,True,True,True,1.0,1.0,0.010130211612725535,0.010130211612725535,0.0,,1940,350,2290,97.97874743200373,97.97874743200373,,,2290.0,0.0,1.0,1.0
033b795e-b64f-4196-8aa7-f4e9c18a08fe,math:Orz57K,688,2026-04-23T05:13:11.207779Z,2026-04-23T05:15:42.945418Z,151.737639,1,True,True,True,1.0,1.0,0.00659032265554099,0.00659032265554099,0.0,,4202,229,4431,149.23437242301588,149.23437242301588,,,4431.0,0.0,1.0,1.0
85d5a9ec-4155-4093-9744-aece0e7c73fb,math:Orz57K,689,2026-04-23T05:13:13.092235Z,2026-04-23T05:14:52.561484Z,99.469249,1,True,True,False,0.0,0.0,0.010053358299709289,0.0,0.0,,1987,770,2757,98.70546052600548,98.70546052600548,,,2757.0,0.0,1.0,1.0
da28ff73-7c2b-467d-8101-558c44964eb1,math:Orz57K,690,2026-04-23T05:13:16.582488Z,2026-04-23T05:14:55.100384Z,98.517896,1,True,True,True,1.0,1.0,0.010150440078419865,0.010150440078419865,0.0,,2107,366,2473,97.770349006998,97.770349006998,,,2473.0,0.0,1.0,1.0
34584004-1575-465c-a4bf-6ebdae8b11c7,math:Orz57K,687,2026-04-23T05:13:19.748341Z,2026-04-23T05:14:57.134083Z,97.385742,1,True,True,True,1.0,1.0,0.010268443608510988,0.010268443608510988,0.0,,1940,350,2290,96.64519254100742,96.64519254100742,,,2290.0,0.0,1.0,1.0
d0d286de-e950-439c-957a-83a1cfbe49d3,math:Orz57K,688,2026-04-23T05:13:24.367793Z,2026-04-23T05:15:54.625842Z,150.258049,1,True,True,True,1.0,1.0,0.006655217518497129,0.006655217518497129,0.0,,4202,229,4431,147.73114621000423,147.73114621000423,,,4431.0,0.0,1.0,1.0
3d37803b-f67e-460c-9b5c-a5df51340016,math:Orz57K,689,2026-04-23T05:13:27.910395Z,2026-04-23T05:15:03.391413Z,95.481018,1,True,True,False,0.0,0.0,0.010473285904848646,0.0,0.0,,1987,770,2757,94.69347022699367,94.69347022699367,,,2757.0,0.0,1.0,1.0
6cbae4c9-d0aa-4959-b17d-960661235930,math:Orz57K,690,2026-04-23T05:13:31.211110Z,2026-04-23T05:15:05.509643Z,94.298533,1,True,True,True,1.0,1.0,0.010604618843858365,0.010604618843858365,0.0,,2107,366,2473,93.5428977709962,93.5428977709962,,,2473.0,0.0,1.0,1.0
ef46dc1c-7730-42f9-a8f9-76362ceff392,math:Orz57K,691,2026-04-23T05:13:35.732060Z,2026-04-23T05:15:56.665769Z,140.933709,1,True,True,False,0.0,0.0,0.007095534539575624,0.0,0.0,,4060,178,4238,138.40764474401658,138.40764474401658,,,4238.0,0.0,1.0,1.0
e59b48f3-1704-4b0c-a477-3bc14df7e56b,math:Orz57K,688,2026-04-23T05:13:42.068677Z,2026-04-23T05:15:56.763465Z,134.694788,1,True,True,True,1.0,1.0,0.007424192241202385,0.007424192241202385,0.0,,4202,229,4431,132.15028577799967,132.15028577799967,,,4431.0,0.0,1.0,1.0
722b4ff1-e35f-4255-bfe8-ddb48f14bc1c,math:Orz57K,689,2026-04-23T05:13:44.164166Z,2026-04-23T05:15:12.167161Z,88.002995,1,True,True,False,0.0,0.0,0.011363249625765577,0.0,0.0,,1987,770,2757,87.21129538498644,87.21129538498644,,,2757.0,0.0,1.0,1.0
8e4fded3-6c6c-42c3-9d8f-dc6dc1ffb94e,math:Orz57K,690,2026-04-23T05:13:44.587376Z,2026-04-23T05:15:14.237653Z,89.650277,1,True,True,True,1.0,1.0,0.011154455217132235,0.011154455217132235,0.0,,2107,366,2473,88.93382271200244,88.93382271200244,,,2473.0,0.0,1.0,1.0
87e180bf-4fe8-4b1d-9d2d-d914d9a4e2a1,math:Orz57K,691,2026-04-23T05:13:47.843719Z,2026-04-23T05:16:05.427129Z,137.58341,1,True,True,False,0.0,0.0,0.0072683181787687925,0.0,0.0,,4060,178,4238,135.12254060800478,135.12254060800478,,,4238.0,0.0,1.0,1.0
1b75d285-8ece-4549-8816-1815363b727f,math:Orz57K,692,2026-04-23T05:13:52.430811Z,2026-04-23T05:15:16.618756Z,84.187945,1,True,True,True,1.0,1.0,0.011878185172473327,0.011878185172473327,0.0,,1964,264,2228,83.45106794701132,83.45106794701132,,,2228.0,0.0,1.0,1.0
0efcca31-43eb-4a99-8f4b-074b7fd0a400,math:Orz57K,689,2026-04-23T05:13:58.826211Z,2026-04-23T05:15:21.094873Z,82.268662,1,True,True,False,0.0,0.0,0.012155296752000172,0.0,0.0,,1987,770,2757,81.50739009000245,81.50739009000245,,,2757.0,0.0,1.0,1.0
a4fa63ef-4ad4-4b9d-819c-bdf86c56f489,math:Orz57K,690,2026-04-23T05:14:00.852046Z,2026-04-23T05:15:23.229528Z,82.377482,1,True,True,True,1.0,1.0,0.012139239701451423,0.012139239701451423,0.0,,2107,366,2473,81.65572634000273,81.65572634000273,,,2473.0,0.0,1.0,1.0
a5f9ea9b-0bbb-4080-bcb5-2b4028e64245,math:Orz57K,691,2026-04-23T05:14:04.211502Z,2026-04-23T05:16:17.616807Z,133.405305,1,True,True,False,0.0,0.0,0.007495953777850139,0.0,0.0,,4060,178,4238,130.91580175400304,130.91580175400304,,,4238.0,0.0,1.0,1.0
7077a923-0468-4c94-bb18-a47227057dd9,math:Orz57K,692,2026-04-23T05:14:08.783228Z,2026-04-23T05:15:25.653493Z,76.870265,1,True,True,True,1.0,1.0,0.013008931346860843,0.013008931346860843,0.0,,1964,264,2228,76.13085119899188,76.13085119899188,,,2228.0,0.0,1.0,1.0
94ce31ac-465e-4419-9b1b-70213e68ef81,math:Orz57K,693,2026-04-23T05:14:09.108572Z,2026-04-23T05:19:47.694205Z,338.585633,1,True,True,False,0.0,0.0,0.0029534625882959424,0.0,0.0,,8918,665,9583,332.59066377198906,332.59066377198906,,,9583.0,0.0,1.0,1.0
7075cb24-58b0-4479-a8eb-f69c692edc79,math:Orz57K,690,2026-04-23T05:14:15.499523Z,2026-04-23T05:15:28.816016Z,73.316493,1,True,True,True,1.0,1.0,0.013639495822583877,0.013639495822583877,0.0,,2107,366,2473,72.58151859900681,72.58151859900681,,,2473.0,0.0,1.0,1.0
18dea63c-ff86-40ac-8e74-ff24012cf47e,math:Orz57K,691,2026-04-23T05:14:17.487144Z,2026-04-23T05:16:30.164672Z,132.677528,1,True,True,False,0.0,0.0,0.007537071387100309,0.0,0.0,,4060,178,4238,130.21244133499567,130.21244133499567,,,4238.0,0.0,1.0,1.0
79d95cb8-1e19-405a-9f84-208f2bb15dbf,math:Orz57K,692,2026-04-23T05:14:23.401578Z,2026-04-23T05:15:31.331853Z,67.930275,1,True,True,True,1.0,1.0,0.014720976766250395,0.014720976766250395,0.0,,1964,264,2228,67.19732669500809,67.19732669500809,,,2228.0,0.0,1.0,1.0
669f0373-e5df-4632-b582-eab4a71c0543,math:Orz57K,693,2026-04-23T05:14:29.803699Z,2026-04-23T05:20:02.053422Z,332.249723,1,True,True,False,0.0,0.0,0.003009784300106098,0.0,0.0,,8918,665,9583,326.01566590600123,326.01566590600123,,,9583.0,0.0,1.0,1.0
b2e0bb8b-35de-4747-a4d5-eb56ca8aaf6c,math:Orz57K,694,2026-04-23T05:14:31.855945Z,2026-04-23T05:16:39.677790Z,127.821845,1,True,True,False,0.0,0.0,0.007823388873787576,0.0,0.0,,4156,127,4283,125.24661008198746,125.24661008198746,,,4283.0,0.0,1.0,1.0
8fa112bb-4c9b-490d-bfc5-dbd183d082ed,math:Orz57K,691,2026-04-23T05:14:32.264367Z,2026-04-23T05:16:39.931787Z,127.66742,1,True,True,False,0.0,0.0,0.007832851952361847,0.0,0.0,,4060,178,4238,125.09413595098886,125.09413595098886,,,4238.0,0.0,1.0,1.0
eaec819c-0368-422f-a187-6a61ded326f5,math:Orz57K,692,2026-04-23T05:14:38.103825Z,2026-04-23T05:15:35.550614Z,57.446789,1,True,True,True,1.0,1.0,0.017407413319480744,0.017407413319480744,0.0,,1964,264,2228,56.71374983800342,56.71374983800342,,,2228.0,0.0,1.0,1.0
69e3a7c4-3455-4f4f-99ec-006a1d5829af,math:Orz57K,693,2026-04-23T05:14:44.345604Z,2026-04-23T05:20:17.166310Z,332.820706,1,True,True,False,0.0,0.0,0.0030046207521715915,0.0,0.0,,8918,665,9583,326.8124258309981,326.8124258309981,,,9583.0,0.0,1.0,1.0
da099545-7747-4104-8d46-d8d184562ad7,math:Orz57K,694,2026-04-23T05:14:44.744478Z,2026-04-23T05:16:46.643372Z,121.898894,1,True,True,False,0.0,0.0,0.008203519877711113,0.0,0.0,,4156,127,4283,119.37914955501037,119.37914955501037,,,4283.0,0.0,1.0,1.0
63852354-746c-4246-92f3-cb885229252b,math:Orz57K,695,2026-04-23T05:14:46.757782Z,2026-04-23T05:15:42.928296Z,56.170514,1,True,True,False,0.0,0.0,0.017802934828048754,0.0,0.0,,1995,955,2950,55.357057258996065,55.357057258996065,,,2950.0,0.0,1.0,1.0
91889913-f024-4064-af62-f974c39b9e15,math:Orz57K,692,2026-04-23T05:14:52.587542Z,2026-04-23T05:15:44.467101Z,51.879559,1,True,True,True,1.0,1.0,0.019275414426710914,0.019275414426710914,0.0,,1964,264,2228,51.153854557007435,51.153854557007435,,,2228.0,0.0,1.0,1.0
2609e2d6-13a2-4620-acd0-ed22ea67eaf5,math:Orz57K,693,2026-04-23T05:14:52.929444Z,2026-04-23T05:20:27.954599Z,335.025155,1,True,True,False,0.0,0.0,0.002984850495778444,0.0,0.0,,8918,665,9583,329.051015377001,329.051015377001,,,9583.0,0.0,1.0,1.0
4dca0349-963b-46a1-9246-f119563cdba8,math:Orz57K,694,2026-04-23T05:14:55.123626Z,2026-04-23T05:17:03.955711Z,128.832085,1,True,True,False,0.0,0.0,0.007762041575279946,0.0,0.0,,4156,127,4283,126.30142751100357,126.30142751100357,,,4283.0,0.0,1.0,1.0
eabfb9bc-2075-4140-8330-d938dadd9d3e,math:Orz57K,695,2026-04-23T05:14:57.159204Z,2026-04-23T05:15:51.852804Z,54.6936,1,True,True,False,0.0,0.0,0.01828367487237995,0.0,0.0,,1995,955,2950,53.86486262800463,53.86486262800463,,,2950.0,0.0,1.0,1.0
604055d2-9b66-44f1-952a-eca051298534,math:Orz57K,696,2026-04-23T05:14:58.790683Z,2026-04-23T05:15:54.576133Z,55.78545,1,True,True,True,1.0,1.0,0.01792582115946004,0.01792582115946004,0.0,,1985,473,2458,55.01545750499645,55.01545750499645,,,2458.0,0.0,1.0,1.0
5c5eee81-dd3d-41af-8553-5773589b22b8,math:Orz57K,693,2026-04-23T05:15:03.416386Z,2026-04-23T05:20:33.853596Z,330.43721,1,True,True,False,0.0,0.0,0.0030262935581619275,0.0,0.0,,8918,665,9583,324.34311477301526,324.34311477301526,,,9583.0,0.0,1.0,1.0
21f64382-e2d8-4717-b103-14a7adfbaffb,math:Orz57K,694,2026-04-23T05:15:05.533700Z,2026-04-23T05:17:32.870983Z,147.337283,1,True,True,False,0.0,0.0,0.006787148368956959,0.0,0.0,,4156,127,4283,144.75846055999864,144.75846055999864,,,4283.0,0.0,1.0,1.0
9fc22b1e-d76c-40d1-8a13-16d1ce697a04,math:Orz57K,695,2026-04-23T05:15:12.190618Z,2026-04-23T05:16:02.523217Z,50.332599,1,True,True,False,0.0,0.0,0.01986783952881114,0.0,0.0,,1995,955,2950,49.49432435800554,49.49432435800554,,,2950.0,0.0,1.0,1.0
2df9ec37-44b9-4f0d-b374-5e15c9884164,math:Orz57K,696,2026-04-23T05:15:14.261117Z,2026-04-23T05:16:05.181326Z,50.920209,1,True,True,True,1.0,1.0,0.019638568254894632,0.019638568254894632,0.0,,1985,473,2458,50.16773041599663,50.16773041599663,,,2458.0,0.0,1.0,1.0
38ca505a-c188-400c-a393-ca490f5e31b2,math:Orz57K,697,2026-04-23T05:15:16.644324Z,2026-04-23T05:20:53.248393Z,336.604069,1,True,True,False,0.0,0.0,0.0029708494106171963,0.0,0.0,,12835,3080,15915,330.56322142599674,330.56322142599674,,,15915.0,0.0,1.0,1.0
1daf0ac0-2cc1-4bf3-b101-b28152089889,math:Orz57K,694,2026-04-23T05:15:21.119262Z,2026-04-23T05:17:53.859755Z,152.740493,1,True,True,False,0.0,0.0,0.006547052326196172,0.0,0.0,,4156,127,4283,150.21405732900894,150.21405732900894,,,4283.0,0.0,1.0,1.0
64eb39e0-964f-4d42-82b5-1c36aed1bfcc,math:Orz57K,695,2026-04-23T05:15:23.255300Z,2026-04-23T05:16:17.432361Z,54.177061,1,True,True,False,0.0,0.0,0.018457996457209077,0.0,0.0,,1995,955,2950,53.3667643989902,53.3667643989902,,,2950.0,0.0,1.0,1.0
02d36159-0639-47d0-9b5c-591e01d636d6,math:Orz57K,696,2026-04-23T05:15:25.677829Z,2026-04-23T05:16:20.337799Z,54.65997,1,True,True,True,1.0,1.0,0.01829492405502601,0.01829492405502601,0.0,,1985,473,2458,53.92771050300507,53.92771050300507,,,2458.0,0.0,1.0,1.0
88cde60f-f4b0-415c-8a15-4ba4c6d99821,math:Orz57K,697,2026-04-23T05:15:28.839609Z,2026-04-23T05:21:02.715179Z,333.87557,1,True,True,False,0.0,0.0,0.002995127795663516,0.0,0.0,,12835,3080,15915,327.8392612489988,327.8392612489988,,,15915.0,0.0,1.0,1.0
12d91139-1b3d-4ff5-967d-0a001a87b126,math:Orz57K,698,2026-04-23T05:15:29.751904Z,2026-04-23T05:16:29.891257Z,60.139353,1,True,True,True,1.0,1.0,0.016628047195652404,0.016628047195652404,0.0,,1991,479,2470,59.399186333001126,59.399186333001126,,,2470.0,0.0,1.0,1.0
d8f86784-6a6d-481a-878c-41b530d704cc,math:Orz57K,695,2026-04-23T05:15:31.357417Z,2026-04-23T05:16:35.855521Z,64.498104,1,True,True,False,0.0,0.0,0.01550433172423177,0.0,0.0,,1995,955,2950,63.68158043498988,63.68158043498988,,,2950.0,0.0,1.0,1.0
daca96be-a887-4ed0-9da4-5565488cc973,math:Orz57K,696,2026-04-23T05:15:33.980678Z,2026-04-23T05:16:39.549535Z,65.568857,1,True,True,True,1.0,1.0,0.015251142779566832,0.015251142779566832,0.0,,1985,473,2458,64.8357973480015,64.8357973480015,,,2458.0,0.0,1.0,1.0
09d75b14-ee04-443a-9f08-f8bec334f817,math:Orz57K,697,2026-04-23T05:15:35.575577Z,2026-04-23T05:21:21.776225Z,346.200648,1,True,True,False,0.0,0.0,0.0028884983485068464,0.0,0.0,,12835,3080,15915,340.10805343600805,340.10805343600805,,,15915.0,0.0,1.0,1.0
0adaf2b5-1c3d-41d6-99d4-b98352ab2d0d,math:Orz57K,698,2026-04-23T05:15:42.954097Z,2026-04-23T05:16:49.387176Z,66.433079,1,True,True,True,1.0,1.0,0.015052742023292341,0.015052742023292341,0.0,,1991,479,2470,65.71095485200931,65.71095485200931,,,2470.0,0.0,1.0,1.0
fbe41e9b-06bd-4610-bce3-42790b8da9da,math:Orz57K,699,2026-04-23T05:15:42.969279Z,2026-04-23T05:17:00.062893Z,77.093614,1,True,True,True,1.0,1.0,0.01297124298777847,0.01297124298777847,0.0,,2045,1778,3823,76.34212208799727,76.34212208799727,,,3823.0,0.0,1.0,1.0
1a521b1b-7253-4ca7-88df-3a58fa8541f2,math:Orz57K,696,2026-04-23T05:15:44.492273Z,2026-04-23T05:17:02.869658Z,78.377385,1,True,True,True,1.0,1.0,0.012758782396223094,0.012758782396223094,0.0,,1985,473,2458,77.61429749400122,77.61429749400122,,,2458.0,0.0,1.0,1.0
f5d902c7-770a-43c5-a2d6-8907952d59cc,math:Orz57K,697,2026-04-23T05:15:51.878298Z,2026-04-23T05:22:32.494878Z,400.61658,1,True,True,False,0.0,0.0,0.0024961523060278734,0.0,0.0,,12835,3080,15915,394.58762741799,394.58762741799,,,15915.0,0.0,1.0,1.0
cff45a48-6a8a-4188-bd6e-3adb958b37b1,math:Orz57K,698,2026-04-23T05:15:54.603931Z,2026-04-23T05:17:12.273292Z,77.669361,1,True,True,True,1.0,1.0,0.01287508983111114,0.01287508983111114,0.0,,1991,479,2470,76.96287108799152,76.96287108799152,,,2470.0,0.0,1.0,1.0
9990d620-8449-4a87-aad0-bbcec62f6709,math:Orz57K,699,2026-04-23T05:15:54.650089Z,2026-04-23T05:17:22.787044Z,88.136955,1,True,True,True,1.0,1.0,0.01134597853987581,0.01134597853987581,0.0,,2045,1778,3823,87.41765355798998,87.41765355798998,,,3823.0,0.0,1.0,1.0
187e7964-a8af-4719-8c82-fc88a629ef71,math:Orz57K,700,2026-04-23T05:15:56.692749Z,2026-04-23T05:17:27.127522Z,90.434773,1,True,True,True,1.0,1.0,0.01105769348257224,0.01105769348257224,0.0,,1952,557,2509,89.69370133499615,89.69370133499615,,,2509.0,0.0,1.0,1.0
7eedb39c-f6b8-4609-a0b9-75318387e5ee,math:Orz57K,697,2026-04-23T05:15:56.791624Z,2026-04-23T05:22:51.596680Z,414.805056,1,True,True,False,0.0,0.0,0.0024107710008240595,0.0,0.0,,12835,3080,15915,408.6971774029953,408.6971774029953,,,15915.0,0.0,1.0,1.0
50dcc87e-c65c-4fc7-be17-0f734180f90c,math:Orz57K,698,2026-04-23T05:16:02.555615Z,2026-04-23T05:17:35.632328Z,93.076713,1,True,True,True,1.0,1.0,0.010743825901974,0.010743825901974,0.0,,1991,479,2470,92.3253066860052,92.3253066860052,,,2470.0,0.0,1.0,1.0
ed6e11fb-0c8f-47f7-b0ca-a59902c041b0,math:Orz57K,699,2026-04-23T05:16:05.205685Z,2026-04-23T05:17:46.145581Z,100.939896,1,True,True,True,1.0,1.0,0.009906885578721023,0.009906885578721023,0.0,,2045,1778,3823,100.19919391600706,100.19919391600706,,,3823.0,0.0,1.0,1.0
42f3e96b-ee71-448b-9c9e-72d6aee53550,math:Orz57K,700,2026-04-23T05:16:05.449308Z,2026-04-23T05:17:49.365872Z,103.916564,1,True,True,True,1.0,1.0,0.009623104936379537,0.009623104936379537,0.0,,1952,557,2509,103.19652157199744,103.19652157199744,,,2509.0,0.0,1.0,1.0
dad93386-5be5-47e0-9989-7091f22845fa,math:Orz57K,701,2026-04-23T05:16:17.457124Z,2026-04-23T05:17:58.538658Z,101.081534,1,True,True,True,1.0,1.0,0.009893003800278693,0.009893003800278693,0.0,,1962,789,2751,100.33426759600115,100.33426759600115,,,2751.0,0.0,1.0,1.0
91c16b95-8d1d-4c57-a925-5bee8c2d3d87,math:Orz57K,698,2026-04-23T05:16:17.640266Z,2026-04-23T05:18:01.325373Z,103.685107,1,True,True,True,1.0,1.0,0.009644586661804766,0.009644586661804766,0.0,,1991,479,2470,102.95701688500412,102.95701688500412,,,2470.0,0.0,1.0,1.0
e85cd423-ed35-4f6e-a9b3-49988e930254,math:Orz57K,699,2026-04-23T05:16:20.363241Z,2026-04-23T05:18:11.912741Z,111.5495,1,True,True,True,1.0,1.0,0.008964630052129325,0.008964630052129325,0.0,,2045,1778,3823,110.81451560099958,110.81451560099958,,,3823.0,0.0,1.0,1.0
4a952858-0d5f-4c0f-a3cd-85bc5eb8a2f5,math:Orz57K,700,2026-04-23T05:16:29.916152Z,2026-04-23T05:18:20.429623Z,110.513471,1,True,True,True,1.0,1.0,0.009048670636722649,0.009048670636722649,0.0,,1952,557,2509,109.7969013050024,109.7969013050024,,,2509.0,0.0,1.0,1.0
d9ae71b9-7a4d-4fa5-b0ca-250a31191217,math:Orz57K,701,2026-04-23T05:16:30.187583Z,2026-04-23T05:18:25.051396Z,114.863813,1,True,True,True,1.0,1.0,0.008705962077020724,0.008705962077020724,0.0,,1962,789,2751,114.14501808899513,114.14501808899513,,,2751.0,0.0,1.0,1.0
bbb3efaf-997e-459c-a38d-0559a9224727,math:Orz57K,702,2026-04-23T05:16:35.879088Z,2026-04-23T05:18:28.068463Z,112.189375,1,True,True,True,1.0,1.0,0.008913500052923906,0.008913500052923906,0.0,,1950,509,2459,111.44707712400123,111.44707712400123,,,2459.0,0.0,1.0,1.0
7767aec6-a48b-4be8-b41d-a4c8ade287ae,math:Orz57K,699,2026-04-23T05:16:39.574614Z,2026-04-23T05:18:39.696945Z,120.122331,1,True,True,True,1.0,1.0,0.008324846776408294,0.008324846776408294,0.0,,2045,1778,3823,119.3860396349919,119.3860396349919,,,3823.0,0.0,1.0,1.0
7051f15d-3af8-40d7-9639-de8f389fbde2,math:Orz57K,700,2026-04-23T05:16:39.702128Z,2026-04-23T05:18:42.920389Z,123.218261,1,True,True,True,1.0,1.0,0.008115680191266456,0.008115680191266456,0.0,,1952,557,2509,122.46937593499024,122.46937593499024,,,2509.0,0.0,1.0,1.0
36607580-7325-4c49-b781-2e671d1ad1aa,math:Orz57K,701,2026-04-23T05:16:39.954273Z,2026-04-23T05:18:47.478747Z,127.524474,1,True,True,True,1.0,1.0,0.00784163203057007,0.00784163203057007,0.0,,1962,789,2751,126.80089742499695,126.80089742499695,,,2751.0,0.0,1.0,1.0
7c1a5bc7-04f0-4575-b6f1-b3361c71a5fd,math:Orz57K,702,2026-04-23T05:16:46.666664Z,2026-04-23T05:18:54.830854Z,128.16419,1,True,True,True,1.0,1.0,0.0078024914759731254,0.0078024914759731254,0.0,,1950,509,2459,127.41594488998817,127.41594488998817,,,2459.0,0.0,1.0,1.0
7e70a030-8a5f-45a0-adcf-38c8389b411e,math:Orz57K,703,2026-04-23T05:16:49.411971Z,2026-04-23T05:20:17.348834Z,207.936863,1,True,True,True,1.0,1.0,0.004809152093440979,0.004809152093440979,0.0,,4031,124,4155,205.3804546439933,205.3804546439933,,,4155.0,0.0,1.0,1.0
7925d39a-9035-4975-bcbb-3ea5422808da,math:Orz57K,700,2026-04-23T05:17:00.088032Z,2026-04-23T05:18:59.742105Z,119.654073,1,True,True,True,1.0,1.0,0.008357425492736884,0.008357425492736884,0.0,,1952,557,2509,118.92120106900984,118.92120106900984,,,2509.0,0.0,1.0,1.0
cdc72987-f57d-47db-9183-979a87b19d20,math:Orz57K,701,2026-04-23T05:17:02.894219Z,2026-04-23T05:19:04.352272Z,121.458053,1,True,True,True,1.0,1.0,0.008233295160758092,0.008233295160758092,0.0,,1962,789,2751,120.75477534199308,120.75477534199308,,,2751.0,0.0,1.0,1.0
08bfc6a5-cfdd-476f-bfa2-319c841a9e62,math:Orz57K,702,2026-04-23T05:17:03.980788Z,2026-04-23T05:19:07.316087Z,123.335299,1,True,True,True,1.0,1.0,0.008107978884455455,0.008107978884455455,0.0,,1950,509,2459,122.60284053000214,122.60284053000214,,,2459.0,0.0,1.0,1.0
e67c01ed-990c-4e85-a95b-18a554a9288d,math:Orz57K,703,2026-04-23T05:17:12.295870Z,2026-04-23T05:20:32.608631Z,200.312761,1,True,True,True,1.0,1.0,0.004992193183338929,0.004992193183338929,0.0,,4031,112,4143,197.83038300801127,197.83038300801127,,,4143.0,0.0,1.0,1.0
0d017fc5-e139-487d-87a6-83592b493cd4,math:Orz57K,704,2026-04-23T05:17:22.811513Z,2026-04-23T05:20:32.776466Z,189.964953,1,True,True,False,0.0,0.0,0.005264128904872258,0.0,0.0,,4227,229,4456,187.45192520100682,187.45192520100682,,,4456.0,0.0,1.0,1.0
466d9302-a58c-43f1-bffc-f3043876a479,math:Orz57K,701,2026-04-23T05:17:27.153591Z,2026-04-23T05:19:20.311841Z,113.15825,1,True,True,True,1.0,1.0,0.008837181557685807,0.008837181557685807,0.0,,1962,789,2751,112.38492041701102,112.38492041701102,,,2751.0,0.0,1.0,1.0
29c476e8-4004-48c8-af61-e0578572f601,math:Orz57K,702,2026-04-23T05:17:32.893507Z,2026-04-23T05:19:23.187379Z,110.293872,1,True,True,True,1.0,1.0,0.009066686859991641,0.009066686859991641,0.0,,1950,509,2459,109.56683868699474,109.56683868699474,,,2459.0,0.0,1.0,1.0
1c7ad80a-1ae4-41d4-94bd-7c4ec3fbcb7d,math:Orz57K,703,2026-04-23T05:17:35.656632Z,2026-04-23T05:20:43.983505Z,188.326873,1,True,True,True,1.0,1.0,0.005309916657512813,0.005309916657512813,0.0,,4031,124,4155,185.79023475600115,185.79023475600115,,,4155.0,0.0,1.0,1.0
297140d7-30bb-47c5-8ef7-c24fb3945e7c,math:Orz57K,704,2026-04-23T05:17:46.171245Z,2026-04-23T05:20:44.162308Z,177.991063,1,True,True,False,0.0,0.0,0.005618259608910814,0.0,0.0,,4227,229,4456,175.36537567799678,175.36537567799678,,,4456.0,0.0,1.0,1.0
98e7d5b8-65e2-40d6-902d-f560aa778221,math:Orz57K,705,2026-04-23T05:17:49.389490Z,2026-04-23T05:19:33.443728Z,104.054238,1,True,True,True,1.0,1.0,0.009610372621247776,0.009610372621247776,0.0,,1986,659,2645,103.30998967200867,103.30998967200867,,,2645.0,0.0,1.0,1.0
c3ccd431-4794-4272-92c1-c9eb55703aaa,math:Orz57K,702,2026-04-23T05:17:53.883953Z,2026-04-23T05:19:36.352734Z,102.468781,1,True,True,True,1.0,1.0,0.009759069935651912,0.009759069935651912,0.0,,1950,509,2459,101.74235255199892,101.74235255199892,,,2459.0,0.0,1.0,1.0
9637d9a0-b11c-42f6-9dfd-02178e8ea6b0,math:Orz57K,703,2026-04-23T05:17:58.564023Z,2026-04-23T05:20:53.347172Z,174.783149,1,True,True,True,1.0,1.0,0.00572137534837526,0.00572137534837526,0.0,,4031,124,4155,172.17674341499514,172.17674341499514,,,4155.0,0.0,1.0,1.0
5f9a874c-1fb7-467c-a787-bbff09f33d53,math:Orz57K,704,2026-04-23T05:18:01.350415Z,2026-04-23T05:20:53.505090Z,172.154675,1,True,True,False,0.0,0.0,0.005808729852965074,0.0,0.0,,4227,229,4456,169.65641921499628,169.65641921499628,,,4456.0,0.0,1.0,1.0
da975993-8d25-4d3b-b0c2-966bce49859d,math:Orz57K,705,2026-04-23T05:18:11.935776Z,2026-04-23T05:19:46.625061Z,94.689285,1,True,True,True,1.0,1.0,0.010560857017771335,0.010560857017771335,0.0,,1986,659,2645,93.97816007499932,93.97816007499932,,,2645.0,0.0,1.0,1.0
55a67578-0867-47dc-8784-0dede1fe1a91,math:Orz57K,706,2026-04-23T05:18:20.454236Z,2026-04-23T05:19:58.195289Z,97.741053,1,True,True,True,1.0,1.0,0.010231115476114218,0.010231115476114218,0.0,,1997,1013,3010,97.02449043998786,97.02449043998786,,,3010.0,0.0,1.0,1.0
12875fd4-7e8c-413a-b18e-419c92e61d6d,math:Orz57K,703,2026-04-23T05:18:25.074745Z,2026-04-23T05:21:06.992517Z,161.917772,1,True,True,True,1.0,1.0,0.0061759743087374,0.0061759743087374,0.0,,4176,318,4494,159.41845725099847,159.41845725099847,,,4494.0,0.0,1.0,1.0
c40451ea-2ee0-48b3-817c-d689bc3848e2,math:Orz57K,704,2026-04-23T05:18:28.092938Z,2026-04-23T05:21:07.143595Z,159.050657,1,True,True,False,0.0,0.0,0.006287305056526739,0.0,0.0,,4227,229,4456,156.51752634800505,156.51752634800505,,,4456.0,0.0,1.0,1.0
a76d3408-f92c-4328-85cb-4348e3689c91,math:Orz57K,705,2026-04-23T05:18:39.721631Z,2026-04-23T05:20:05.927443Z,86.205812,1,True,True,True,1.0,1.0,0.011600145939116032,0.011600145939116032,0.0,,1986,659,2645,85.47919518500566,85.47919518500566,,,2645.0,0.0,1.0,1.0
360c059d-48ab-45c5-b7ae-219b44c61091,math:Orz57K,706,2026-04-23T05:18:42.945491Z,2026-04-23T05:20:09.157915Z,86.212424,1,True,True,False,0.0,0.0,0.011599256274246506,0.0,0.0,,1997,555,2552,85.47232692099351,85.47232692099351,,,2552.0,0.0,1.0,1.0
d432c05b-b21a-4ec3-bb0f-4fec51e51d0c,math:Orz57K,707,2026-04-23T05:18:47.506082Z,2026-04-23T05:26:45.740590Z,478.234508,1,True,True,False,0.0,0.0,0.0020910243474107477,0.0,0.0,,9668,977,10645,472.3057555399864,472.3057555399864,,,10645.0,0.0,1.0,1.0
a9c60806-ea48-4b45-bc1e-45ec4652fd44,math:Orz57K,704,2026-04-23T05:18:54.855614Z,2026-04-23T05:21:21.850951Z,146.995337,1,True,True,False,0.0,0.0,0.006802936884997923,0.0,0.0,,4227,229,4456,144.42824401898542,144.42824401898542,,,4456.0,0.0,1.0,1.0
426cefb7-5c1f-4517-b03e-33e6866d23b3,math:Orz57K,705,2026-04-23T05:18:59.766909Z,2026-04-23T05:20:21.082268Z,81.315359,1,True,True,True,1.0,1.0,0.012297799730552748,0.012297799730552748,0.0,,1986,659,2645,80.57663617400976,80.57663617400976,,,2645.0,0.0,1.0,1.0
42bb4a75-0a76-4f5c-a1df-d9a8e4fb2205,math:Orz57K,706,2026-04-23T05:19:04.377233Z,2026-04-23T05:20:24.127431Z,79.750198,1,True,True,False,0.0,0.0,0.012539153821285811,0.0,0.0,,1997,520,2517,78.99459417999606,78.99459417999606,,,2517.0,0.0,1.0,1.0
5b8149ea-5a8c-43f9-ad13-26ef53a686f9,math:Orz57K,707,2026-04-23T05:19:07.340313Z,2026-04-23T05:20:26.921243Z,79.58093,1,True,True,False,0.0,0.0,0.012565824500920008,0.0,0.0,,2072,467,2539,78.80069427099079,78.80069427099079,,,2539.0,0.0,1.0,1.0
1a7f8fb8-dfff-4d45-9c50-bf0036777df0,math:Orz57K,708,2026-04-23T05:19:20.336207Z,2026-04-23T05:29:19.571091Z,599.234884,1,True,True,False,0.0,0.0,0.0016687947025460555,0.0,0.0,,9346,965,10311,553.4267038200196,553.4267038200196,,,10311.0,0.0,1.0,1.0
eb1b8e78-6fb1-4526-9e64-9273db831d9a,math:Orz57K,705,2026-04-23T05:19:23.212727Z,2026-04-23T05:20:39.217693Z,76.004966,1,True,True,True,1.0,1.0,0.013157035028474325,0.013157035028474325,0.0,,1986,659,2645,75.29241812200053,75.29241812200053,,,2645.0,0.0,1.0,1.0
8d623e8b-3e76-4db5-9552-c6f137b6866e,math:Orz57K,706,2026-04-23T05:19:33.469340Z,2026-04-23T05:20:47.329354Z,73.860014,1,True,True,False,0.0,0.0,0.013539125513840275,0.0,0.0,,1997,555,2552,73.11231693800073,73.11231693800073,,,2552.0,0.0,1.0,1.0
1ec122bc-543b-48cd-a0fa-27c50cb80f82,math:Orz57K,707,2026-04-23T05:19:36.378216Z,2026-04-23T05:29:01.934827Z,565.556611,1,True,True,False,0.0,0.0,0.0017681695882430415,0.0,0.0,,9668,977,10645,559.5406292819971,559.5406292819971,,,10645.0,0.0,1.0,1.0
19ba8fce-7321-4f51-99dd-a55f23519cc3,math:Orz57K,708,2026-04-23T05:19:46.649535Z,2026-04-23T05:20:55.974147Z,69.324612,1,True,True,True,1.0,1.0,0.014424891407974991,0.014424891407974991,0.0,,1986,423,2409,68.58407860300213,68.58407860300213,,,2409.0,0.0,1.0,1.0
6a0411b3-4cda-4dc9-9b86-cf4066d9f4eb,math:Orz57K,709,2026-04-23T05:19:47.721318Z,2026-04-23T05:20:57.950488Z,70.22917,1,True,True,True,1.0,1.0,0.014239097514608248,0.014239097514608248,0.0,,1964,332,2296,69.46857990500575,69.46857990500575,,,2296.0,0.0,1.0,1.0
6a55846e-519c-41b1-a0b9-a82a6d3a8680,math:Orz57K,706,2026-04-23T05:19:58.219009Z,2026-04-23T05:21:06.533683Z,68.314674,1,True,True,True,1.0,1.0,0.014638143482906762,0.014638143482906762,0.0,,1997,668,2665,67.57870232700952,67.57870232700952,,,2665.0,0.0,1.0,1.0
6e44aa18-9610-4c96-86b3-02cfb5f0248d,math:Orz57K,707,2026-04-23T05:20:02.078951Z,2026-04-23T05:21:11.261887Z,69.182936,1,True,True,True,1.0,1.0,0.014454431364404656,0.014454431364404656,0.0,,2072,698,2770,68.40040742400743,68.40040742400743,,,2770.0,0.0,1.0,1.0
3f838c01-f8e3-4cd7-9802-6ac10206638a,math:Orz57K,708,2026-04-23T05:20:05.952541Z,2026-04-23T05:21:13.646342Z,67.693801,1,True,True,True,1.0,1.0,0.014772401390195242,0.014772401390195242,0.0,,1986,423,2409,66.96634212300705,66.96634212300705,,,2409.0,0.0,1.0,1.0
a6227f0c-b69c-4ceb-ae7f-3d313776e3d9,math:Orz57K,709,2026-04-23T05:20:09.181958Z,2026-04-23T05:21:15.519806Z,66.337848,1,True,True,True,1.0,1.0,0.015074350919553496,0.015074350919553496,0.0,,1964,323,2287,65.59705637600564,65.59705637600564,,,2287.0,0.0,1.0,1.0
d6020726-d133-4b3a-8eb4-067e600aec39,math:Orz57K,710,2026-04-23T05:20:17.191570Z,2026-04-23T05:21:47.129384Z,89.937814,1,True,True,False,0.0,0.0,0.011118793703391545,0.0,0.0,,1990,4096,6086,89.22007028499502,89.22007028499502,,,6086.0,0.0,1.0,1.0
86541e3c-1394-4104-bc1b-2385ff8e880d,math:Orz57K,707,2026-04-23T05:20:17.373813Z,2026-04-23T05:21:51.188628Z,93.814815,1,True,True,True,1.0,1.0,0.010659297254916508,0.010659297254916508,0.0,,2072,698,2770,93.08682312699966,93.08682312699966,,,2770.0,0.0,1.0,1.0
d2fab686-2a1a-4d2d-afce-a34459b62153,math:Orz57K,708,2026-04-23T05:20:21.107178Z,2026-04-23T05:30:10.241429Z,589.134251,1,True,True,False,0.0,0.0,0.001697405978862363,0.0,0.0,,9253,739,9992,583.1615107590187,583.1615107590187,,,9992.0,0.0,1.0,1.0
fc8e41e8-3534-45a9-a143-513e38a8e4ad,math:Orz57K,709,2026-04-23T05:20:24.152413Z,2026-04-23T05:21:54.457200Z,90.304787,1,True,True,True,1.0,1.0,0.011073610084479796,0.011073610084479796,0.0,,1964,323,2287,89.59219764500449,89.59219764500449,,,2287.0,0.0,1.0,1.0
0f231a85-4f66-4c24-b110-d069a306f9aa,math:Orz57K,710,2026-04-23T05:20:26.945939Z,2026-04-23T05:22:19.805634Z,112.859695,1,True,True,False,0.0,0.0,0.008860559121659863,0.0,0.0,,1990,4096,6086,112.13485209200007,112.13485209200007,,,6086.0,0.0,1.0,1.0
f695b366-3039-4741-8c5e-8e1801a7147a,math:Orz57K,711,2026-04-23T05:20:27.978801Z,2026-04-23T05:22:24.379866Z,116.401065,1,True,True,True,1.0,1.0,0.008590986688996358,0.008590986688996358,0.0,,1983,781,2764,115.63150128799316,115.63150128799316,,,2764.0,0.0,1.0,1.0
e4a6ef09-9981-41a6-abe0-95c4ed03a138,math:Orz57K,708,2026-04-23T05:20:32.632336Z,2026-04-23T05:30:42.365545Z,609.733209,1,True,True,False,0.0,0.0,0.0016400615633845195,0.0,0.0,,9253,739,9992,603.8381636019913,603.8381636019913,,,9992.0,0.0,1.0,1.0
133d4c2e-465c-4b31-aec0-89f774577d31,math:Orz57K,709,2026-04-23T05:20:32.807038Z,2026-04-23T05:22:27.689442Z,114.882404,1,True,True,True,1.0,1.0,0.008704553222963545,0.008704553222963545,0.0,,1964,323,2287,114.14608659800433,114.14608659800433,,,2287.0,0.0,1.0,1.0
69d1e091-329d-49e3-ad5b-001b56bd6943,math:Orz57K,710,2026-04-23T05:20:33.877882Z,2026-04-23T05:22:38.902242Z,125.02436,1,True,True,True,1.0,1.0,0.007998441263766518,0.007998441263766518,0.0,,1990,1090,3080,124.1941099770047,124.1941099770047,,,3080.0,0.0,1.0,1.0
ce1feeb6-829c-4e9d-b194-f8454a2fcfc7,math:Orz57K,711,2026-04-23T05:20:39.241235Z,2026-04-23T05:22:42.902521Z,123.661286,1,True,True,True,1.0,1.0,0.008086605212887727,0.008086605212887727,0.0,,1983,711,2694,122.94352346099913,122.94352346099913,,,2694.0,0.0,1.0,1.0
d5afb034-84e8-4178-abd7-b8497049b70c,math:Orz57K,712,2026-04-23T05:20:44.008596Z,2026-04-23T05:22:45.021625Z,121.013029,1,True,True,False,0.0,0.0,0.008263573007498226,0.0,0.0,,1951,352,2303,120.20204999799898,120.20204999799898,,,2303.0,0.0,1.0,1.0
f98e2139-0730-4e11-9076-dfcad78e1df9,math:Orz57K,709,2026-04-23T05:20:44.186746Z,2026-04-23T05:22:46.804149Z,122.617403,1,True,True,True,1.0,1.0,0.008155449190193663,0.008155449190193663,0.0,,1964,323,2287,121.88993733600364,121.88993733600364,,,2287.0,0.0,1.0,1.0
608f7a95-3d90-4ffe-ad3b-308d5e90fb3e,math:Orz57K,710,2026-04-23T05:20:47.352731Z,2026-04-23T05:22:57.959865Z,130.607134,1,True,True,True,1.0,1.0,0.007656549603178644,0.007656549603178644,0.0,,1990,1090,3080,129.7938372130011,129.7938372130011,,,3080.0,0.0,1.0,1.0
7d1a1109-6b0d-4501-a600-b64d60a08260,math:Orz57K,711,2026-04-23T05:20:53.273650Z,2026-04-23T05:23:05.523436Z,132.249786,1,True,True,True,1.0,1.0,0.007561448908507119,0.007561448908507119,0.0,,1983,782,2765,131.52986229599628,131.52986229599628,,,2765.0,0.0,1.0,1.0
69f0ab80-9192-4eee-9135-9bf1dc1360d7,math:Orz57K,712,2026-04-23T05:20:53.373431Z,2026-04-23T05:23:07.626910Z,134.253479,1,True,True,False,0.0,0.0,0.007448596546239222,0.0,0.0,,1951,352,2303,133.45072123401042,133.45072123401042,,,2303.0,0.0,1.0,1.0
c797bed2-5a1c-485a-b1d6-6e81d0c9f7ac,math:Orz57K,713,2026-04-23T05:20:53.529764Z,2026-04-23T05:23:10.537303Z,137.007539,1,True,True,False,0.0,0.0,0.007298868422123836,0.0,0.0,,1956,513,2469,136.2696723810077,136.2696723810077,,,2469.0,0.0,1.0,1.0
70b400d6-7807-4604-a9b5-aab04fce89de,math:Orz57K,710,2026-04-23T05:20:55.999656Z,2026-04-23T05:23:35.780697Z,159.781041,1,True,True,False,0.0,0.0,0.006258564806822107,0.0,0.0,,1990,4096,6086,159.05104101999314,159.05104101999314,,,6086.0,0.0,1.0,1.0
0774bc64-fc37-4b01-a9a5-820cb425b0d2,math:Orz57K,711,2026-04-23T05:20:57.976321Z,2026-04-23T05:23:39.916209Z,161.939888,1,True,True,True,1.0,1.0,0.006175130860903152,0.006175130860903152,0.0,,1983,711,2694,161.20927121800196,161.20927121800196,,,2694.0,0.0,1.0,1.0
c9d7e0c2-ddb4-4e7f-b257-e848977732ba,math:Orz57K,712,2026-04-23T05:21:02.739872Z,2026-04-23T05:23:42.068166Z,159.328294,1,True,True,False,0.0,0.0,0.006276349133569459,0.0,0.0,,1951,352,2303,158.4679993030004,158.4679993030004,,,2303.0,0.0,1.0,1.0
70d6d7f5-2b9c-49c2-8494-571f6b8eb616,math:Orz57K,713,2026-04-23T05:21:06.560466Z,2026-04-23T05:23:44.934813Z,158.374347,1,True,True,False,0.0,0.0,0.00631415389513808,0.0,0.0,,1956,513,2469,157.60662002299796,157.60662002299796,,,2469.0,0.0,1.0,1.0
b18ca095-82d4-4a4b-97e8-35d6b1692f01,math:Orz57K,714,2026-04-23T05:21:07.019335Z,2026-04-23T05:23:58.682489Z,171.663154,1,True,True,True,1.0,1.0,0.005825361917793961,0.005825361917793961,0.0,,2001,2315,4316,170.93645270999696,170.93645270999696,,,4316.0,0.0,1.0,1.0
7a296a72-ed8e-4aaa-92b1-7e863c2c08b9,math:Orz57K,711,2026-04-23T05:21:07.170732Z,2026-04-23T05:24:02.922667Z,175.751935,1,True,True,True,1.0,1.0,0.005689837781871363,0.005689837781871363,0.0,,1983,711,2694,174.99502278900763,174.99502278900763,,,2694.0,0.0,1.0,1.0
b16fee43-7fea-4dd4-a7ae-0da3a6d48295,math:Orz57K,712,2026-04-23T05:21:11.285811Z,2026-04-23T05:24:05.089951Z,173.80414,1,True,True,False,0.0,0.0,0.005753602877353785,0.0,0.0,,1951,352,2303,172.9639038630121,172.9639038630121,,,2303.0,0.0,1.0,1.0
98043f55-850f-491f-82dd-5a71a651de52,math:Orz57K,713,2026-04-23T05:21:13.671824Z,2026-04-23T05:24:07.988404Z,174.31658,1,True,True,False,0.0,0.0,0.005736688959822411,0.0,0.0,,1956,513,2469,173.5560780800006,173.5560780800006,,,2469.0,0.0,1.0,1.0
206009f6-aff6-4689-82fd-0748200d2523,math:Orz57K,714,2026-04-23T05:21:15.545422Z,2026-04-23T05:24:21.811435Z,186.266013,1,True,True,True,1.0,1.0,0.005368665941220313,0.005368665941220313,0.0,,2001,2315,4316,185.52643218600133,185.52643218600133,,,4316.0,0.0,1.0,1.0
4d8cfdc2-89ed-4a92-88f9-d90e3ead5c98,math:Orz57K,715,2026-04-23T05:21:21.801667Z,2026-04-23T05:24:26.710953Z,184.909286,1,True,True,True,1.0,1.0,0.005408057224340805,0.005408057224340805,0.0,,2012,561,2573,184.16159978600626,184.16159978600626,,,2573.0,0.0,1.0,1.0
a8133a06-39b5-47c6-b35e-b58c715eab64,math:Orz57K,712,2026-04-23T05:21:21.873750Z,2026-04-23T05:24:28.841568Z,186.967818,1,True,True,False,0.0,0.0,0.005348514042133177,0.0,0.0,,1951,352,2303,186.15374691299803,186.15374691299803,,,2303.0,0.0,1.0,1.0
7ee748ee-5b0f-408e-aad5-e31459ae3b89,math:Orz57K,713,2026-04-23T05:21:47.154794Z,2026-04-23T05:24:31.811948Z,164.657154,1,True,True,False,0.0,0.0,0.006073225339483276,0.0,0.0,,1956,513,2469,163.9022891289933,163.9022891289933,,,2469.0,0.0,1.0,1.0
52b7a5fd-c84a-4fe1-a0f2-70fddc5b1f1f,math:Orz57K,714,2026-04-23T05:21:51.213952Z,2026-04-23T05:24:45.638619Z,174.424667,1,True,True,True,1.0,1.0,0.005733134064117205,0.005733134064117205,0.0,,2001,2315,4316,173.71961288999591,173.71961288999591,,,4316.0,0.0,1.0,1.0
93680df7-113b-4ed9-bbf9-0964ff40f7dd,math:Orz57K,715,2026-04-23T05:21:54.482616Z,2026-04-23T05:24:49.973036Z,175.49042,1,True,True,True,1.0,1.0,0.00569831675142153,0.00569831675142153,0.0,,2012,561,2573,174.74171830000705,174.74171830000705,,,2573.0,0.0,1.0,1.0
eabd4fd2-6f39-4284-9aa6-aacc363ff3a5,math:Orz57K,716,2026-04-23T05:22:19.830580Z,2026-04-23T05:24:54.645034Z,154.814454,1,True,True,False,0.0,0.0,0.0064593451978327545,0.0,0.0,,1987,806,2793,154.05791002500337,154.05791002500337,,,2793.0,0.0,1.0,1.0
3d955433-2909-4a07-955d-3c025e54ba12,math:Orz57K,713,2026-04-23T05:22:24.403562Z,2026-04-23T05:24:57.650680Z,153.247118,1,True,True,False,0.0,0.0,0.006525408197236049,0.0,0.0,,1956,513,2469,152.49306486301066,152.49306486301066,,,2469.0,0.0,1.0,1.0
9cb0d2ef-f8b7-4291-a462-208aa0bf7a40,math:Orz57K,714,2026-04-23T05:22:27.714233Z,2026-04-23T05:25:12.609473Z,164.89524,1,True,True,True,1.0,1.0,0.006064456439130687,0.006064456439130687,0.0,,2001,2315,4316,164.16284570400603,164.16284570400603,,,4316.0,0.0,1.0,1.0
09a4b416-d330-4a9f-8f7b-47b8986dc717,math:Orz57K,715,2026-04-23T05:22:32.520656Z,2026-04-23T05:25:15.845179Z,163.324523,1,True,True,True,1.0,1.0,0.006122779247302624,0.006122779247302624,0.0,,2012,561,2573,162.60492677301227,162.60492677301227,,,2573.0,0.0,1.0,1.0
650a9aee-46b2-4fa8-8a6a-497c09ef4339,math:Orz57K,716,2026-04-23T05:22:38.927540Z,2026-04-23T05:25:20.578384Z,161.650844,1,True,True,False,0.0,0.0,0.006186172464401113,0.0,0.0,,1987,806,2793,160.8925733280048,160.8925733280048,,,2793.0,0.0,1.0,1.0
6f23b6d0-d64c-486e-aa74-a598fedfdbda,math:Orz57K,717,2026-04-23T05:22:42.927301Z,2026-04-23T05:25:21.652773Z,158.725472,1,True,True,False,0.0,0.0,0.0063001860218125545,0.0,0.0,,1959,193,2152,157.99752316100057,157.99752316100057,,,2152.0,0.0,1.0,1.0
0b715497-95be-43b3-9cab-73378c1dceb2,math:Orz57K,714,2026-04-23T05:22:45.049349Z,2026-04-23T05:25:35.596361Z,170.547012,1,True,True,True,1.0,1.0,0.005863485899125574,0.005863485899125574,0.0,,2001,2315,4316,169.82149234700773,169.82149234700773,,,4316.0,0.0,1.0,1.0
05dc0f07-5da0-474e-b3cd-f20b2d5b7d71,math:Orz57K,715,2026-04-23T05:22:46.827714Z,2026-04-23T05:25:38.881152Z,172.053438,1,True,True,True,1.0,1.0,0.005812147735170511,0.005812147735170511,0.0,,2012,561,2573,171.33631145500112,171.33631145500112,,,2573.0,0.0,1.0,1.0
e6bbf41c-b0bd-4bb7-99c3-3a19980f6ee9,math:Orz57K,716,2026-04-23T05:22:51.622198Z,2026-04-23T05:25:43.646498Z,172.0243,1,True,True,False,0.0,0.0,0.005813132214460399,0.0,0.0,,1987,806,2793,171.25544081600674,171.25544081600674,,,2793.0,0.0,1.0,1.0
862cbf4a-cb9b-402d-8868-5ebc1b4a051a,math:Orz57K,717,2026-04-23T05:22:57.984005Z,2026-04-23T05:25:44.710508Z,166.726503,1,True,True,False,0.0,0.0,0.0059978466650859935,0.0,0.0,,1959,193,2152,166.024520535997,166.024520535997,,,2152.0,0.0,1.0,1.0
0378229c-f7f5-415a-8e44-ea61ce5ccb43,math:Orz57K,718,2026-04-23T05:23:05.546569Z,2026-04-23T05:25:48.306646Z,162.760077,1,True,True,False,0.0,0.0,0.006144012822014087,0.0,0.0,,1979,316,2295,161.9571290449967,161.9571290449967,,,2295.0,0.0,1.0,1.0
f62516d6-5af7-4a4c-8932-c085caef9566,math:Orz57K,715,2026-04-23T05:23:07.650598Z,2026-04-23T05:25:51.459271Z,163.808673,1,True,True,True,1.0,1.0,0.006104682869874662,0.006104682869874662,0.0,,2012,561,2573,163.10365050499968,163.10365050499968,,,2573.0,0.0,1.0,1.0
07d5d49d-7689-44a2-b68b-8dc8db45cd46,math:Orz57K,716,2026-04-23T05:23:10.560880Z,2026-04-23T05:25:56.220142Z,165.659262,1,True,True,False,0.0,0.0,0.006036487111719717,0.0,0.0,,1987,806,2793,164.86822504999873,164.86822504999873,,,2793.0,0.0,1.0,1.0
04660a59-efe5-4f4e-8e24-c3d206eafe5b,math:Orz57K,717,2026-04-23T05:23:35.804921Z,2026-04-23T05:25:58.869803Z,143.064882,1,True,True,False,0.0,0.0,0.006989835562860213,0.0,0.0,,1959,193,2152,142.26625764000346,142.26625764000346,,,2152.0,0.0,1.0,1.0
08ec208b-4b0c-4bcc-b719-e9e748759951,math:Orz57K,718,2026-04-23T05:23:39.941396Z,2026-04-23T05:26:00.741981Z,140.800585,1,True,True,False,0.0,0.0,0.007102243218662763,0.0,0.0,,1979,316,2295,140.02098800700333,140.02098800700333,,,2295.0,0.0,1.0,1.0
af5dc08d-3ddc-469f-80ed-dea80b1238e9,math:Orz57K,719,2026-04-23T05:23:42.094115Z,2026-04-23T05:26:05.313024Z,143.218909,1,True,True,True,1.0,1.0,0.006982318235645825,0.006982318235645825,0.0,,1957,783,2740,142.48286376098986,142.48286376098986,,,2740.0,0.0,1.0,1.0
777a46e4-3f95-4f0c-9621-0bffd927bedf,math:Orz57K,716,2026-04-23T05:23:44.959918Z,2026-04-23T05:26:10.039186Z,145.079268,1,True,True,False,0.0,0.0,0.00689278360571822,0.0,0.0,,1987,806,2793,144.31662619300187,144.31662619300187,,,2793.0,0.0,1.0,1.0
c684636e-a8ed-4cee-a3c3-3a4a9b74ac87,math:Orz57K,717,2026-04-23T05:23:58.708669Z,2026-04-23T05:26:11.152783Z,132.444114,1,True,True,False,0.0,0.0,0.007550354408350679,0.0,0.0,,1959,193,2152,131.70130360098847,131.70130360098847,,,2152.0,0.0,1.0,1.0
b340acea-48a4-49d1-be9d-1a166115684a,math:Orz57K,718,2026-04-23T05:24:02.947279Z,2026-04-23T05:26:13.063180Z,130.115901,1,True,True,False,0.0,0.0,0.0076854557537898455,0.0,0.0,,1979,316,2295,129.31896777999646,129.31896777999646,,,2295.0,0.0,1.0,1.0
2861480b-9a59-4dbd-9342-e16d8b8bcf7f,math:Orz57K,719,2026-04-23T05:24:05.115409Z,2026-04-23T05:26:17.540916Z,132.425507,1,True,True,True,1.0,1.0,0.007551415302491535,0.007551415302491535,0.0,,1957,783,2740,131.70153957299772,131.70153957299772,,,2740.0,0.0,1.0,1.0
8593ec97-729e-4929-a1fd-ef98898ac4c5,math:Orz57K,720,2026-04-23T05:24:08.012552Z,2026-04-23T05:26:42.920560Z,154.908008,1,True,True,False,0.0,0.0,0.006455444188527684,0.0,0.0,,2095,4096,6191,154.1996403719968,154.1996403719968,,,6191.0,0.0,1.0,1.0
5867388d-0d82-45a0-a586-82664a4d836c,math:Orz57K,717,2026-04-23T05:24:21.835905Z,2026-04-23T05:26:44.045008Z,142.209103,1,True,True,False,0.0,0.0,0.007031898654195154,0.0,0.0,,1959,193,2152,141.5019917539903,141.5019917539903,,,2152.0,0.0,1.0,1.0
bb20fc6d-44bf-42ad-b15b-90c9e5e20ab4,math:Orz57K,718,2026-04-23T05:24:26.735112Z,2026-04-23T05:26:48.244482Z,141.50937,1,True,True,False,0.0,0.0,0.007066669860801444,0.0,0.0,,1979,419,2398,140.70794070899137,140.70794070899137,,,2398.0,0.0,1.0,1.0
631a18db-f3b1-46ce-a098-aa33251b5b46,math:Orz57K,719,2026-04-23T05:24:28.866064Z,2026-04-23T05:26:52.713700Z,143.847636,1,True,True,True,1.0,1.0,0.006951800028190939,0.006951800028190939,0.0,,1957,783,2740,143.12880901699828,143.12880901699828,,,2740.0,0.0,1.0,1.0
7713b4ae-8a9a-48a5-ada0-3d116f751c9f,math:Orz57K,720,2026-04-23T05:24:31.837265Z,2026-04-23T05:27:18.026770Z,166.189505,1,True,True,False,0.0,0.0,0.0060172271407872594,0.0,0.0,,2095,4096,6191,165.45395116700092,165.45395116700092,,,6191.0,0.0,1.0,1.0
f846a6e7-7d4c-4c05-a57c-6a713feb5e62,math:Orz57K,721,2026-04-23T05:24:45.662210Z,2026-04-23T05:27:20.802865Z,155.140655,1,True,True,False,0.0,0.0,0.006445763684573847,0.0,0.0,,1995,470,2465,154.36664959100017,154.36664959100017,,,2465.0,0.0,1.0,1.0
b097aa82-7671-4678-b1e2-2a9033649e67,math:Orz57K,718,2026-04-23T05:24:49.997817Z,2026-04-23T05:27:23.757063Z,153.759246,1,True,True,False,0.0,0.0,0.006503673931907809,0.0,0.0,,1979,316,2295,152.9477644340077,152.9477644340077,,,2295.0,0.0,1.0,1.0
31288498-523c-42b1-b652-f1584a25e7c7,math:Orz57K,719,2026-04-23T05:24:54.670483Z,2026-04-23T05:27:28.202848Z,153.532365,1,True,True,True,1.0,1.0,0.0065132846745375155,0.0065132846745375155,0.0,,1957,783,2740,152.80374045099597,152.80374045099597,,,2740.0,0.0,1.0,1.0
2852d99d-4f56-477f-b9f4-a5e597cce979,math:Orz57K,720,2026-04-23T05:24:57.675659Z,2026-04-23T05:27:53.559702Z,175.884043,1,True,True,False,0.0,0.0,0.005685564096340451,0.0,0.0,,2095,4096,6191,175.1587506520009,175.1587506520009,,,6191.0,0.0,1.0,1.0
70cdc2b4-2e6a-4ef2-bea5-d092d137d97c,math:Orz57K,721,2026-04-23T05:25:12.634168Z,2026-04-23T05:27:57.393934Z,164.759766,1,True,True,False,0.0,0.0,0.006069442948832544,0.0,0.0,,1995,470,2465,163.99644833800266,163.99644833800266,,,2465.0,0.0,1.0,1.0
c9f37d6f-b396-452a-90bd-2d68e7b8a28d,math:Orz57K,722,2026-04-23T05:25:15.869395Z,2026-04-23T05:27:59.166056Z,163.296661,1,True,True,True,1.0,1.0,0.006123823928034879,0.006123823928034879,0.0,,1952,303,2255,162.54097077999904,162.54097077999904,,,2255.0,0.0,1.0,1.0
63d22004-f8fb-41c9-b6f2-5b191b1ed0fd,math:Orz57K,719,2026-04-23T05:25:20.603235Z,2026-04-23T05:28:03.728357Z,163.125122,1,True,True,True,1.0,1.0,0.006130263614454186,0.006130263614454186,0.0,,1957,783,2740,162.38993865299562,162.38993865299562,,,2740.0,0.0,1.0,1.0
1273d90b-acd9-41ac-a94e-9b35d7b37af0,math:Orz57K,720,2026-04-23T05:25:21.678688Z,2026-04-23T05:28:29.046356Z,187.367668,1,True,True,False,0.0,0.0,0.00533710010203041,0.0,0.0,,2095,4096,6191,186.6411966690066,186.6411966690066,,,6191.0,0.0,1.0,1.0
5674777e-5659-41bb-80da-89bd0b7fb30b,math:Orz57K,721,2026-04-23T05:25:35.628987Z,2026-04-23T05:28:31.841112Z,176.212125,1,True,True,False,0.0,0.0,0.005674978381879227,0.0,0.0,,1995,470,2465,175.45686591099366,175.45686591099366,,,2465.0,0.0,1.0,1.0
c69855f0-c91e-444d-8031-b134d2784dfa,math:Orz57K,722,2026-04-23T05:25:38.905871Z,2026-04-23T05:28:33.585456Z,174.679585,1,True,True,True,1.0,1.0,0.005724767436332071,0.005724767436332071,0.0,,1952,303,2255,173.9630829890084,173.9630829890084,,,2255.0,0.0,1.0,1.0
ac6e3e4b-ce82-4f69-9e23-b00b73a1292d,math:Orz57K,723,2026-04-23T05:25:43.671327Z,2026-04-23T05:31:52.700703Z,369.029376,1,True,True,True,1.0,1.0,0.0027098113728485397,0.0027098113728485397,0.0,,4210,244,4454,366.51433099499263,366.51433099499263,,,4454.0,0.0,1.0,1.0
cdc784e2-127e-4e4c-9c0b-7fa83c5d663a,math:Orz57K,720,2026-04-23T05:25:44.734475Z,2026-04-23T05:29:00.244179Z,195.509704,1,True,True,False,0.0,0.0,0.005114835629846793,0.0,0.0,,2095,4096,6191,194.75032636200194,194.75032636200194,,,6191.0,0.0,1.0,1.0
85250187-51af-4ccd-a29c-ebd74e098cc1,math:Orz57K,721,2026-04-23T05:25:48.330011Z,2026-04-23T05:32:05.033842Z,376.703831,1,True,True,False,0.0,0.0,0.0026546053363603835,0.0,0.0,,4184,168,4352,374.148280651003,374.148280651003,,,4352.0,0.0,1.0,1.0
2fa95f28-b349-4eae-9d8e-439f733e2b30,math:Orz57K,722,2026-04-23T05:25:51.483670Z,2026-04-23T05:29:04.728301Z,193.244631,1,True,True,True,1.0,1.0,0.005174788012609778,0.005174788012609778,0.0,,1952,325,2277,192.51066239200009,192.51066239200009,,,2277.0,0.0,1.0,1.0
b0c749ce-913f-4a0e-8576-d514b417761a,math:Orz57K,723,2026-04-23T05:25:56.243598Z,2026-04-23T05:32:10.012178Z,373.76858,1,True,True,True,1.0,1.0,0.0026754522811949575,0.0026754522811949575,0.0,,4210,244,4454,371.1973677280039,371.1973677280039,,,4454.0,0.0,1.0,1.0
639bebcb-9be9-47c1-b935-e366505332d8,math:Orz57K,724,2026-04-23T05:25:58.892950Z,2026-04-23T05:29:09.387859Z,190.494909,1,True,True,False,0.0,0.0,0.0052494841213840526,0.0,0.0,,1971,546,2517,189.6340348369995,189.6340348369995,,,2517.0,0.0,1.0,1.0
c4fea908-034f-4da0-a4c4-2b15043f396c,math:Orz57K,721,2026-04-23T05:26:00.765244Z,2026-04-23T05:29:11.808239Z,191.042995,1,True,True,False,0.0,0.0,0.0052344238007784585,0.0,0.0,,1995,436,2431,190.27228177600773,190.27228177600773,,,2431.0,0.0,1.0,1.0
6522a219-fcd4-42d8-a9d9-db1ea43a252c,math:Orz57K,722,2026-04-23T05:26:05.337427Z,2026-04-23T05:29:13.650675Z,188.313248,1,True,True,True,1.0,1.0,0.005310300845111015,0.005310300845111015,0.0,,1952,325,2277,187.57617645499704,187.57617645499704,,,2277.0,0.0,1.0,1.0
e5126694-3eb3-4d0a-83ba-76e5aab482f7,math:Orz57K,723,2026-04-23T05:26:10.064698Z,2026-04-23T05:32:47.545400Z,397.480702,1,True,True,True,1.0,1.0,0.0025158454107792132,0.0025158454107792132,0.0,,4210,244,4454,394.9711375019979,394.9711375019979,,,4454.0,0.0,1.0,1.0
54543f2e-ebef-46ef-b1b7-4f4f79538e0d,math:Orz57K,724,2026-04-23T05:26:11.176891Z,2026-04-23T05:29:18.200678Z,187.023787,1,True,True,False,0.0,0.0,0.005346913438342472,0.0,0.0,,1971,546,2517,186.20005765999667,186.20005765999667,,,2517.0,0.0,1.0,1.0
50964f87-4d4e-4a7d-9fbd-f5d61b93755e,math:Orz57K,725,2026-04-23T05:26:13.087747Z,2026-04-23T05:29:23.206336Z,190.118589,1,True,True,False,0.0,0.0,0.005259874929957533,0.0,0.0,,2055,618,2673,189.36220247899473,189.36220247899473,,,2673.0,0.0,1.0,1.0
6747b3ac-6c11-4782-9d38-b93fb3033cf6,math:Orz57K,722,2026-04-23T05:26:17.566746Z,2026-04-23T05:29:24.924966Z,187.35822,1,True,True,True,1.0,1.0,0.005337369238456685,0.005337369238456685,0.0,,1952,303,2255,186.63431923199096,186.63431923199096,,,2255.0,0.0,1.0,1.0
4138dfca-cb9c-42a1-945a-fc741f2fa54d,math:Orz57K,723,2026-04-23T05:26:42.945715Z,2026-04-23T05:33:09.611731Z,386.666016,1,True,True,True,1.0,1.0,0.0025862112485209973,0.0025862112485209973,0.0,,4210,244,4454,384.16082828800427,384.16082828800427,,,4454.0,0.0,1.0,1.0
c2305abe-d3c5-41d3-9664-513c7b5c1790,math:Orz57K,724,2026-04-23T05:26:44.068398Z,2026-04-23T05:29:30.655714Z,166.587316,1,True,True,False,0.0,0.0,0.006002857984697947,0.0,0.0,,1971,730,2701,165.74634058200172,165.74634058200172,,,2701.0,0.0,1.0,1.0
e690724d-1b71-491c-92e3-b56c32ad8343,math:Orz57K,725,2026-04-23T05:26:45.766480Z,2026-04-23T05:29:34.473438Z,168.706958,1,True,True,False,0.0,0.0,0.0059274378001647095,0.0,0.0,,2055,658,2713,167.94456858099147,167.94456858099147,,,2713.0,0.0,1.0,1.0
f8367366-79a5-425a-96c4-d32866eeb9fd,math:Orz57K,726,2026-04-23T05:26:48.270269Z,2026-04-23T05:29:59.581322Z,191.311053,1,True,True,False,0.0,0.0,0.005227089518973062,0.0,0.0,,2007,4096,6103,190.59774392699182,190.59774392699182,,,6103.0,0.0,1.0,1.0
c4b353d4-adfa-4d2a-ac35-e3cafd04ba57,math:Orz57K,723,2026-04-23T05:26:52.739141Z,2026-04-23T05:33:24.229911Z,391.49077,1,True,True,True,1.0,1.0,0.0025543386374089995,0.0025543386374089995,0.0,,4210,244,4454,389.0340922139876,389.0340922139876,,,4454.0,0.0,1.0,1.0
2cbbc24a-39af-4be7-b5cc-bb266d6bd008,math:Orz57K,724,2026-04-23T05:27:18.051356Z,2026-04-23T05:30:05.370893Z,167.319537,1,True,True,False,0.0,0.0,0.005976588376526526,0.0,0.0,,1971,730,2701,166.50635005500226,166.50635005500226,,,2701.0,0.0,1.0,1.0
ceab694a-c9d2-4cb1-bf20-84c9bd8c74d5,math:Orz57K,725,2026-04-23T05:27:20.827986Z,2026-04-23T05:30:09.191735Z,168.363749,1,True,True,False,0.0,0.0,0.005939520864435015,0.0,0.0,,2055,658,2713,167.6177276439994,167.6177276439994,,,2713.0,0.0,1.0,1.0
02ba12b2-fd49-4ee0-a9ce-a024661c01b2,math:Orz57K,726,2026-04-23T05:27:23.781787Z,2026-04-23T05:30:32.782886Z,189.001099,1,True,True,False,0.0,0.0,0.0052909745249682385,0.0,0.0,,2007,3685,5692,188.24136209300195,188.24136209300195,,,5692.0,0.0,1.0,1.0
cc8c5397-0b9a-46bc-851f-6c6ede308f5b,math:Orz57K,727,2026-04-23T05:27:28.229329Z,2026-04-23T05:30:38.197614Z,189.968285,1,True,True,False,0.0,0.0,0.005264036573262742,0.0,0.0,,2017,916,2933,189.20441582800413,189.20441582800413,,,2933.0,0.0,1.0,1.0
a73356ec-6f68-4432-9e87-305af368ad5f,math:Orz57K,724,2026-04-23T05:27:53.583929Z,2026-04-23T05:30:41.431849Z,167.84792,1,True,True,False,0.0,0.0,0.005957774156510251,0.0,0.0,,1971,546,2517,167.03574033699988,167.03574033699988,,,2517.0,0.0,1.0,1.0
00a2958c-d94a-4761-9d19-2cdf528722fb,math:Orz57K,725,2026-04-23T05:27:57.419405Z,2026-04-23T05:30:46.047043Z,168.627638,1,True,True,False,0.0,0.0,0.005930225981105186,0.0,0.0,,2055,618,2673,167.87542760001088,167.87542760001088,,,2673.0,0.0,1.0,1.0
578dafb6-f7fe-45b6-8d55-0533b219e952,math:Orz57K,726,2026-04-23T05:27:59.190601Z,2026-04-23T05:31:11.269727Z,192.079126,1,True,True,False,0.0,0.0,0.005206187787422565,0.0,0.0,,2007,4096,6103,191.36576278999564,191.36576278999564,,,6103.0,0.0,1.0,1.0
21cf322b-93b7-434b-a325-4789e9872df8,math:Orz57K,727,2026-04-23T05:28:03.753511Z,2026-04-23T05:31:16.778039Z,193.024528,1,True,True,False,0.0,0.0,0.005180688746458171,0.0,0.0,,2017,941,2958,192.27240041500772,192.27240041500772,,,2958.0,0.0,1.0,1.0
80399884-ed2f-4996-bf5e-f02a80be2cf7,math:Orz57K,728,2026-04-23T05:28:29.071024Z,2026-04-23T05:31:23.237857Z,174.166833,1,True,True,True,1.0,1.0,0.005741621310872662,0.005741621310872662,0.0,,2043,1105,3148,173.4432227040088,173.4432227040088,,,3148.0,0.0,1.0,1.0
3b664b66-3980-462f-984e-1df09301adac,math:Orz57K,725,2026-04-23T05:28:31.870489Z,2026-04-23T05:31:27.095274Z,175.224785,1,True,True,False,0.0,0.0,0.0057069552118440324,0.0,0.0,,2055,658,2713,174.46804732599412,174.46804732599412,,,2713.0,0.0,1.0,1.0
20c93c1b-7d43-40e0-bcfe-58ac089e1304,math:Orz57K,726,2026-04-23T05:28:33.610712Z,2026-04-23T05:31:52.562397Z,198.951685,1,True,True,False,0.0,0.0,0.005026345969374423,0.0,0.0,,2007,4096,6103,198.23035361499933,198.23035361499933,,,6103.0,0.0,1.0,1.0
ec2c3d56-0fc7-4ef0-abd0-60f72a388344,math:Orz57K,727,2026-04-23T05:29:00.268059Z,2026-04-23T05:31:58.256612Z,177.988553,1,True,True,False,0.0,0.0,0.005618338837779079,0.0,0.0,,2017,941,2958,177.20562452099693,177.20562452099693,,,2958.0,0.0,1.0,1.0
93ec9ede-384d-4c79-9af8-e1a4c94a06ba,math:Orz57K,728,2026-04-23T05:29:01.960949Z,2026-04-23T05:32:04.845052Z,182.884103,1,True,True,True,1.0,1.0,0.0054679438157618325,0.0054679438157618325,0.0,,2043,1105,3148,182.1237126240012,182.1237126240012,,,3148.0,0.0,1.0,1.0
df9a41b5-2360-4834-8aaf-c6374ee5b2d4,math:Orz57K,729,2026-04-23T05:29:04.753226Z,2026-04-23T05:32:09.860948Z,185.107722,1,True,True,True,1.0,1.0,0.005402259771745233,0.005402259771745233,0.0,,1945,825,2770,184.37841912699514,184.37841912699514,,,2770.0,0.0,1.0,1.0
74a6863a-3d7f-4e95-9557-e028f5c332a1,math:Orz57K,726,2026-04-23T05:29:09.415608Z,2026-04-23T05:32:35.294754Z,205.879146,1,True,True,False,0.0,0.0,0.004857218515954016,0.0,0.0,,2007,4096,6103,205.13048995900317,205.13048995900317,,,6103.0,0.0,1.0,1.0
0de92e5b-8d95-4966-874f-4dd8be6feeb0,math:Orz57K,727,2026-04-23T05:29:11.834885Z,2026-04-23T05:32:40.911059Z,209.076174,1,True,True,False,0.0,0.0,0.004782945760237606,0.0,0.0,,2017,941,2958,208.338171831012,208.338171831012,,,2958.0,0.0,1.0,1.0
019ffd07-56b4-42ed-a771-055055653ad0,math:Orz57K,728,2026-04-23T05:29:13.675839Z,2026-04-23T05:32:47.449654Z,213.773815,1,True,True,True,1.0,1.0,0.004677841390443446,0.004677841390443446,0.0,,2043,1105,3148,213.01602398800605,213.01602398800605,,,3148.0,0.0,1.0,1.0
f091ccee-1cdf-41ab-843e-80e2ee1153e7,math:Orz57K,729,2026-04-23T05:29:18.224916Z,2026-04-23T05:32:52.400591Z,214.175675,1,True,True,True,1.0,1.0,0.00466906430900708,0.00466906430900708,0.0,,1945,825,2770,213.4183630070038,213.4183630070038,,,2770.0,0.0,1.0,1.0
82d4ae34-864f-4c7e-b34b-45b767124331,math:Orz57K,730,2026-04-23T05:29:19.596770Z,2026-04-23T05:37:55.205814Z,515.609044,1,True,True,False,0.0,0.0,0.0019394539557378281,0.0,0.0,,9492,2483,11975,511.4423346239928,511.4423346239928,,,11975.0,0.0,1.0,1.0
5ff5e9f2-e5bf-4017-8b35-56fc4c1ef7d5,math:Orz57K,727,2026-04-23T05:29:23.232266Z,2026-04-23T05:33:02.886010Z,219.653744,1,True,True,False,0.0,0.0,0.004552619872484395,0.0,0.0,,2017,941,2958,218.90245166000386,218.90245166000386,,,2958.0,0.0,1.0,1.0
161e6626-8c16-464e-b34e-9ba251e44aa4,math:Orz57K,728,2026-04-23T05:29:24.950268Z,2026-04-23T05:33:09.516793Z,224.566525,1,True,True,True,1.0,1.0,0.0044530234414946746,0.0044530234414946746,0.0,,2043,1105,3148,223.80377636999765,223.80377636999765,,,3148.0,0.0,1.0,1.0
f70aeac5-abfd-4156-9b8e-a2ad78b326cc,math:Orz57K,729,2026-04-23T05:29:30.680583Z,2026-04-23T05:33:14.454198Z,223.773615,1,True,True,True,1.0,1.0,0.004468802097155199,0.004468802097155199,0.0,,1945,825,2770,223.0378614920046,223.0378614920046,,,2770.0,0.0,1.0,1.0
ca2ab8d6-0571-4de2-bca1-265d397f56a9,math:Orz57K,730,2026-04-23T05:29:34.496378Z,2026-04-23T05:38:11.086164Z,516.589786,1,True,True,False,0.0,0.0,0.0019357719163266614,0.0,0.0,,9492,2483,11975,512.3695173870074,512.3695173870074,,,11975.0,0.0,1.0,1.0
f729f9d5-8e1b-48ff-8d74-0d5142a3f02b,math:Orz57K,731,2026-04-23T05:29:59.606510Z,2026-04-23T05:33:24.143981Z,204.537471,1,True,True,False,0.0,0.0,0.004889079712929471,0.0,0.0,,2017,809,2826,203.77334363400587,203.77334363400587,,,2826.0,0.0,1.0,1.0
5397101f-c378-4d5d-8f32-dd91aa0beebc,math:Orz57K,728,2026-04-23T05:30:05.396452Z,2026-04-23T05:33:30.757826Z,205.361374,1,True,True,True,1.0,1.0,0.00486946488778362,0.00486946488778362,0.0,,2043,1105,3148,204.60891545600316,204.60891545600316,,,3148.0,0.0,1.0,1.0
7fecf0f2-cbf5-4cc6-9d03-23f3c0358076,math:Orz57K,729,2026-04-23T05:30:09.215944Z,2026-04-23T05:33:35.639904Z,206.42396,1,True,True,True,1.0,1.0,0.004844398876952075,0.004844398876952075,0.0,,1945,825,2770,205.67707331600832,205.67707331600832,,,2770.0,0.0,1.0,1.0
48a5e574-bb0f-4316-8370-3942eac10f6f,math:Orz57K,730,2026-04-23T05:30:10.267028Z,2026-04-23T05:38:26.827172Z,496.560144,1,True,True,False,0.0,0.0,0.002013854740625337,0.0,0.0,,9492,2483,11975,492.40603443000873,492.40603443000873,,,11975.0,0.0,1.0,1.0
f09ae178-840f-4107-9297-8a254d327993,math:Orz57K,731,2026-04-23T05:30:32.807118Z,2026-04-23T05:33:45.397494Z,192.590376,1,True,True,False,0.0,0.0,0.005192367452462942,0.0,0.0,,2017,809,2826,191.8245924350049,191.8245924350049,,,2826.0,0.0,1.0,1.0
19fa5d6f-4480-432d-ada5-6ea85b4c038d,math:Orz57K,732,2026-04-23T05:30:38.222739Z,2026-04-23T05:34:03.943721Z,205.720982,1,True,True,False,0.0,0.0,0.004860952880343532,0.0,0.0,,1961,3082,5043,204.99423058499815,204.99423058499815,,,5043.0,0.0,1.0,1.0
9a8991df-bc38-4bf2-9ed4-33da71d2b639,math:Orz57K,729,2026-04-23T05:30:41.456652Z,2026-04-23T05:34:08.800028Z,207.343376,1,True,True,True,1.0,1.0,0.004822917516303969,0.004822917516303969,0.0,,1945,825,2770,206.62330670899246,206.62330670899246,,,2770.0,0.0,1.0,1.0
82dabc53-54a6-426e-97d0-69b153a4bfc7,math:Orz57K,730,2026-04-23T05:30:42.389220Z,2026-04-23T05:38:40.403766Z,478.014546,1,True,True,False,0.0,0.0,0.002091986548041155,0.0,0.0,,9492,2483,11975,473.84847948099195,473.84847948099195,,,11975.0,0.0,1.0,1.0
0d1ca37d-ddb5-4453-922a-e5b999615b51,math:Orz57K,731,2026-04-23T05:30:46.073007Z,2026-04-23T05:34:18.536060Z,212.463053,1,True,True,False,0.0,0.0,0.004706700698685715,0.0,0.0,,2017,809,2826,211.69588811600988,211.69588811600988,,,2826.0,0.0,1.0,1.0
084a6247-f790-46ef-98c1-3a9399f3a06b,math:Orz57K,732,2026-04-23T05:31:11.293189Z,2026-04-23T05:34:37.149271Z,205.856082,1,True,True,False,0.0,0.0,0.004857762715993011,0.0,0.0,,1961,3082,5043,205.12142425999627,205.12142425999627,,,5043.0,0.0,1.0,1.0
e4aa6259-6fb1-4cd9-a39a-398755050a56,math:Orz57K,733,2026-04-23T05:31:16.803674Z,2026-04-23T05:34:38.520858Z,201.717184,1,True,True,True,1.0,1.0,0.00495743585236645,0.00495743585236645,0.0,,1972,229,2201,200.94801210401056,200.94801210401056,,,2201.0,0.0,1.0,1.0
357a7d23-3041-42d6-a771-b1983bf305c4,math:Orz57K,730,2026-04-23T05:31:23.262852Z,2026-04-23T05:38:54.104427Z,450.841575,1,True,True,False,0.0,0.0,0.002218074054062117,0.0,0.0,,9492,2483,11975,446.68963352900755,446.68963352900755,,,11975.0,0.0,1.0,1.0
f698b52a-24b3-43f6-9c2b-98d934997c1f,math:Orz57K,731,2026-04-23T05:31:27.125901Z,2026-04-23T05:34:48.212411Z,201.08651,1,True,True,False,0.0,0.0,0.004972984015685587,0.0,0.0,,2017,809,2826,200.31125830800738,200.31125830800738,,,2826.0,0.0,1.0,1.0
99b6c222-0c6c-4f53-afe4-4720c69ae6aa,math:Orz57K,732,2026-04-23T05:31:52.587958Z,2026-04-23T05:35:06.833413Z,194.245455,1,True,True,False,0.0,0.0,0.00514812560221808,0.0,0.0,,1961,3082,5043,193.52339005999966,193.52339005999966,,,5043.0,0.0,1.0,1.0
2ab293c3-f1fb-4904-ae2c-4f5b49f6ab98,math:Orz57K,733,2026-04-23T05:31:52.725401Z,2026-04-23T05:35:08.204122Z,195.478721,1,True,True,True,1.0,1.0,0.005115646321422371,0.005115646321422371,0.0,,1972,229,2201,194.74636057700263,194.74636057700263,,,2201.0,0.0,1.0,1.0
9584da5a-81d5-45a2-93e0-f7c63be05a7e,math:Orz57K,734,2026-04-23T05:31:58.280691Z,2026-04-23T05:35:09.535368Z,191.254677,1,True,True,False,0.0,0.0,0.00522863030429316,0.0,0.0,,1948,226,2174,190.5250534509978,190.5250534509978,,,2174.0,0.0,1.0,1.0
5adde49b-24cf-4011-91e7-587edd13779c,math:Orz57K,731,2026-04-23T05:32:04.870731Z,2026-04-23T05:35:14.313384Z,189.442653,1,True,True,False,0.0,0.0,0.005278642291817988,0.0,0.0,,2017,809,2826,188.70293465300347,188.70293465300347,,,2826.0,0.0,1.0,1.0
9a409b74-14ff-40c4-a538-6cc6836865c3,math:Orz57K,732,2026-04-23T05:32:05.057757Z,2026-04-23T05:35:32.864969Z,207.807212,1,True,True,False,0.0,0.0,0.004812152525293492,0.0,0.0,,1961,3082,5043,207.07977557300183,207.07977557300183,,,5043.0,0.0,1.0,1.0
7d603ae2-2155-40b0-932d-fdc2af081d3e,math:Orz57K,733,2026-04-23T05:32:09.885167Z,2026-04-23T05:35:34.237340Z,204.352173,1,True,True,True,1.0,1.0,0.004893512925844934,0.004893512925844934,0.0,,1972,229,2201,203.5993117820035,203.5993117820035,,,2201.0,0.0,1.0,1.0
6a291b1a-aa12-4d23-9227-d22b0bb2af40,math:Orz57K,734,2026-04-23T05:32:10.038710Z,2026-04-23T05:35:35.566873Z,205.528163,1,True,True,False,0.0,0.0,0.004865513248420363,0.0,0.0,,1948,226,2174,204.77815723299864,204.77815723299864,,,2174.0,0.0,1.0,1.0
abc81427-5452-4076-928c-fc2ee19fc35d,math:Orz57K,735,2026-04-23T05:32:35.319333Z,2026-04-23T05:35:38.005089Z,182.685756,1,True,True,False,0.0,0.0,0.00547388051425312,0.0,0.0,,1980,416,2396,181.9492608300061,181.9492608300061,,,2396.0,0.0,1.0,1.0
62d0e18e-feb2-43c7-b2f3-70799fc0f7f7,math:Orz57K,732,2026-04-23T05:32:40.936497Z,2026-04-23T05:35:56.618211Z,195.681714,1,True,True,False,0.0,0.0,0.005110339538420028,0.0,0.0,,1961,3082,5043,194.9413020560023,194.9413020560023,,,5043.0,0.0,1.0,1.0
0d267007-43ed-4d92-ac26-865d1d2ed452,math:Orz57K,733,2026-04-23T05:32:47.476788Z,2026-04-23T05:35:57.925013Z,190.448225,1,True,True,True,1.0,1.0,0.005250770911621781,0.005250770911621781,0.0,,1972,229,2201,189.72665057000995,189.72665057000995,,,2201.0,0.0,1.0,1.0
4731e5a3-d7cb-4824-a785-142addba71a9,math:Orz57K,734,2026-04-23T05:32:47.568228Z,2026-04-23T05:35:59.215781Z,191.647553,1,True,True,False,0.0,0.0,0.005217911652647086,0.0,0.0,,1948,226,2174,190.9079220049898,190.9079220049898,,,2174.0,0.0,1.0,1.0
53dd4808-dc9c-4da2-802a-4c3c0ffc368b,math:Orz57K,735,2026-04-23T05:32:52.423730Z,2026-04-23T05:36:01.704840Z,189.28111,1,True,True,False,0.0,0.0,0.0052831473779924466,0.0,0.0,,1980,416,2396,188.50172180599475,188.50172180599475,,,2396.0,0.0,1.0,1.0
fa51ab1c-442b-4f38-816b-9138c79aded3,math:Orz57K,736,2026-04-23T05:33:02.911265Z,2026-04-23T05:36:09.640577Z,186.729312,1,True,True,False,0.0,0.0,0.005355345603158437,0.0,0.0,,1979,466,2445,185.95614300899615,185.95614300899615,,,2445.0,0.0,1.0,1.0
fe0a26d0-4e42-4320-b6b4-f27507638a4a,math:Orz57K,733,2026-04-23T05:33:09.542244Z,2026-04-23T05:36:10.959055Z,181.416811,1,True,True,True,1.0,1.0,0.005512168329317618,0.005512168329317618,0.0,,1972,229,2201,180.66232957800094,180.66232957800094,,,2201.0,0.0,1.0,1.0
afb3c617-1fa3-4364-a1f2-c99c78f1454b,math:Orz57K,734,2026-04-23T05:33:09.635246Z,2026-04-23T05:36:12.272950Z,182.637704,1,True,True,False,0.0,0.0,0.0054753206928181706,0.0,0.0,,1948,226,2174,181.8926355660078,181.8926355660078,,,2174.0,0.0,1.0,1.0
cc7a091a-c349-4607-a9fa-3cff39d6b003,math:Orz57K,735,2026-04-23T05:33:14.478260Z,2026-04-23T05:36:14.707498Z,180.229238,1,True,True,False,0.0,0.0,0.0055484893078225185,0.0,0.0,,1980,416,2396,179.46072355899378,179.46072355899378,,,2396.0,0.0,1.0,1.0
a7e0ded9-d8d2-44fb-b3af-2d781673f527,math:Orz57K,736,2026-04-23T05:33:24.170768Z,2026-04-23T05:36:22.584057Z,178.413289,1,True,True,False,0.0,0.0,0.005604963652679482,0.0,0.0,,1979,466,2445,177.66164337200462,177.66164337200462,,,2445.0,0.0,1.0,1.0
06d87bff-6342-4968-820a-ee921f3b3e89,math:Orz57K,737,2026-04-23T05:33:24.253859Z,2026-04-23T05:36:29.198059Z,184.9442,1,True,True,False,0.0,0.0,0.0054070362844576905,0.0,0.0,,1981,1148,3129,184.18550331499137,184.18550331499137,,,3129.0,0.0,1.0,1.0
69d1b0c0-0e93-4372-84fa-2ae7b0d6ec78,math:Orz57K,734,2026-04-23T05:33:30.782400Z,2026-04-23T05:36:30.495773Z,179.713373,1,True,True,False,0.0,0.0,0.005564416177309187,0.0,0.0,,1948,226,2174,178.9854667019972,178.9854667019972,,,2174.0,0.0,1.0,1.0
402d7a94-b888-4a07-a700-e6d469cddb7b,math:Orz57K,735,2026-04-23T05:33:35.664391Z,2026-04-23T05:36:32.989847Z,177.325456,1,True,True,False,0.0,0.0,0.00563934825014633,0.0,0.0,,1980,416,2396,176.55234949899022,176.55234949899022,,,2396.0,0.0,1.0,1.0
77a174ef-21f1-44cc-acfc-9aa7e93bc5b5,math:Orz57K,736,2026-04-23T05:33:45.423775Z,2026-04-23T05:36:40.902182Z,175.478407,1,True,True,False,0.0,0.0,0.005698706850011466,0.0,0.0,,1979,466,2445,174.7344105969969,174.7344105969969,,,2445.0,0.0,1.0,1.0
1b2c82c6-154d-4017-85f2-b723a25f8695,math:Orz57K,737,2026-04-23T05:34:03.966987Z,2026-04-23T05:36:47.641405Z,163.674418,1,True,True,False,0.0,0.0,0.006109690275483368,0.0,0.0,,1981,1148,3129,162.9064753970015,162.9064753970015,,,3129.0,0.0,1.0,1.0
286a97a4-8d66-4b81-9ff2-046074b1ec7f,math:Orz57K,738,2026-04-23T05:34:08.824210Z,2026-04-23T05:36:49.849501Z,161.025291,1,True,True,False,0.0,0.0,0.006210204582086425,0.0,0.0,,1947,382,2329,160.25311969699396,160.25311969699396,,,2329.0,0.0,1.0,1.0
d08e367c-3096-4d0e-9a02-ee5bdeff5bb5,math:Orz57K,735,2026-04-23T05:34:18.560802Z,2026-04-23T05:36:57.387256Z,158.826454,1,True,True,False,0.0,0.0,0.0062961803579648,0.0,0.0,,1980,416,2396,158.0616610230063,158.0616610230063,,,2396.0,0.0,1.0,1.0
7eaf1c4b-dc92-4137-8172-71eb0ea828df,math:Orz57K,736,2026-04-23T05:34:37.175760Z,2026-04-23T05:37:00.018075Z,142.842315,1,True,True,False,0.0,0.0,0.007000726640421642,0.0,0.0,,1979,466,2445,142.1040452830057,142.1040452830057,,,2445.0,0.0,1.0,1.0
a72189a7-223d-40c0-bbff-cab429753b84,math:Orz57K,737,2026-04-23T05:34:38.544060Z,2026-04-23T05:37:06.911246Z,148.367186,1,True,True,False,0.0,0.0,0.0067400348214463,0.0,0.0,,1981,1148,3129,147.58070083500934,147.58070083500934,,,3129.0,0.0,1.0,1.0
085a4f0b-17e1-482f-aac1-78459591327d,math:Orz57K,738,2026-04-23T05:34:48.236686Z,2026-04-23T05:37:14.318493Z,146.081807,1,True,True,False,0.0,0.0,0.006845479396349471,0.0,0.0,,1947,382,2329,145.32734679699934,145.32734679699934,,,2329.0,0.0,1.0,1.0
7d82e276-9c7d-46d3-bf2b-aac651bbe186,math:Orz57K,739,2026-04-23T05:35:06.858226Z,2026-04-23T05:37:16.337939Z,129.479713,1,True,True,False,0.0,0.0,0.0077232176132488025,0.0,0.0,,1941,351,2292,128.73168605899264,128.73168605899264,,,2292.0,0.0,1.0,1.0
0ab2b538-86ce-4c4d-b4a1-a8cbc914a7ee,math:Orz57K,736,2026-04-23T05:35:08.229225Z,2026-04-23T05:37:19.090164Z,130.860939,1,True,True,False,0.0,0.0,0.007641699713006033,0.0,0.0,,1979,466,2445,130.0842276780022,130.0842276780022,,,2445.0,0.0,1.0,1.0
bab00a9f-e191-423f-8c9b-2ad8789f6cbe,math:Orz57K,737,2026-04-23T05:35:09.561200Z,2026-04-23T05:37:25.778989Z,136.217789,1,True,True,False,0.0,0.0,0.00734118507825729,0.0,0.0,,1981,1148,3129,135.45318027600297,135.45318027600297,,,3129.0,0.0,1.0,1.0
2159647e-56b9-4dba-ba9d-f05d06cd6b45,math:Orz57K,738,2026-04-23T05:35:14.339396Z,2026-04-23T05:37:27.996373Z,133.656977,1,True,True,False,0.0,0.0,0.007481839126138547,0.0,0.0,,1947,382,2329,132.88340351400257,132.88340351400257,,,2329.0,0.0,1.0,1.0
aaa7fb32-2a5e-433d-9422-0a254fe53549,math:Orz57K,739,2026-04-23T05:35:32.889659Z,2026-04-23T05:37:29.951360Z,117.061701,1,True,True,False,0.0,0.0,0.00854250358108157,0.0,0.0,,1941,351,2292,116.31416742400324,116.31416742400324,,,2292.0,0.0,1.0,1.0
62965d9e-5af5-4654-a074-875a9fea0ec2,math:Orz57K,740,2026-04-23T05:35:34.261687Z,2026-04-23T05:37:32.794497Z,118.53281,1,True,True,False,0.0,0.0,0.008436482692007386,0.0,0.0,,2006,482,2488,117.77641801600112,117.77641801600112,,,2488.0,0.0,1.0,1.0
6e043ff0-0872-4714-8c18-9a345f0046b6,math:Orz57K,737,2026-04-23T05:35:35.592642Z,2026-04-23T05:37:38.546017Z,122.953375,1,True,True,False,0.0,0.0,0.008133164299068652,0.0,0.0,,1981,955,2936,122.13005929300562,122.13005929300562,,,2936.0,0.0,1.0,1.0
f18c1424-7bb4-4702-a84f-887638cce66f,math:Orz57K,738,2026-04-23T05:35:38.030650Z,2026-04-23T05:37:40.709988Z,122.679338,1,True,True,False,0.0,0.0,0.008151331889319454,0.0,0.0,,1947,382,2329,121.93182535099913,121.93182535099913,,,2329.0,0.0,1.0,1.0
70d93965-873f-4920-a65a-606c48aef3e9,math:Orz57K,739,2026-04-23T05:35:56.641344Z,2026-04-23T05:37:42.795626Z,106.154282,1,True,True,False,0.0,0.0,0.009420251177432485,0.0,0.0,,1941,351,2292,105.38564267499896,105.38564267499896,,,2292.0,0.0,1.0,1.0
0414685e-70a4-423c-b935-ce4202ae9acb,math:Orz57K,740,2026-04-23T05:35:57.949528Z,2026-04-23T05:37:45.591063Z,107.641535,1,True,True,False,0.0,0.0,0.009290094200161676,0.0,0.0,,2006,482,2488,106.87677359300142,106.87677359300142,,,2488.0,0.0,1.0,1.0
191bcbb5-76f6-4d5d-bd53-baa17cf9b4ab,math:Orz57K,741,2026-04-23T05:35:59.239672Z,2026-04-23T05:37:47.332047Z,108.092375,1,True,True,False,0.0,0.0,0.009251346359999954,0.0,0.0,,2143,310,2453,107.38488490199961,107.38488490199961,,,2453.0,0.0,1.0,1.0
5fdc031e-ee21-4662-a107-dfe75091880e,math:Orz57K,738,2026-04-23T05:36:01.729344Z,2026-04-23T05:37:49.880063Z,108.150719,1,True,True,True,1.0,1.0,0.009246355542028344,0.009246355542028344,0.0,,1947,432,2379,107.39977116799855,107.39977116799855,,,2379.0,0.0,1.0,1.0
93891f6b-97aa-441e-ad5f-9e743d7a3eab,math:Orz57K,739,2026-04-23T05:36:09.665416Z,2026-04-23T05:37:57.281532Z,107.616116,1,True,True,False,0.0,0.0,0.009292288526748169,0.0,0.0,,1941,351,2292,106.8529292979947,106.8529292979947,,,2292.0,0.0,1.0,1.0
a169babb-60ad-4be8-a590-2d5f767bab87,math:Orz57K,740,2026-04-23T05:36:10.983738Z,2026-04-23T05:38:00.021762Z,109.038024,1,True,True,False,0.0,0.0,0.009171112638651632,0.0,0.0,,2006,479,2485,108.27993585899821,108.27993585899821,,,2485.0,0.0,1.0,1.0
ebe97ce2-ed54-46e8-8f5f-fbba19447ba1,math:Orz57K,741,2026-04-23T05:36:12.297632Z,2026-04-23T05:38:01.843330Z,109.545698,1,True,True,False,0.0,0.0,0.009128610417909792,0.0,0.0,,2143,310,2453,108.81167075700068,108.81167075700068,,,2453.0,0.0,1.0,1.0
a6b6209b-7d7b-4e3e-b11d-fa60c6ea3566,math:Orz57K,742,2026-04-23T05:36:14.732643Z,2026-04-23T05:38:05.634111Z,110.901468,1,True,True,True,1.0,1.0,0.00901701319228705,0.00901701319228705,0.0,,1962,647,2609,110.16630249599984,110.16630249599984,,,2609.0,0.0,1.0,1.0
6263f2bf-65d7-4d25-86a6-f3361302dae7,math:Orz57K,739,2026-04-23T05:36:22.608717Z,2026-04-23T05:38:13.154514Z,110.545797,1,True,True,False,0.0,0.0,0.009046024608244491,0.0,0.0,,1941,351,2292,109.784139632,109.784139632,,,2292.0,0.0,1.0,1.0
e55011fa-1a6d-4a6c-93e7-b48bb617e9e0,math:Orz57K,740,2026-04-23T05:36:29.222030Z,2026-04-23T05:38:15.945012Z,106.722982,1,True,True,False,0.0,0.0,0.009370053021944233,0.0,0.0,,2006,479,2485,105.9618163289997,105.9618163289997,,,2485.0,0.0,1.0,1.0
1b60b145-d611-4589-8763-e853b8754846,math:Orz57K,741,2026-04-23T05:36:30.519395Z,2026-04-23T05:38:17.705899Z,107.186504,1,True,True,False,0.0,0.0,0.009329532755355096,0.0,0.0,,2143,310,2453,106.49011361898738,106.49011361898738,,,2453.0,0.0,1.0,1.0
3737b21a-1304-4894-bad1-07f9e614ba5e,math:Orz57K,742,2026-04-23T05:36:33.014374Z,2026-04-23T05:38:21.476746Z,108.462372,1,True,True,True,1.0,1.0,0.009219787300982132,0.009219787300982132,0.0,,1962,647,2609,107.74174503200629,107.74174503200629,,,2609.0,0.0,1.0,1.0
fbb67093-c38d-4b8b-b0b2-997a70c79ff9,math:Orz57K,743,2026-04-23T05:36:40.926285Z,2026-04-23T05:38:30.327373Z,109.401088,1,True,True,False,0.0,0.0,0.0091406769190449,0.0,0.0,,1939,612,2551,108.66704152600141,108.66704152600141,,,2551.0,0.0,1.0,1.0
7f990902-cd94-44f0-9f86-6c3c049aba08,math:Orz57K,740,2026-04-23T05:36:47.667679Z,2026-04-23T05:38:33.237933Z,105.570254,1,True,True,False,0.0,0.0,0.009472365198628773,0.0,0.0,,2006,479,2485,104.76281099100015,104.76281099100015,,,2485.0,0.0,1.0,1.0
9f44a537-be6c-4e93-bf15-9583b7c4648f,math:Orz57K,741,2026-04-23T05:36:49.874431Z,2026-04-23T05:38:34.990933Z,105.116502,1,True,True,False,0.0,0.0,0.009513254160607438,0.0,0.0,,2143,310,2453,104.40442926099058,104.40442926099058,,,2453.0,0.0,1.0,1.0
8441fcf8-bf8c-47e4-a1a4-6e1b45e11521,math:Orz57K,742,2026-04-23T05:36:57.412824Z,2026-04-23T05:38:44.201313Z,106.788489,1,True,True,True,1.0,1.0,0.009364305173378752,0.009364305173378752,0.0,,1962,649,2611,106.0731532300124,106.0731532300124,,,2611.0,0.0,1.0,1.0
d5551797-ba7c-4be7-bf10-4f4d23614560,math:Orz57K,743,2026-04-23T05:37:00.042945Z,2026-04-23T05:38:47.764809Z,107.721864,1,True,True,False,0.0,0.0,0.009283166507404662,0.0,0.0,,1939,612,2551,106.9666996540036,106.9666996540036,,,2551.0,0.0,1.0,1.0
99ece68b-b249-49f5-ad98-675dd98310bc,math:Orz57K,744,2026-04-23T05:37:06.936199Z,2026-04-23T05:38:48.739650Z,101.803451,1,True,True,False,0.0,0.0,0.009822849718522804,0.0,0.0,,1959,175,2134,101.08972747399821,101.08972747399821,,,2134.0,0.0,1.0,1.0
f646d824-ef72-409f-8b09-8fa50d429160,math:Orz57K,741,2026-04-23T05:37:14.344353Z,2026-04-23T05:38:55.923882Z,101.579529,1,True,True,False,0.0,0.0,0.009844503216784949,0.0,0.0,,2143,310,2453,100.83261461899383,100.83261461899383,,,2453.0,0.0,1.0,1.0
b9cc2864-3a48-4fd1-8bec-30b4b9f42e4e,math:Orz57K,742,2026-04-23T05:37:16.369165Z,2026-04-23T05:38:59.644415Z,103.27525,1,True,True,True,1.0,1.0,0.009682862060367803,0.009682862060367803,0.0,,1962,647,2609,102.53635634000238,102.53635634000238,,,2609.0,0.0,1.0,1.0
8b26702d-1e95-4b14-ab7b-4bd36cda3238,math:Orz57K,743,2026-04-23T05:37:19.117450Z,2026-04-23T05:39:03.207643Z,104.090193,1,True,True,False,0.0,0.0,0.009607052991053633,0.0,0.0,,1939,612,2551,103.3349179240031,103.3349179240031,,,2551.0,0.0,1.0,1.0
e5713aeb-36e6-467a-a271-4cd65ac9b067,math:Orz57K,744,2026-04-23T05:37:25.804066Z,2026-04-23T05:39:04.205648Z,98.401582,1,True,True,False,0.0,0.0,0.01016243824210062,0.0,0.0,,1959,177,2136,97.68412081101269,97.68412081101269,,,2136.0,0.0,1.0,1.0
df5a9d7c-1dfe-4201-b4ea-f33c5540700b,math:Orz57K,745,2026-04-23T05:37:28.021018Z,2026-04-23T05:39:25.005624Z,116.984606,1,True,True,False,0.0,0.0,0.008548133247548826,0.0,0.0,,1972,3412,5384,116.24642333600787,116.24642333600787,,,5384.0,0.0,1.0,1.0
b30b8187-0330-410a-be88-8e29d3561b98,math:Orz57K,742,2026-04-23T05:37:29.976338Z,2026-04-23T05:39:28.853675Z,118.877337,1,True,True,False,0.0,0.0,0.008412032311928387,0.0,0.0,,1962,655,2617,118.08924393600319,118.08924393600319,,,2617.0,0.0,1.0,1.0
b6517aa5-5c33-4b81-a0b5-e1353e4b4a80,math:Orz57K,743,2026-04-23T05:37:32.818961Z,2026-04-23T05:39:32.361803Z,119.542842,1,True,True,False,0.0,0.0,0.008365201824463903,0.0,0.0,,1939,612,2551,118.77478866500314,118.77478866500314,,,2551.0,0.0,1.0,1.0
91bb2928-39ff-461b-8da7-d2e3bcfd9db9,math:Orz57K,744,2026-04-23T05:37:38.569296Z,2026-04-23T05:39:33.398015Z,114.828719,1,True,True,False,0.0,0.0,0.008708622796706457,0.0,0.0,,1959,177,2136,114.07514745699882,114.07514745699882,,,2136.0,0.0,1.0,1.0
2195f1fa-9515-4629-a241-a30085950843,math:Orz57K,745,2026-04-23T05:37:40.733962Z,2026-04-23T05:39:54.155396Z,133.421434,1,True,True,False,0.0,0.0,0.007495047609816575,0.0,0.0,,1972,3412,5384,132.6823507629888,132.6823507629888,,,5384.0,0.0,1.0,1.0
bec3e0ac-14b0-4add-a609-147516023487,math:Orz57K,746,2026-04-23T05:37:42.821135Z,2026-04-23T05:39:55.958337Z,133.137202,1,True,True,False,0.0,0.0,0.007511048639883539,0.0,0.0,,2036,305,2341,132.36812326499785,132.36812326499785,,,2341.0,0.0,1.0,1.0
82c001d2-ce9f-4733-ba36-5372a48dd56a,math:Orz57K,743,2026-04-23T05:37:45.615254Z,2026-04-23T05:39:59.520030Z,133.904776,1,True,True,False,0.0,0.0,0.0074679935239949915,0.0,0.0,,1939,612,2551,133.12597315099265,133.12597315099265,,,2551.0,0.0,1.0,1.0
a4b22627-a8e2-40ab-b620-adbafeacdc16,math:Orz57K,744,2026-04-23T05:37:47.355619Z,2026-04-23T05:40:00.454684Z,133.099065,1,True,True,False,0.0,0.0,0.0075132007876989974,0.0,0.0,,1959,177,2136,132.37614290000056,132.37614290000056,,,2136.0,0.0,1.0,1.0
482a1f34-ee4c-481d-8d18-88e10bf7c350,math:Orz57K,745,2026-04-23T05:37:49.905173Z,2026-04-23T05:40:21.333100Z,151.427927,1,True,True,False,0.0,0.0,0.0066038016884428456,0.0,0.0,,1972,3412,5384,150.69357969499833,150.69357969499833,,,5384.0,0.0,1.0,1.0
60a034d2-8e27-4c20-9fe7-e65dc4995a0c,math:Orz57K,746,2026-04-23T05:37:55.230207Z,2026-04-23T05:40:23.135281Z,147.905074,1,True,True,False,0.0,0.0,0.0067610932671586365,0.0,0.0,,2036,305,2341,147.15846505900845,147.15846505900845,,,2341.0,0.0,1.0,1.0
b32dd412-e67d-40d6-a77b-6d51f61bc160,math:Orz57K,747,2026-04-23T05:37:57.304716Z,2026-04-23T05:44:11.250780Z,373.946064,1,True,True,True,1.0,1.0,0.0026741824457336715,0.0026741824457336715,0.0,,4851,227,5078,371.4891838730109,371.4891838730109,,,5078.0,0.0,1.0,1.0
04fd2571-b431-4f0e-9dd0-0471ad160447,math:Orz57K,744,2026-04-23T05:38:00.046213Z,2026-04-23T05:40:25.437836Z,145.391623,1,True,True,False,0.0,0.0,0.0068779753562555656,0.0,0.0,,1959,177,2136,144.6545715539978,144.6545715539978,,,2136.0,0.0,1.0,1.0
4424d1d4-2c42-47d9-9fc7-0aa4405ae084,math:Orz57K,745,2026-04-23T05:38:01.867562Z,2026-04-23T05:40:46.208033Z,164.340471,1,True,True,False,0.0,0.0,0.0060849284045194196,0.0,0.0,,1972,3412,5384,163.62537905700447,163.62537905700447,,,5384.0,0.0,1.0,1.0
c4cc5f51-887a-4532-94fd-f84d5fe90424,math:Orz57K,746,2026-04-23T05:38:05.659299Z,2026-04-23T05:40:48.028813Z,162.369514,1,True,True,False,0.0,0.0,0.006158791606655914,0.0,0.0,,2036,305,2341,161.62968847599404,161.62968847599404,,,2341.0,0.0,1.0,1.0
10c59455-0c04-490e-87b4-e9dcc94cd8df,math:Orz57K,747,2026-04-23T05:38:11.110264Z,2026-04-23T05:44:20.517577Z,369.407313,1,True,True,True,1.0,1.0,0.002707038991401884,0.002707038991401884,0.0,,4851,227,5078,366.93430762599746,366.93430762599746,,,5078.0,0.0,1.0,1.0
d52ca9e7-e901-42cf-90ab-cdb03a0bbe31,math:Orz57K,748,2026-04-23T05:38:13.178839Z,2026-04-23T05:41:14.519362Z,181.340523,1,True,True,False,0.0,0.0,0.005514487239016069,0.0,0.0,,1995,4096,6091,180.6048494530114,180.6048494530114,,,6091.0,0.0,1.0,1.0
52c2cad3-c3ad-43c3-a1b2-d80f67091029,math:Orz57K,745,2026-04-23T05:38:15.969657Z,2026-04-23T05:41:37.687330Z,201.717673,1,True,True,False,0.0,0.0,0.004957423834648341,0.0,0.0,,1972,3802,5774,201.0133469440043,201.0133469440043,,,5774.0,0.0,1.0,1.0
0911ecf8-5b2b-4a86-9fd6-c3be3b665428,math:Orz57K,746,2026-04-23T05:38:17.730432Z,2026-04-23T05:41:39.541675Z,201.811243,1,True,True,False,0.0,0.0,0.0049551253197523785,0.0,0.0,,2036,305,2341,201.06722378599807,201.06722378599807,,,2341.0,0.0,1.0,1.0
59f141bf-4c0a-4072-a0b7-3a389a71a6f1,math:Orz57K,747,2026-04-23T05:38:21.501495Z,2026-04-23T05:44:27.467116Z,365.965621,1,True,True,True,1.0,1.0,0.0027324971052403854,0.0027324971052403854,0.0,,4851,227,5078,363.4642400169978,363.4642400169978,,,5078.0,0.0,1.0,1.0
784c6af2-d3b5-47cf-a373-776d5f82fa71,math:Orz57K,748,2026-04-23T05:38:26.851334Z,2026-04-23T05:42:05.997452Z,219.146118,1,True,True,False,0.0,0.0,0.004563165476652431,0.0,0.0,,1995,4096,6091,218.42039804699016,218.42039804699016,,,6091.0,0.0,1.0,1.0
70fcec16-ac85-4c3c-a3a3-d7da68a1a3bb,math:Orz57K,749,2026-04-23T05:38:30.352398Z,2026-04-23T05:42:10.822279Z,220.469881,1,True,True,True,1.0,1.0,0.0045357669513143165,0.0045357669513143165,0.0,,2007,817,2824,219.74259040900506,219.74259040900506,,,2824.0,0.0,1.0,1.0
ae750ed1-470c-4740-b740-7aaad0c61a68,math:Orz57K,746,2026-04-23T05:38:33.262434Z,2026-04-23T05:42:12.665894Z,219.40346,1,True,True,False,0.0,0.0,0.00455781326329129,0.0,0.0,,2036,305,2341,218.64086781699734,218.64086781699734,,,2341.0,0.0,1.0,1.0
757c9ef8-e223-44a1-b370-8706b51dc7b1,math:Orz57K,747,2026-04-23T05:38:35.014809Z,2026-04-23T05:44:40.484868Z,365.470059,1,True,True,True,1.0,1.0,0.0027362022561744246,0.0027362022561744246,0.0,,4851,227,5078,363.01233497000067,363.01233497000067,,,5078.0,0.0,1.0,1.0
986e603b-fc3e-44f8-bda7-763c15e5e91b,math:Orz57K,748,2026-04-23T05:38:40.427639Z,2026-04-23T05:42:39.109321Z,238.681682,1,True,True,False,0.0,0.0,0.004189680546997318,0.0,0.0,,1995,4096,6091,237.94496448000427,237.94496448000427,,,6091.0,0.0,1.0,1.0
1bb7a592-9d5c-429d-9e75-f856ed0aabab,math:Orz57K,749,2026-04-23T05:38:44.225953Z,2026-04-23T05:42:43.911163Z,239.68521,1,True,True,True,1.0,1.0,0.004172138948414881,0.004172138948414881,0.0,,2007,817,2824,238.9669494950067,238.9669494950067,,,2824.0,0.0,1.0,1.0
28e56275-1b44-4e43-8d1f-9d6ac2748aff,math:Orz57K,750,2026-04-23T05:38:47.789256Z,2026-04-23T05:42:49.546765Z,241.757509,1,True,True,False,0.0,0.0,0.0041363761735318015,0.0,0.0,,1956,950,2906,240.9448488860071,240.9448488860071,,,2906.0,0.0,1.0,1.0
fba8d6c0-7574-4623-b62b-cf3cc1603e25,math:Orz57K,747,2026-04-23T05:38:48.764343Z,2026-04-23T05:44:48.808392Z,360.044049,1,True,True,True,1.0,1.0,0.0027774379351011022,0.0027774379351011022,0.0,,4851,227,5078,357.51570769699174,357.51570769699174,,,5078.0,0.0,1.0,1.0
338a170d-38d7-45e8-bd8d-2abad1445d4b,math:Orz57K,748,2026-04-23T05:38:54.129515Z,2026-04-23T05:43:15.975510Z,261.845995,1,True,True,False,0.0,0.0,0.0038190387445108716,0.0,0.0,,1995,4096,6091,261.1380071090098,261.1380071090098,,,6091.0,0.0,1.0,1.0
3ac52e5c-79ce-47c4-aae5-dace3baacd44,math:Orz57K,749,2026-04-23T05:38:55.947267Z,2026-04-23T05:43:20.757918Z,264.810651,1,True,True,True,1.0,1.0,0.0037762831525987224,0.0037762831525987224,0.0,,2007,817,2824,264.0910927100049,264.0910927100049,,,2824.0,0.0,1.0,1.0
af440b69-0b7a-41fb-b932-4784c5506572,math:Orz57K,750,2026-04-23T05:38:59.668178Z,2026-04-23T05:43:26.402329Z,266.734151,1,True,True,False,0.0,0.0,0.003749051241661215,0.0,0.0,,1956,950,2906,265.8838757050107,265.8838757050107,,,2906.0,0.0,1.0,1.0
00771d6a-7d12-46ed-848f-f4778c5fd5f3,math:Orz57K,751,2026-04-23T05:39:03.231335Z,2026-04-23T05:43:28.605017Z,265.373682,1,True,True,True,1.0,1.0,0.0037682711882484265,0.0037682711882484265,0.0,,2092,394,2486,264.628408871009,264.628408871009,,,2486.0,0.0,1.0,1.0
6804b256-a261-4cb8-900e-792725dbc8c3,math:Orz57K,748,2026-04-23T05:39:04.229789Z,2026-04-23T05:45:05.080323Z,360.850534,1,True,True,True,1.0,1.0,0.002771230484031929,0.002771230484031929,0.0,,4347,353,4700,358.39747091699974,358.39747091699974,,,4700.0,0.0,1.0,1.0
c8e3c1e1-9c55-4e4b-852f-3cfcdddf850e,math:Orz57K,749,2026-04-23T05:39:25.030158Z,2026-04-23T05:43:35.209773Z,250.179615,1,True,True,True,1.0,1.0,0.003997128223256719,0.003997128223256719,0.0,,2007,817,2824,249.44500856599188,249.44500856599188,,,2824.0,0.0,1.0,1.0
6286c54f-d089-4d61-8db4-ab13ceb2585b,math:Orz57K,750,2026-04-23T05:39:28.878174Z,2026-04-23T05:43:40.843406Z,251.965232,1,True,True,False,0.0,0.0,0.0039688015368723574,0.0,0.0,,1956,950,2906,251.1647550159978,251.1647550159978,,,2906.0,0.0,1.0,1.0
790e572c-2088-48de-8e19-0eabf39e8cb1,math:Orz57K,751,2026-04-23T05:39:32.388265Z,2026-04-23T05:43:43.099306Z,250.711041,1,True,True,True,1.0,1.0,0.003988655609307609,0.003988655609307609,0.0,,2092,394,2486,249.9800754159951,249.9800754159951,,,2486.0,0.0,1.0,1.0
43e53d63-b69d-4277-8655-995c8074db10,math:Orz57K,752,2026-04-23T05:39:33.422351Z,2026-04-23T05:43:46.250941Z,252.82859,1,True,True,True,1.0,1.0,0.00395524889016705,0.00395524889016705,0.0,,2075,543,2618,252.1174608230067,252.1174608230067,,,2618.0,0.0,1.0,1.0
c99dfa94-c56b-4e8b-a088-8fd42d0a07d0,math:Orz57K,749,2026-04-23T05:39:54.179249Z,2026-04-23T05:43:51.013491Z,236.834242,1,True,True,True,1.0,1.0,0.004222362406530724,0.004222362406530724,0.0,,2007,817,2824,236.10518749400217,236.10518749400217,,,2824.0,0.0,1.0,1.0
eabd364b-22de-48ee-8c87-1530bcd4e5e7,math:Orz57K,750,2026-04-23T05:39:55.983997Z,2026-04-23T05:43:56.612579Z,240.628582,1,True,True,False,0.0,0.0,0.004155782291897477,0.0,0.0,,1956,950,2906,239.8068842979992,239.8068842979992,,,2906.0,0.0,1.0,1.0
3fa1c0b1-a44c-4b3f-ad99-dce5087c5633,math:Orz57K,751,2026-04-23T05:39:59.546088Z,2026-04-23T05:43:58.802864Z,239.256776,1,True,True,True,1.0,1.0,0.004179609943419115,0.004179609943419115,0.0,,2092,394,2486,238.53717402400798,238.53717402400798,,,2486.0,0.0,1.0,1.0
062e9e91-8505-4c89-b146-96077d26c22f,math:Orz57K,752,2026-04-23T05:40:00.477373Z,2026-04-23T05:44:01.939570Z,241.462197,1,True,True,True,1.0,1.0,0.004141435025541493,0.004141435025541493,0.0,,2075,543,2618,240.72938103199704,240.72938103199704,,,2618.0,0.0,1.0,1.0
59831593-537b-4d7e-a387-f1c016a66e6b,math:Orz57K,753,2026-04-23T05:40:21.355942Z,2026-04-23T05:44:05.563769Z,224.207827,1,True,True,False,0.0,0.0,0.004460147593330896,0.0,0.0,,1942,621,2563,223.45089016199927,223.45089016199927,,,2563.0,0.0,1.0,1.0
57a4c325-b7c2-4e7d-9b35-b9ac1763b902,math:Orz57K,750,2026-04-23T05:40:23.160841Z,2026-04-23T05:44:11.179832Z,228.018991,1,True,True,False,0.0,0.0,0.00438559961876158,0.0,0.0,,1956,950,2906,227.20239536000008,227.20239536000008,,,2906.0,0.0,1.0,1.0
d5a59cea-f15b-45c4-8b93-de05a588b6f6,math:Orz57K,751,2026-04-23T05:40:25.460603Z,2026-04-23T05:44:13.619233Z,228.15863,1,True,True,True,1.0,1.0,0.004382915518032345,0.004382915518032345,0.0,,2092,394,2486,227.4080500609998,227.4080500609998,,,2486.0,0.0,1.0,1.0
8ab52fd6-400e-4860-a54c-c22dd732ec72,math:Orz57K,752,2026-04-23T05:40:46.233251Z,2026-04-23T05:44:16.756829Z,210.523578,1,True,True,True,1.0,1.0,0.004750061772178317,0.004750061772178317,0.0,,2075,543,2618,209.80145799501042,209.80145799501042,,,2618.0,0.0,1.0,1.0
7e8969ad-9259-477e-8351-b89a99cf645a,math:Orz57K,753,2026-04-23T05:40:48.053723Z,2026-04-23T05:44:20.373630Z,212.319907,1,True,True,False,0.0,0.0,0.004709873954494526,0.0,0.0,,1942,621,2563,211.581111624997,211.581111624997,,,2563.0,0.0,1.0,1.0
6e5727b6-e993-444a-a4f8-d09d306b357d,math:Orz57K,754,2026-04-23T05:41:14.543317Z,2026-04-23T05:44:21.864174Z,187.320857,1,True,True,False,0.0,0.0,0.0053384338296082,0.0,0.0,,1939,233,2172,186.5763730940089,186.5763730940089,,,2172.0,0.0,1.0,1.0
c1da1e06-2444-440f-8b20-8754c29e476c,math:Orz57K,751,2026-04-23T05:41:37.712303Z,2026-04-23T05:44:24.155743Z,166.44344,1,True,True,True,1.0,1.0,0.00600804693774654,0.00600804693774654,0.0,,2092,394,2486,165.70590728300158,165.70590728300158,,,2486.0,0.0,1.0,1.0
664fe159-51d6-4247-a255-0b9215b76191,math:Orz57K,752,2026-04-23T05:41:39.566652Z,2026-04-23T05:44:27.293764Z,167.727112,1,True,True,True,1.0,1.0,0.0059620653338382165,0.0059620653338382165,0.0,,2075,543,2618,166.9998341939936,166.9998341939936,,,2618.0,0.0,1.0,1.0
aa906deb-fd7a-4038-b3ac-d8d14e73ccf6,math:Orz57K,753,2026-04-23T05:42:06.023450Z,2026-04-23T05:44:31.050753Z,145.027303,1,True,True,False,0.0,0.0,0.006895253371704775,0.0,0.0,,1942,621,2563,144.26126061000105,144.26126061000105,,,2563.0,0.0,1.0,1.0
fbb8a875-a8f9-47d8-b8ba-64778a543062,math:Orz57K,754,2026-04-23T05:42:10.846612Z,2026-04-23T05:44:32.303597Z,141.456985,1,True,True,False,0.0,0.0,0.007069286822421671,0.0,0.0,,1939,233,2172,140.74732487399888,140.74732487399888,,,2172.0,0.0,1.0,1.0
5f2b2db6-8a56-4d8a-87a6-8ceb951942e5,math:Orz57K,755,2026-04-23T05:42:12.690418Z,2026-04-23T05:44:40.366469Z,147.676051,1,True,True,False,0.0,0.0,0.006771578690169607,0.0,0.0,,1961,1353,3314,146.9176749860053,146.9176749860053,,,3314.0,0.0,1.0,1.0
5b91e183-2d6f-4f69-af2f-8448ed97aa4c,math:Orz57K,752,2026-04-23T05:42:39.133556Z,2026-04-23T05:44:43.690404Z,124.556848,1,True,True,True,1.0,1.0,0.008028462634186119,0.008028462634186119,0.0,,2075,543,2618,123.81818570199539,123.81818570199539,,,2618.0,0.0,1.0,1.0
f97ee7ed-831c-476d-b1e6-9f77d4f34098,math:Orz57K,753,2026-04-23T05:42:43.935010Z,2026-04-23T05:44:47.344499Z,123.409489,1,True,True,False,0.0,0.0,0.00810310461620986,0.0,0.0,,1942,621,2563,122.63101968998672,122.63101968998672,,,2563.0,0.0,1.0,1.0
b2cce0f9-cf06-4ece-b231-35108f47c35f,math:Orz57K,754,2026-04-23T05:42:49.572324Z,2026-04-23T05:44:48.639606Z,119.067282,1,True,True,False,0.0,0.0,0.00839861281120031,0.0,0.0,,1939,233,2172,118.35763891699025,118.35763891699025,,,2172.0,0.0,1.0,1.0
3de11384-1712-42db-a2a5-02b46044fca6,math:Orz57K,755,2026-04-23T05:43:15.999946Z,2026-04-23T05:44:56.734657Z,100.734711,1,True,True,False,0.0,0.0,0.00992706476320759,0.0,0.0,,1961,1353,3314,99.97913219399925,99.97913219399925,,,3314.0,0.0,1.0,1.0
1a9991f4-65a8-4453-a016-60bd8bbbab95,math:Orz57K,756,2026-04-23T05:43:20.790524Z,2026-04-23T05:44:59.939577Z,99.149053,1,True,True,True,1.0,1.0,0.010085825025479568,0.010085825025479568,0.0,,1940,554,2494,98.38961839600233,98.38961839600233,,,2494.0,0.0,1.0,1.0
527478d4-9373-4af2-905a-de6b9eaea3fb,math:Orz57K,753,2026-04-23T05:43:26.427648Z,2026-04-23T05:45:03.479543Z,97.051895,1,True,True,False,0.0,0.0,0.010303765835793314,0.0,0.0,,1942,621,2563,96.30379899698892,96.30379899698892,,,2563.0,0.0,1.0,1.0
e58d85a8-f7e6-4b93-b0a1-4e25de5196cf,math:Orz57K,754,2026-04-23T05:43:28.629127Z,2026-04-23T05:45:04.803146Z,96.174019,1,True,True,False,0.0,0.0,0.010397818562620327,0.0,0.0,,1939,233,2172,95.46906382300949,95.46906382300949,,,2172.0,0.0,1.0,1.0
528d8d3e-9d97-4579-b05e-863c0bb0f89d,math:Orz57K,755,2026-04-23T05:43:35.232669Z,2026-04-23T05:45:13.096472Z,97.863803,1,True,True,False,0.0,0.0,0.010218282647364522,0.0,0.0,,1961,1353,3314,97.09361439500935,97.09361439500935,,,3314.0,0.0,1.0,1.0
437d15bf-8c06-43ca-bcdf-b6d7555c6437,math:Orz57K,756,2026-04-23T05:43:40.867658Z,2026-04-23T05:45:16.292479Z,95.424821,1,True,True,True,1.0,1.0,0.010479453768113435,0.010479453768113435,0.0,,1940,554,2494,94.68855770899972,94.68855770899972,,,2494.0,0.0,1.0,1.0
f1791595-1882-41e8-acd4-18136a1a2260,math:Orz57K,757,2026-04-23T05:43:43.125647Z,2026-04-23T05:45:20.195320Z,97.069673,1,True,True,False,0.0,0.0,0.01030187873405116,0.0,0.0,,2052,670,2722,96.3162632809981,96.3162632809981,,,2722.0,0.0,1.0,1.0
eb6b6f68-3d0f-48de-bfb3-7b36847cc0b2,math:Orz57K,754,2026-04-23T05:43:46.276241Z,2026-04-23T05:45:21.492293Z,95.216052,1,True,True,False,0.0,0.0,0.01050243082962524,0.0,0.0,,1939,233,2172,94.51719452001271,94.51719452001271,,,2172.0,0.0,1.0,1.0
05a58c39-bf5f-4035-a976-b32054a0a97e,math:Orz57K,755,2026-04-23T05:43:51.038079Z,2026-04-23T05:45:29.457378Z,98.419299,1,True,True,False,0.0,0.0,0.010160608845628945,0.0,0.0,,1961,1353,3314,97.66804675999447,97.66804675999447,,,3314.0,0.0,1.0,1.0
e99b7192-aed6-4ac8-adb7-e3f67c8d2fed,math:Orz57K,756,2026-04-23T05:43:56.636269Z,2026-04-23T05:45:32.609059Z,95.97279,1,True,True,True,1.0,1.0,0.010419619977704096,0.010419619977704096,0.0,,1940,554,2494,95.24943104700651,95.24943104700651,,,2494.0,0.0,1.0,1.0
ff23d405-c5e7-4ddd-90f6-797b33b61a1b,math:Orz57K,757,2026-04-23T05:43:58.826791Z,2026-04-23T05:45:36.574484Z,97.747693,1,True,True,False,0.0,0.0,0.010230420476522142,0.0,0.0,,2052,670,2722,96.99554459498904,96.99554459498904,,,2722.0,0.0,1.0,1.0
22b5e02b-30f3-44d7-a06a-7fe467d817ec,math:Orz57K,758,2026-04-23T05:44:01.962126Z,2026-04-23T05:45:42.660945Z,100.698819,1,True,True,True,1.0,1.0,0.009930603059009063,0.009930603059009063,0.0,,1981,1039,3020,99.99289923299511,99.99289923299511,,,3020.0,0.0,1.0,1.0
0933839e-65f5-4797-b0bf-6a8bf6681b25,math:Orz57K,755,2026-04-23T05:44:05.589406Z,2026-04-23T05:45:50.654375Z,105.064969,1,True,True,False,0.0,0.0,0.009517920287969626,0.0,0.0,,1961,1353,3314,104.31678417099465,104.31678417099465,,,3314.0,0.0,1.0,1.0
45b419d7-2303-4055-9eef-25ba39b51baf,math:Orz57K,756,2026-04-23T05:44:11.203153Z,2026-04-23T05:45:53.846064Z,102.642911,1,True,True,True,1.0,1.0,0.009742514025152697,0.009742514025152697,0.0,,1940,554,2494,101.9009190039942,101.9009190039942,,,2494.0,0.0,1.0,1.0
dc5aef33-fbb2-47c9-be6c-f16ede453501,math:Orz57K,757,2026-04-23T05:44:11.276105Z,2026-04-23T05:45:57.749760Z,106.473655,1,True,True,False,0.0,0.0,0.009391994667601109,0.0,0.0,,2052,670,2722,105.72210014499433,105.72210014499433,,,2722.0,0.0,1.0,1.0
51d0ae62-f3fb-4802-a07f-bc1634a30926,math:Orz57K,758,2026-04-23T05:44:13.644811Z,2026-04-23T05:46:03.711191Z,110.06638,1,True,True,True,1.0,1.0,0.009085426449021036,0.009085426449021036,0.0,,1981,1039,3020,109.34083527799521,109.34083527799521,,,3020.0,0.0,1.0,1.0
0e197c26-909c-4a9c-9621-4084a7b858f7,math:Orz57K,759,2026-04-23T05:44:16.781903Z,2026-04-23T05:46:05.084972Z,108.303069,1,True,True,False,0.0,0.0,0.009233348687468865,0.0,0.0,,1960,232,2192,107.56884494998667,107.56884494998667,,,2192.0,0.0,1.0,1.0
8307ca4c-4269-48e1-975f-c1845875e169,math:Orz57K,756,2026-04-23T05:44:20.398467Z,2026-04-23T05:46:08.320909Z,107.922442,1,True,True,True,1.0,1.0,0.009265913386207476,0.009265913386207476,0.0,,1940,554,2494,107.18398898199666,107.18398898199666,,,2494.0,0.0,1.0,1.0
f8925496-a3e8-49b6-9d61-98f4f3b31a3e,math:Orz57K,757,2026-04-23T05:44:20.540115Z,2026-04-23T05:46:12.293989Z,111.753874,1,True,True,False,0.0,0.0,0.008948235655794804,0.0,0.0,,2052,670,2722,110.99760289701226,110.99760289701226,,,2722.0,0.0,1.0,1.0
de9f0a8a-76cc-47f2-8313-23ee72dc0c1b,math:Orz57K,758,2026-04-23T05:44:21.888169Z,2026-04-23T05:46:18.405589Z,116.51742,1,True,True,True,1.0,1.0,0.00858240767775325,0.00858240767775325,0.0,,1981,1039,3020,115.7513986749982,115.7513986749982,,,3020.0,0.0,1.0,1.0
915fad40-419e-46dc-b516-eb53a162318d,math:Orz57K,759,2026-04-23T05:44:24.180398Z,2026-04-23T05:46:19.707281Z,115.526883,1,True,True,False,0.0,0.0,0.008655993947313544,0.0,0.0,,1960,232,2192,114.80013204799616,114.80013204799616,,,2192.0,0.0,1.0,1.0
b3b2f0ac-35ed-4f4a-92b0-87f8b55d3ac3,math:Orz57K,760,2026-04-23T05:44:27.317235Z,2026-04-23T05:47:49.214801Z,201.897566,1,True,True,True,1.0,1.0,0.0049530067143058075,0.0049530067143058075,0.0,,4036,111,4147,199.44501755399688,199.44501755399688,,,4147.0,0.0,1.0,1.0
c3155a89-b25e-476f-95c9-2cc9ae0a398e,math:Orz57K,757,2026-04-23T05:44:27.491618Z,2026-04-23T05:46:24.095059Z,116.603441,1,True,True,False,0.0,0.0,0.008576076241180567,0.0,0.0,,2052,670,2722,115.83105432199955,115.83105432199955,,,2722.0,0.0,1.0,1.0
8ec4b24a-21fb-4ee4-89d8-de7f23654bb8,math:Orz57K,758,2026-04-23T05:44:31.076008Z,2026-04-23T05:46:30.047378Z,118.97137,1,True,True,True,1.0,1.0,0.008405383580940524,0.008405383580940524,0.0,,1981,1039,3020,118.26302015699912,118.26302015699912,,,3020.0,0.0,1.0,1.0
89b161bd-0213-4cf5-ae01-665e2eb41195,math:Orz57K,759,2026-04-23T05:44:32.327970Z,2026-04-23T05:46:31.441847Z,119.113877,1,True,True,False,0.0,0.0,0.00839532743947206,0.0,0.0,,1960,232,2192,118.37550170799659,118.37550170799659,,,2192.0,0.0,1.0,1.0
1bf83306-7de8-40ed-acc0-378cd8701762,math:Orz57K,760,2026-04-23T05:44:40.392753Z,2026-04-23T05:47:57.444701Z,197.051948,1,True,True,True,1.0,1.0,0.005074803929367904,0.005074803929367904,0.0,,4036,111,4147,194.51880436400825,194.51880436400825,,,4147.0,0.0,1.0,1.0
1f3a0d44-d516-45d9-847d-e9c2e6fc8085,math:Orz57K,761,2026-04-23T05:44:40.508558Z,2026-04-23T05:46:35.072421Z,114.563863,1,True,True,True,1.0,1.0,0.008728755942875286,0.008728755942875286,0.0,,1992,557,2549,113.84655314699921,113.84655314699921,,,2549.0,0.0,1.0,1.0
2398de66-131d-44d1-ad8a-d3753c6b6927,math:Orz57K,758,2026-04-23T05:44:43.713988Z,2026-04-23T05:46:41.187598Z,117.47361,1,True,True,True,1.0,1.0,0.008512550180419244,0.008512550180419244,0.0,,1981,1039,3020,116.7463948079967,116.7463948079967,,,3020.0,0.0,1.0,1.0
4729c538-bbce-4ef7-a39d-83ea1fe0ca5d,math:Orz57K,759,2026-04-23T05:44:47.369591Z,2026-04-23T05:46:42.523048Z,115.153457,1,True,True,False,0.0,0.0,0.008684064083286704,0.0,0.0,,1960,232,2192,114.45287839599769,114.45287839599769,,,2192.0,0.0,1.0,1.0
8b2e2bef-83bc-4017-9d86-6f55599613b9,math:Orz57K,760,2026-04-23T05:44:48.664018Z,2026-04-23T05:48:03.404219Z,194.740201,1,True,True,True,1.0,1.0,0.00513504656390901,0.00513504656390901,0.0,,4036,111,4147,192.3334692290082,192.3334692290082,,,4147.0,0.0,1.0,1.0
682fd324-ac56-4bc7-96ae-720ab20c3a14,math:Orz57K,761,2026-04-23T05:44:48.832354Z,2026-04-23T05:46:46.250104Z,117.41775,1,True,True,True,1.0,1.0,0.008516599917814812,0.008516599917814812,0.0,,1992,557,2549,116.68188818900671,116.68188818900671,,,2549.0,0.0,1.0,1.0
a5b290db-431a-4258-8173-6ca2733a1c42,math:Orz57K,762,2026-04-23T05:44:56.760054Z,2026-04-23T05:46:50.560658Z,113.800604,1,True,True,False,0.0,0.0,0.00878729958234668,0.0,0.0,,2049,740,2789,113.05501097100205,113.05501097100205,,,2789.0,0.0,1.0,1.0
d5bbe290-8dc2-401d-ac4c-bc1e9bfb5027,math:Orz57K,759,2026-04-23T05:44:59.964321Z,2026-04-23T05:46:51.867821Z,111.9035,1,True,True,False,0.0,0.0,0.008936270983481303,0.0,0.0,,1960,232,2192,111.19085247500334,111.19085247500334,,,2192.0,0.0,1.0,1.0
18d6131d-bcd7-4d78-99cb-7c62104c438b,math:Orz57K,760,2026-04-23T05:45:03.504461Z,2026-04-23T05:48:09.532264Z,186.027803,1,True,True,True,1.0,1.0,0.00537554055831106,0.00537554055831106,0.0,,4036,111,4147,183.5835208889912,183.5835208889912,,,4147.0,0.0,1.0,1.0
37fe9c44-d373-4b0f-8e93-0c0d470b5afb,math:Orz57K,761,2026-04-23T05:45:04.829245Z,2026-04-23T05:46:55.548575Z,110.71933,1,True,True,True,1.0,1.0,0.009031846561932773,0.009031846561932773,0.0,,1992,557,2549,109.99890014799894,109.99890014799894,,,2549.0,0.0,1.0,1.0
da2cc0d7-41bc-4ceb-9258-de776f20d6ab,math:Orz57K,762,2026-04-23T05:45:05.102968Z,2026-04-23T05:46:59.874797Z,114.771829,1,True,True,False,0.0,0.0,0.008712939479251482,0.0,0.0,,2049,740,2789,114.00950537499739,114.00950537499739,,,2789.0,0.0,1.0,1.0
69fe0616-c6c5-414b-a8c2-74cb7148b006,math:Orz57K,763,2026-04-23T05:45:13.121123Z,2026-04-23T05:47:02.310220Z,109.189097,1,True,True,True,1.0,1.0,0.009158423574104657,0.009158423574104657,0.0,,1987,431,2418,108.47357607100275,108.47357607100275,,,2418.0,0.0,1.0,1.0
87259df4-6f1f-42f4-b49e-a132642dda51,math:Orz57K,760,2026-04-23T05:45:16.317871Z,2026-04-23T05:48:14.803631Z,178.48576,1,True,True,True,1.0,1.0,0.005602687855882733,0.005602687855882733,0.0,,4036,111,4147,176.05456226700335,176.05456226700335,,,4147.0,0.0,1.0,1.0
97f32d0a-4a39-4308-9ace-2fcf63db0582,math:Orz57K,761,2026-04-23T05:45:20.218390Z,2026-04-23T05:47:05.930641Z,105.712251,1,True,True,True,1.0,1.0,0.009459641531992352,0.009459641531992352,0.0,,1992,557,2549,104.99812264699722,104.99812264699722,,,2549.0,0.0,1.0,1.0
914fd906-a4e4-4884-acee-99044738f8ea,math:Orz57K,762,2026-04-23T05:45:21.516731Z,2026-04-23T05:47:10.326059Z,108.809328,1,True,True,False,0.0,0.0,0.009190388529924567,0.0,0.0,,2049,740,2789,108.05638009800168,108.05638009800168,,,2789.0,0.0,1.0,1.0
1b2f7885-8ee0-4079-ad59-c117362bc7f7,math:Orz57K,763,2026-04-23T05:45:29.480742Z,2026-04-23T05:47:12.828897Z,103.348155,1,True,True,True,1.0,1.0,0.009676031468583063,0.009676031468583063,0.0,,1987,431,2418,102.63103103399044,102.63103103399044,,,2418.0,0.0,1.0,1.0
5d1af91d-f1ff-4f3f-827b-e132169f6093,math:Orz57K,764,2026-04-23T05:45:32.632292Z,2026-04-23T05:47:16.292561Z,103.660269,1,True,True,True,1.0,1.0,0.009646897597767183,0.009646897597767183,0.0,,2163,582,2745,102.91300394400605,102.91300394400605,,,2745.0,0.0,1.0,1.0
aae98453-d816-4d35-bc03-da7656086dfd,math:Orz57K,761,2026-04-23T05:45:36.599246Z,2026-04-23T05:47:19.497076Z,102.89783,1,True,True,True,1.0,1.0,0.009718377928864,0.009718377928864,0.0,,1992,557,2549,102.17634931499197,102.17634931499197,,,2549.0,0.0,1.0,1.0
41bfd92a-e5d7-4c9f-82d4-761aae8bc7d8,math:Orz57K,762,2026-04-23T05:45:42.684991Z,2026-04-23T05:47:23.850417Z,101.165426,1,True,True,False,0.0,0.0,0.009884799971088938,0.0,0.0,,2049,740,2789,100.39260521900724,100.39260521900724,,,2789.0,0.0,1.0,1.0
eac7eeaf-0f0e-4c2e-a44c-fb5fa3032e19,math:Orz57K,763,2026-04-23T05:45:50.679655Z,2026-04-23T05:47:26.340815Z,95.66116,1,True,True,True,1.0,1.0,0.010453563389781182,0.010453563389781182,0.0,,1987,431,2418,94.91124555600982,94.91124555600982,,,2418.0,0.0,1.0,1.0
773bdbce-201e-477a-bade-ca9d0c0088e6,math:Orz57K,764,2026-04-23T05:45:53.870917Z,2026-04-23T05:47:29.712559Z,95.841642,1,True,True,True,1.0,1.0,0.010433878000545942,0.010433878000545942,0.0,,2163,582,2745,95.1025988140027,95.1025988140027,,,2745.0,0.0,1.0,1.0
eb0d9d23-63b8-4eb1-baf7-d625de651f89,math:Orz57K,765,2026-04-23T05:45:57.775759Z,2026-04-23T05:48:36.201826Z,158.426067,1,True,True,False,0.0,0.0,0.006312092567443463,0.0,0.0,,4445,681,5126,155.7874515979929,155.7874515979929,,,5126.0,0.0,1.0,1.0
33ccbbbb-94c6-4911-bc2c-be228bc4d14c,math:Orz57K,762,2026-04-23T05:46:03.736149Z,2026-04-23T05:47:35.898817Z,92.162668,1,True,True,False,0.0,0.0,0.010850380329701393,0.0,0.0,,2049,740,2789,91.40642430700245,91.40642430700245,,,2789.0,0.0,1.0,1.0
e74e5ba8-bb71-4b25-9cf3-f50cca882911,math:Orz57K,763,2026-04-23T05:46:05.110259Z,2026-04-23T05:47:38.424883Z,93.314624,1,True,True,True,1.0,1.0,0.010716433900006928,0.010716433900006928,0.0,,1987,431,2418,92.5638674889924,92.5638674889924,,,2418.0,0.0,1.0,1.0
710ec40f-0335-472f-9f0f-1670edc28a83,math:Orz57K,764,2026-04-23T05:46:08.345516Z,2026-04-23T05:47:41.844069Z,93.498553,1,True,True,True,1.0,1.0,0.010695352686367243,0.010695352686367243,0.0,,2163,582,2745,92.77488579400233,92.77488579400233,,,2745.0,0.0,1.0,1.0
3a286f75-f95d-4bb7-a0a4-130d4d3ade73,math:Orz57K,765,2026-04-23T05:46:12.318155Z,2026-04-23T05:48:47.697644Z,155.379489,1,True,True,False,0.0,0.0,0.006435855893437775,0.0,0.0,,4445,681,5126,152.71588413800055,152.71588413800055,,,5126.0,0.0,1.0,1.0
79cf5242-a595-4428-aad2-5c25fb2f8cd6,math:Orz57K,766,2026-04-23T05:46:18.430764Z,2026-04-23T05:47:46.441324Z,88.01056,1,True,True,False,0.0,0.0,0.011362272890889457,0.0,0.0,,2041,455,2496,87.24644430800981,87.24644430800981,,,2496.0,0.0,1.0,1.0
9011ccfb-7d3d-4728-9a6e-5091a50affb1,math:Orz57K,763,2026-04-23T05:46:19.731840Z,2026-04-23T05:47:48.954501Z,89.222661,1,True,True,True,1.0,1.0,0.011207914993703225,0.011207914993703225,0.0,,1987,431,2418,88.46358000600594,88.46358000600594,,,2418.0,0.0,1.0,1.0
31706cdd-0e1a-4f1a-afc4-ae1635ccc898,math:Orz57K,764,2026-04-23T05:46:24.119114Z,2026-04-23T05:47:52.595573Z,88.476459,1,True,True,True,1.0,1.0,0.01130244147768165,0.01130244147768165,0.0,,2163,582,2745,87.75480822699319,87.75480822699319,,,2745.0,0.0,1.0,1.0
ad519058-a9ea-4a41-bf6e-f15f460cd11a,math:Orz57K,765,2026-04-23T05:46:30.072617Z,2026-04-23T05:49:02.649924Z,152.577307,1,True,True,False,0.0,0.0,0.006554054594763559,0.0,0.0,,4445,681,5126,149.9596918210009,149.9596918210009,,,5126.0,0.0,1.0,1.0
d91509e5-0550-4f86-9c66-ff7b8ca5023b,math:Orz57K,766,2026-04-23T05:46:31.466577Z,2026-04-23T05:47:57.170331Z,85.703754,1,True,True,False,0.0,0.0,0.01166810032615374,0.0,0.0,,2041,455,2496,84.9296259900002,84.9296259900002,,,2496.0,0.0,1.0,1.0
0e8159ac-c7c6-4c34-8334-f16270111284,math:Orz57K,767,2026-04-23T05:46:35.097869Z,2026-04-23T05:49:09.385070Z,154.287201,1,True,True,True,1.0,1.0,0.006481419025807591,0.006481419025807591,0.0,,4115,91,4206,151.85963665299641,151.85963665299641,,,4206.0,0.0,1.0,1.0
93d6e316-1ef1-4de7-8277-16aef4dd40fc,math:Orz57K,764,2026-04-23T05:46:41.211716Z,2026-04-23T05:48:01.326067Z,80.114351,1,True,True,True,1.0,1.0,0.012482158159154282,0.012482158159154282,0.0,,2163,582,2745,79.38263754700893,79.38263754700893,,,2745.0,0.0,1.0,1.0
e3223a56-6a77-40b6-8d3d-6bb0255b4f90,math:Orz57K,765,2026-04-23T05:46:42.547630Z,2026-04-23T05:49:18.453771Z,155.906141,1,True,True,False,0.0,0.0,0.006414115528650023,0.0,0.0,,4445,681,5126,153.23051177698653,153.23051177698653,,,5126.0,0.0,1.0,1.0
3a3b226e-7d10-46a7-8040-2348f3b32a30,math:Orz57K,766,2026-04-23T05:46:46.275143Z,2026-04-23T05:48:06.174180Z,79.899037,1,True,True,False,0.0,0.0,0.012515795403141091,0.0,0.0,,2041,455,2496,79.08419811200292,79.08419811200292,,,2496.0,0.0,1.0,1.0
145fe09e-c046-4cba-8b66-4700d269ef64,math:Orz57K,767,2026-04-23T05:46:50.592954Z,2026-04-23T05:49:22.016690Z,151.423736,1,True,True,True,1.0,1.0,0.006603984463835974,0.006603984463835974,0.0,,4115,91,4206,149.0123876800062,149.0123876800062,,,4206.0,0.0,1.0,1.0
6c27d0f0-74d0-455d-80b2-e66831beb9db,math:Orz57K,768,2026-04-23T05:46:51.893139Z,2026-04-23T05:48:09.265293Z,77.372154,1,True,True,True,1.0,1.0,0.012924546471848257,0.012924546471848257,0.0,,1968,454,2422,76.64866010300466,76.64866010300466,,,2422.0,0.0,1.0,1.0
08b35979-dcd5-42a2-9073-0ae81e30a59c,math:Orz57K,765,2026-04-23T05:46:55.573167Z,2026-04-23T05:55:33.182705Z,517.609538,1,True,True,False,0.0,0.0,0.0019319582167359518,0.0,0.0,,10114,1270,11384,511.3925592350133,511.3925592350133,,,11384.0,0.0,1.0,1.0
bd2d7d12-b484-4a10-964a-9ae3ce4f3e68,math:Orz57K,766,2026-04-23T05:46:59.899637Z,2026-04-23T05:48:14.118830Z,74.219193,1,True,True,False,0.0,0.0,0.013473603788712712,0.0,0.0,,2041,455,2496,73.45273602599627,73.45273602599627,,,2496.0,0.0,1.0,1.0
470e9bc9-dbf4-4bc8-a9bc-c8ce3bb6c632,math:Orz57K,767,2026-04-23T05:47:02.335351Z,2026-04-23T05:49:34.599804Z,152.264453,1,True,True,True,1.0,1.0,0.006567521048395977,0.006567521048395977,0.0,,4115,91,4206,149.74451445500017,149.74451445500017,,,4206.0,0.0,1.0,1.0
1646a870-b068-4608-a1fa-90c048665577,math:Orz57K,768,2026-04-23T05:47:05.955080Z,2026-04-23T05:48:17.521230Z,71.56615,1,True,True,True,1.0,1.0,0.013973086438211362,0.013973086438211362,0.0,,1968,454,2422,70.82510877399181,70.82510877399181,,,2422.0,0.0,1.0,1.0
ec98b159-74a0-44eb-8fa7-90673f7298ca,math:Orz57K,769,2026-04-23T05:47:10.351373Z,2026-04-23T05:48:21.122112Z,70.770739,1,True,True,False,0.0,0.0,0.014130133641814873,0.0,0.0,,1962,618,2580,70.0116592580016,70.0116592580016,,,2580.0,0.0,1.0,1.0
8e0d28ac-2180-4882-91e3-31c0de6b3b53,math:Orz57K,766,2026-04-23T05:47:12.853480Z,2026-04-23T05:48:23.800805Z,70.947325,1,True,True,False,0.0,0.0,0.01409496411598323,0.0,0.0,,2041,455,2496,70.18455209999229,70.18455209999229,,,2496.0,0.0,1.0,1.0
2970d3ff-2c75-47cc-bf6f-db32c9705bc9,math:Orz57K,767,2026-04-23T05:47:16.317746Z,2026-04-23T05:49:42.635061Z,146.317315,1,True,True,True,1.0,1.0,0.006834461116239045,0.006834461116239045,0.0,,4115,91,4206,143.8921070939832,143.8921070939832,,,4206.0,0.0,1.0,1.0
2c10c82f-639e-457b-b19f-bb7470196051,math:Orz57K,768,2026-04-23T05:47:19.522781Z,2026-04-23T05:48:26.911004Z,67.388223,1,True,True,True,1.0,1.0,0.014839388182116036,0.014839388182116036,0.0,,1968,454,2422,66.63557554200816,66.63557554200816,,,2422.0,0.0,1.0,1.0
8c5a05cd-a62b-46a0-ba7e-70c58bc8d985,math:Orz57K,769,2026-04-23T05:47:23.875363Z,2026-04-23T05:48:30.505333Z,66.62997,1,True,True,False,0.0,0.0,0.01500826129743117,0.0,0.0,,1962,618,2580,65.84982791700168,65.84982791700168,,,2580.0,0.0,1.0,1.0
df03dddf-39b9-4501-abb0-5dc2f3499626,math:Orz57K,770,2026-04-23T05:47:26.365565Z,2026-04-23T05:48:33.421605Z,67.05604,1,True,True,True,1.0,1.0,0.01491289971790759,0.01491289971790759,0.0,,1960,521,2481,66.32698217900179,66.32698217900179,,,2481.0,0.0,1.0,1.0
89388ba4-5d04-47b4-bbeb-6e3284c94b46,math:Orz57K,767,2026-04-23T05:47:29.737930Z,2026-04-23T05:49:50.260615Z,140.522685,1,True,True,True,1.0,1.0,0.007116288733025561,0.007116288733025561,0.0,,4115,91,4206,138.08116691900068,138.08116691900068,,,4206.0,0.0,1.0,1.0
3fdb72a7-5b50-4264-8a76-0cab70a6f088,math:Orz57K,768,2026-04-23T05:47:35.923198Z,2026-04-23T05:48:38.800225Z,62.877027,1,True,True,True,1.0,1.0,0.015904059840488323,0.015904059840488323,0.0,,1968,454,2422,62.11454613499518,62.11454613499518,,,2422.0,0.0,1.0,1.0
5d7fb57a-b224-409b-a762-02592528621f,math:Orz57K,769,2026-04-23T05:47:38.450723Z,2026-04-23T05:48:42.422372Z,63.971649,1,True,True,False,0.0,0.0,0.015631924698392564,0.0,0.0,,1962,618,2580,63.198000946009415,63.198000946009415,,,2580.0,0.0,1.0,1.0
5a669545-45b8-4a67-9740-3ab04528b39d,math:Orz57K,770,2026-04-23T05:47:41.869226Z,2026-04-23T05:48:45.434674Z,63.565448,1,True,True,True,1.0,1.0,0.015731817071437927,0.015731817071437927,0.0,,1960,521,2481,62.81116153400217,62.81116153400217,,,2481.0,0.0,1.0,1.0
078df034-c19f-47bb-bd42-87af8cf76107,math:Orz57K,771,2026-04-23T05:47:46.466604Z,2026-04-23T05:48:51.205155Z,64.738551,1,True,True,True,1.0,1.0,0.015446746715106428,0.015446746715106428,0.0,,1969,617,2586,63.9772835069889,63.9772835069889,,,2586.0,0.0,1.0,1.0
01601990-da14-4b06-b264-fc117d64d544,math:Orz57K,768,2026-04-23T05:47:48.979437Z,2026-04-23T05:48:53.811981Z,64.832544,1,True,True,True,1.0,1.0,0.015424352312937158,0.015424352312937158,0.0,,1968,454,2422,64.09051240200642,64.09051240200642,,,2422.0,0.0,1.0,1.0
9a4c521a-693d-48d2-aa60-cc78310cc577,math:Orz57K,769,2026-04-23T05:47:49.239037Z,2026-04-23T05:48:57.398866Z,68.159829,1,True,True,False,0.0,0.0,0.014671398309992825,0.0,0.0,,1962,618,2580,67.4006043739937,67.4006043739937,,,2580.0,0.0,1.0,1.0
25dd5500-f121-475e-892a-3cb2b81ffbf5,math:Orz57K,770,2026-04-23T05:47:52.618964Z,2026-04-23T05:49:00.380906Z,67.761942,1,True,True,True,1.0,1.0,0.014757546352493852,0.014757546352493852,0.0,,1960,521,2481,67.02865143600502,67.02865143600502,,,2481.0,0.0,1.0,1.0
83b7c632-bc7d-4e21-b927-027621758bf4,math:Orz57K,771,2026-04-23T05:47:57.197742Z,2026-04-23T05:49:06.103693Z,68.905951,1,True,True,True,1.0,1.0,0.014512534628540283,0.014512534628540283,0.0,,1969,617,2586,68.16250772900821,68.16250772900821,,,2586.0,0.0,1.0,1.0
6bc035a9-9de9-43de-822c-c1e5b7222014,math:Orz57K,772,2026-04-23T05:47:57.468257Z,2026-04-23T05:50:57.277148Z,179.808891,1,True,True,True,1.0,1.0,0.005561460250594616,0.005561460250594616,0.0,,4509,676,5185,177.2298891429964,177.2298891429964,,,5185.0,0.0,1.0,1.0
9a7ce70a-e08b-48ea-97ce-9ab60a62faaa,math:Orz57K,769,2026-04-23T05:48:01.349716Z,2026-04-23T05:49:13.115444Z,71.765728,1,True,True,False,0.0,0.0,0.013934227769555965,0.0,0.0,,1962,618,2580,71.00279258300725,71.00279258300725,,,2580.0,0.0,1.0,1.0
6eaba44b-74fc-452f-8f50-1b88acce403c,math:Orz57K,770,2026-04-23T05:48:03.428952Z,2026-04-23T05:49:16.164054Z,72.735102,1,True,True,True,1.0,1.0,0.013748519937457434,0.013748519937457434,0.0,,1960,521,2481,71.98601980999229,71.98601980999229,,,2481.0,0.0,1.0,1.0
cd9be2fc-7807-4ee2-a383-a7d6cd19adde,math:Orz57K,771,2026-04-23T05:48:06.197639Z,2026-04-23T05:49:21.925530Z,75.727891,1,True,True,True,1.0,1.0,0.013205174299651366,0.013205174299651366,0.0,,1969,617,2586,75.01176404299622,75.01176404299622,,,2586.0,0.0,1.0,1.0
92618a8a-d8f9-45a3-b35a-72fab6754f35,math:Orz57K,772,2026-04-23T05:48:09.290312Z,2026-04-23T05:51:42.335595Z,213.045283,1,True,True,True,1.0,1.0,0.004693837788466783,0.004693837788466783,0.0,,4509,676,5185,210.47732204399654,210.47732204399654,,,5185.0,0.0,1.0,1.0
d574b0f3-91a6-49bf-ad8f-3bbe2554b13d,math:Orz57K,773,2026-04-23T05:48:09.555457Z,2026-04-23T05:51:42.531898Z,212.976441,1,True,True,True,1.0,1.0,0.004695355013468368,0.004695355013468368,0.0,,4035,162,4197,210.43548151300638,210.43548151300638,,,4197.0,0.0,1.0,1.0
59794154-7aed-402f-885b-d190c8531e26,math:Orz57K,770,2026-04-23T05:48:14.144935Z,2026-04-23T05:49:30.969099Z,76.824164,1,True,True,True,1.0,1.0,0.013016737806609911,0.013016737806609911,0.0,,1960,521,2481,76.08140347000153,76.08140347000153,,,2481.0,0.0,1.0,1.0
c39a469f-7201-4477-b930-68b8b414774d,math:Orz57K,771,2026-04-23T05:48:14.827862Z,2026-04-23T05:49:34.492871Z,79.665009,1,True,True,True,1.0,1.0,0.012552562443067069,0.012552562443067069,0.0,,1969,617,2586,78.94795939300093,78.94795939300093,,,2586.0,0.0,1.0,1.0
904d8b04-c018-48b8-a46f-207973dd7cc0,math:Orz57K,772,2026-04-23T05:48:17.546365Z,2026-04-23T05:52:21.607346Z,244.060981,1,True,True,True,1.0,1.0,0.004097336640632449,0.004097336640632449,0.0,,4509,676,5185,241.51557293398946,241.51557293398946,,,5185.0,0.0,1.0,1.0
c0e2aa97-cccd-4d31-b623-e18ba94f871f,math:Orz57K,773,2026-04-23T05:48:21.144953Z,2026-04-23T05:52:21.831274Z,240.686321,1,True,True,True,1.0,1.0,0.004154785348187694,0.004154785348187694,0.0,,4035,162,4197,238.13599116299883,238.13599116299883,,,4197.0,0.0,1.0,1.0
30f7737b-2dae-452b-b84e-8069225585c6,math:Orz57K,774,2026-04-23T05:48:23.824167Z,2026-04-23T05:49:42.535565Z,78.711398,1,True,True,True,1.0,1.0,0.012704640311432406,0.012704640311432406,0.0,,1966,678,2644,77.99252926600457,77.99252926600457,,,2644.0,0.0,1.0,1.0
66de1e16-19e5-4a96-badc-a9c41594f4b1,math:Orz57K,771,2026-04-23T05:48:26.934276Z,2026-04-23T05:49:46.305551Z,79.371275,1,True,True,True,1.0,1.0,0.012599016457780225,0.012599016457780225,0.0,,1969,617,2586,78.61567280700547,78.61567280700547,,,2586.0,0.0,1.0,1.0
35d7aef0-4c7b-4f46-8f8c-b49912429e1b,math:Orz57K,772,2026-04-23T05:48:30.528292Z,2026-04-23T05:53:10.326130Z,279.797838,1,True,True,True,1.0,1.0,0.0035740090314779344,0.0035740090314779344,0.0,,4509,676,5185,277.1607717359875,277.1607717359875,,,5185.0,0.0,1.0,1.0
daca1460-d2c5-44ba-a692-84a23fd82b5f,math:Orz57K,773,2026-04-23T05:48:33.448135Z,2026-04-23T05:53:10.495974Z,277.047839,1,True,True,True,1.0,1.0,0.0036094849308678416,0.0036094849308678416,0.0,,4035,162,4197,274.5755164850125,274.5755164850125,,,4197.0,0.0,1.0,1.0
67438d75-c973-4c22-b279-1e2ef04940fc,math:Orz57K,774,2026-04-23T05:48:36.226233Z,2026-04-23T05:49:54.211358Z,77.985125,1,True,True,True,1.0,1.0,0.012822958224404974,0.012822958224404974,0.0,,1966,678,2644,77.2679725719936,77.2679725719936,,,2644.0,0.0,1.0,1.0
ef06e3c8-cdfa-4019-81fd-e06c3586d297,math:Orz57K,775,2026-04-23T05:48:38.825298Z,2026-04-23T05:49:56.570041Z,77.744743,1,True,True,True,1.0,1.0,0.012862606028551667,0.012862606028551667,0.0,,1976,404,2380,77.01913460501237,77.01913460501237,,,2380.0,0.0,1.0,1.0
3b6d92c3-a69e-4e68-b998-8bdde9ebbb1d,math:Orz57K,772,2026-04-23T05:48:42.448276Z,2026-04-23T05:53:25.196338Z,282.748062,1,True,True,True,1.0,1.0,0.003536717432920902,0.003536717432920902,0.0,,4509,676,5185,280.13001155501115,280.13001155501115,,,5185.0,0.0,1.0,1.0
716e1e07-4721-4685-9412-9f17ca24d76d,math:Orz57K,773,2026-04-23T05:48:45.459630Z,2026-04-23T05:53:25.338579Z,279.878949,1,True,True,True,1.0,1.0,0.003572973257091944,0.003572973257091944,0.0,,4035,162,4197,277.3030240349908,277.3030240349908,,,4197.0,0.0,1.0,1.0
f3939aea-1805-42e0-9880-280f36b6901d,math:Orz57K,774,2026-04-23T05:48:47.724369Z,2026-04-23T05:50:04.440280Z,76.715911,1,True,True,True,1.0,1.0,0.013035105585854282,0.013035105585854282,0.0,,1966,678,2644,75.98232684499817,75.98232684499817,,,2644.0,0.0,1.0,1.0
4bb935c7-fc6e-4a5c-adc1-579301618f5c,math:Orz57K,775,2026-04-23T05:48:51.229555Z,2026-04-23T05:50:06.726780Z,75.497225,1,True,True,True,1.0,1.0,0.013245519951229995,0.013245519951229995,0.0,,1976,404,2380,74.77298493099806,74.77298493099806,,,2380.0,0.0,1.0,1.0
81efc386-c337-4470-8d60-befde4e34b22,math:Orz57K,776,2026-04-23T05:48:53.834924Z,2026-04-23T05:50:15.401002Z,81.566078,1,True,True,True,1.0,1.0,0.012259998574407365,0.012259998574407365,0.0,,2051,1449,3500,80.84610154600523,80.84610154600523,,,3500.0,0.0,1.0,1.0
c275f9f8-63f0-426a-aefa-bfbec5a2489f,math:Orz57K,773,2026-04-23T05:48:57.423113Z,2026-04-23T05:53:57.859430Z,300.436317,1,True,True,True,1.0,1.0,0.0033284924072611373,0.0033284924072611373,0.0,,4035,162,4197,297.9388695789967,297.9388695789967,,,4197.0,0.0,1.0,1.0
6d7524d9-61b0-4c74-bbd0-ff9503805570,math:Orz57K,774,2026-04-23T05:49:00.406313Z,2026-04-23T05:50:20.104434Z,79.698121,1,True,True,True,1.0,1.0,0.01254734725803636,0.01254734725803636,0.0,,1966,678,2644,78.95826807299454,78.95826807299454,,,2644.0,0.0,1.0,1.0
fa4b09df-3be4-4d08-9ac1-90d42ee11c99,math:Orz57K,775,2026-04-23T05:49:02.674568Z,2026-04-23T05:50:22.463988Z,79.78942,1,True,True,True,1.0,1.0,0.012532989962829658,0.012532989962829658,0.0,,1976,404,2380,79.02686037600506,79.02686037600506,,,2380.0,0.0,1.0,1.0
6d701189-4ce2-4e68-ae72-05ceecc85543,math:Orz57K,776,2026-04-23T05:49:06.128430Z,2026-04-23T05:50:31.014203Z,84.885773,1,True,True,True,1.0,1.0,0.011780537122516397,0.011780537122516397,0.0,,2051,1449,3500,84.1401405390061,84.1401405390061,,,3500.0,0.0,1.0,1.0
b40f5eb2-1578-48ac-930f-f0bac73776b2,math:Orz57K,777,2026-04-23T05:49:09.409573Z,2026-04-23T05:50:56.278540Z,106.868967,1,True,True,False,0.0,0.0,0.0093572533549426,0.0,0.0,,2001,4096,6097,106.17896318399289,106.17896318399289,,,6097.0,0.0,1.0,1.0
a7f0884f-0b11-4e23-8062-bcec4e461ce6,math:Orz57K,774,2026-04-23T05:49:13.140126Z,2026-04-23T05:51:01.068061Z,107.927935,1,True,True,True,1.0,1.0,0.009265441796880483,0.009265441796880483,0.0,,1966,678,2644,107.21224747899396,107.21224747899396,,,2644.0,0.0,1.0,1.0
15cc639c-832f-4455-af95-26c6ff9788ea,math:Orz57K,775,2026-04-23T05:49:16.189390Z,2026-04-23T05:51:03.438071Z,107.248681,1,True,True,True,1.0,1.0,0.009324123995520281,0.009324123995520281,0.0,,1976,404,2380,106.48429274999944,106.48429274999944,,,2380.0,0.0,1.0,1.0
e39ed842-1878-462e-8099-8a9c2e44c2ed,math:Orz57K,776,2026-04-23T05:49:18.476881Z,2026-04-23T05:51:11.995829Z,113.518948,1,True,True,True,1.0,1.0,0.008809102071664724,0.008809102071664724,0.0,,2051,1449,3500,112.77328818300157,112.77328818300157,,,3500.0,0.0,1.0,1.0
ccc2be91-d129-4ba8-a72e-94ef8fdc0ceb,math:Orz57K,777,2026-04-23T05:49:21.950418Z,2026-04-23T05:51:37.166512Z,135.216094,1,True,True,False,0.0,0.0,0.007395569346944751,0.0,0.0,,2001,4096,6097,134.47662638199108,134.47662638199108,,,6097.0,0.0,1.0,1.0
86907689-f097-4b7d-98d6-c39d6940e6b6,math:Orz57K,778,2026-04-23T05:49:22.040591Z,2026-04-23T05:51:41.442663Z,139.402072,1,True,True,False,0.0,0.0,0.0071734945230943195,0.0,0.0,,1974,724,2698,138.64641321600357,138.64641321600357,,,2698.0,0.0,1.0,1.0
e30e3233-874a-4896-9722-c88f3ef5ae3b,math:Orz57K,775,2026-04-23T05:49:30.993788Z,2026-04-23T05:51:46.921938Z,135.92815,1,True,True,True,1.0,1.0,0.0073568278535388,0.0073568278535388,0.0,,1976,404,2380,135.20388229399396,135.20388229399396,,,2380.0,0.0,1.0,1.0
c5277e1c-5676-453b-8692-7e450e3e8989,math:Orz57K,776,2026-04-23T05:49:34.516838Z,2026-04-23T05:51:55.468794Z,140.951956,1,True,True,True,1.0,1.0,0.007094615983903055,0.007094615983903055,0.0,,2051,1449,3500,140.2321703530033,140.2321703530033,,,3500.0,0.0,1.0,1.0
97a629d0-6a8e-46f2-a25d-72968a15cb81,math:Orz57K,777,2026-04-23T05:49:34.622640Z,2026-04-23T05:52:20.678233Z,166.055593,1,True,True,False,0.0,0.0,0.006022079605593291,0.0,0.0,,2001,4096,6097,165.3602772710001,165.3602772710001,,,6097.0,0.0,1.0,1.0
e1543c61-5f1b-47a4-a64a-cbab8d090730,math:Orz57K,778,2026-04-23T05:49:42.559248Z,2026-04-23T05:52:26.048031Z,163.488783,1,True,True,False,0.0,0.0,0.006116627585392204,0.0,0.0,,1974,724,2698,162.7351233859954,162.7351233859954,,,2698.0,0.0,1.0,1.0
2d488798-6791-42dd-81ee-5736dcc95596,math:Orz57K,779,2026-04-23T05:49:42.660439Z,2026-04-23T05:52:35.522231Z,172.861792,1,True,True,False,0.0,0.0,0.005784968375197683,0.0,0.0,,1955,1611,3566,172.10968754300848,172.10968754300848,,,3566.0,0.0,1.0,1.0
07566148-719a-4bda-84b6-83cd7479d45d,math:Orz57K,776,2026-04-23T05:49:46.337537Z,2026-04-23T05:52:44.088392Z,177.750855,1,True,True,True,1.0,1.0,0.005625851982540393,0.005625851982540393,0.0,,2051,1449,3500,177.03396990000329,177.03396990000329,,,3500.0,0.0,1.0,1.0
8b3e987c-d84d-4169-9dd0-c48916ac2732,math:Orz57K,777,2026-04-23T05:49:50.285743Z,2026-04-23T05:53:09.408110Z,199.122367,1,True,True,False,0.0,0.0,0.0050220375293148255,0.0,0.0,,2001,4096,6097,198.3653941030061,198.3653941030061,,,6097.0,0.0,1.0,1.0
4aefc2b9-a257-48f1-a0ef-d3fa9f60d573,math:Orz57K,778,2026-04-23T05:49:54.236828Z,2026-04-23T05:53:14.798448Z,200.56162,1,True,True,False,0.0,0.0,0.004985998816722761,0.0,0.0,,1974,724,2698,199.78627914300887,199.78627914300887,,,2698.0,0.0,1.0,1.0
d7aaa945-5ea2-492d-950a-f33da4efa6a5,math:Orz57K,779,2026-04-23T05:49:56.595196Z,2026-04-23T05:53:24.297025Z,207.701829,1,True,True,False,0.0,0.0,0.004814594097772726,0.0,0.0,,1955,1611,3566,206.92689897298987,206.92689897298987,,,3566.0,0.0,1.0,1.0
d423308e-32d8-463f-8ead-e5b35e6ca9ff,math:Orz57K,780,2026-04-23T05:50:04.465919Z,2026-04-23T05:53:28.148404Z,203.682485,1,True,True,True,1.0,1.0,0.004909602315584474,0.004909602315584474,0.0,,1990,484,2474,202.9621028620022,202.9621028620022,,,2474.0,0.0,1.0,1.0
a1757dee-0913-40f5-90ef-5091868f0b7d,math:Orz57K,777,2026-04-23T05:50:06.752206Z,2026-04-23T05:53:53.363769Z,226.611563,1,True,True,False,0.0,0.0,0.004412837486143635,0.0,0.0,,2001,4096,6097,225.8904829940002,225.8904829940002,,,6097.0,0.0,1.0,1.0
3e21c4a7-b05a-47a3-988f-daaa094d2565,math:Orz57K,778,2026-04-23T05:50:15.426894Z,2026-04-23T05:53:57.635680Z,222.208786,1,True,True,False,0.0,0.0,0.0045002720999519795,0.0,0.0,,1974,724,2698,221.42483201700088,221.42483201700088,,,2698.0,0.0,1.0,1.0
6b134e53-c80f-46d4-a1be-ab1fbed51c55,math:Orz57K,779,2026-04-23T05:50:20.129436Z,2026-04-23T05:54:07.290449Z,227.161013,1,True,True,False,0.0,0.0,0.004402163851945844,0.0,0.0,,1955,1611,3566,226.41152196399344,226.41152196399344,,,3566.0,0.0,1.0,1.0
4fecf607-906e-441a-be03-f81486a41159,math:Orz57K,780,2026-04-23T05:50:22.489084Z,2026-04-23T05:54:10.126898Z,227.637814,1,True,True,True,1.0,1.0,0.004392943256782461,0.004392943256782461,0.0,,1990,484,2474,226.9130701559916,226.9130701559916,,,2474.0,0.0,1.0,1.0
8f09415a-ee4c-43d8-9cc3-9ab78b529612,math:Orz57K,781,2026-04-23T05:50:31.040001Z,2026-04-23T05:57:51.554127Z,440.514126,1,True,True,False,0.0,0.0,0.00227007476259683,0.0,0.0,,4127,113,4240,438.0356001750042,438.0356001750042,,,4240.0,0.0,1.0,1.0
4b2e4a29-80cb-484b-b2b0-073adf1a3936,math:Orz57K,778,2026-04-23T05:50:56.301494Z,2026-04-23T05:54:15.033306Z,198.731812,1,True,True,False,0.0,0.0,0.005031907020502586,0.0,0.0,,1974,724,2698,197.9574005730101,197.9574005730101,,,2698.0,0.0,1.0,1.0
0d7686d8-3a2d-4938-9778-398a73300f64,math:Orz57K,779,2026-04-23T05:50:57.304545Z,2026-04-23T05:54:24.503475Z,207.19893,1,True,True,False,0.0,0.0,0.004826279749610677,0.0,0.0,,1955,1611,3566,206.45552969900018,206.45552969900018,,,3566.0,0.0,1.0,1.0
82941fae-9a02-418d-9c25-1936941f9e7c,math:Orz57K,780,2026-04-23T05:51:01.092592Z,2026-04-23T05:54:27.304820Z,206.212228,1,True,True,True,1.0,1.0,0.004849372947951467,0.004849372947951467,0.0,,1990,484,2474,205.4591202439915,205.4591202439915,,,2474.0,0.0,1.0,1.0
20765568-5fa2-46ed-b3e3-800ce487a177,math:Orz57K,781,2026-04-23T05:51:03.461659Z,2026-04-23T05:57:57.649976Z,414.188317,1,True,True,False,0.0,0.0,0.002414360712158861,0.0,0.0,,4127,113,4240,411.66066802800924,411.66066802800924,,,4240.0,0.0,1.0,1.0
8c79e8ee-0b34-4b89-a30a-5167db9ef241,math:Orz57K,782,2026-04-23T05:51:12.020465Z,2026-04-23T06:00:46.760849Z,574.740384,1,True,True,False,0.0,0.0,0.001739916017455283,0.0,0.0,,14686,7204,21890,570.563619515,570.563619515,,,21890.0,0.0,1.0,1.0
2731707a-fd86-4a61-8779-74a664aa58a2,math:Orz57K,779,2026-04-23T05:51:37.191783Z,2026-04-23T05:55:02.523387Z,205.331604,1,True,True,False,0.0,0.0,0.004870170887088575,0.0,0.0,,1955,1611,3566,204.58346220100066,204.58346220100066,,,3566.0,0.0,1.0,1.0
5d9011f0-f921-4e89-bf84-eb3f9c99f4c1,math:Orz57K,780,2026-04-23T05:51:41.467975Z,2026-04-23T05:55:05.297393Z,203.829418,1,True,True,True,1.0,1.0,0.0049060631669958455,0.0049060631669958455,0.0,,1990,484,2474,203.0917913739977,203.0917913739977,,,2474.0,0.0,1.0,1.0
ff282415-5883-4fc7-ac2c-ea309bf1d231,math:Orz57K,781,2026-04-23T05:51:42.363141Z,2026-04-23T05:58:05.821536Z,383.458395,1,True,True,False,0.0,0.0,0.0026078448484613305,0.0,0.0,,4127,113,4240,380.8909086190106,380.8909086190106,,,4240.0,0.0,1.0,1.0
cc02b163-974c-4e0a-87a2-fe1c5de8ad0f,math:Orz57K,782,2026-04-23T05:51:42.555950Z,2026-04-23T06:01:25.300050Z,582.7441,1,True,True,False,0.0,0.0,0.0017160190896827613,0.0,0.0,,14686,7204,21890,578.4417040530097,578.4417040530097,,,21890.0,0.0,1.0,1.0
1dd0bc5a-9437-4297-a76a-0d2ceae61247,math:Orz57K,783,2026-04-23T05:51:46.946653Z,2026-04-23T05:55:41.533209Z,234.586556,1,True,True,True,1.0,1.0,0.004262818880379488,0.004262818880379488,0.0,,2068,1400,3468,233.8429718129919,233.8429718129919,,,3468.0,0.0,1.0,1.0
ce44b58e-6d3c-48e8-991f-4c7df907afa2,math:Orz57K,780,2026-04-23T05:51:55.493707Z,2026-04-23T05:55:44.391385Z,228.897678,1,True,True,True,1.0,1.0,0.004368764282528021,0.004368764282528021,0.0,,1990,484,2474,228.1440701489919,228.1440701489919,,,2474.0,0.0,1.0,1.0
bb8b7d40-41af-4266-a640-cfb2d624ea98,math:Orz57K,781,2026-04-23T05:52:20.700826Z,2026-04-23T05:58:13.654214Z,352.953388,1,True,True,False,0.0,0.0,0.002833235305280594,0.0,0.0,,4101,114,4215,350.3815513719892,350.3815513719892,,,4215.0,0.0,1.0,1.0
7ce8a18e-db86-4c0c-8feb-2192b55d14ea,math:Orz57K,782,2026-04-23T05:52:21.634074Z,2026-04-23T06:01:30.463567Z,548.829493,1,True,True,False,0.0,0.0,0.0018220595153037814,0.0,0.0,,6832,562,7394,544.5106537979882,544.5106537979882,,,7394.0,0.0,1.0,1.0
1a298b67-c30b-4851-bb02-0684d69521d1,math:Orz57K,783,2026-04-23T05:52:21.854034Z,2026-04-23T06:06:37.200314Z,855.34628,1,True,True,False,0.0,0.0,0.0011691171439945937,0.0,0.0,,30544,11740,42284,849.4359378480003,849.4359378480003,,,42284.0,0.0,1.0,1.0
a866c740-5e76-4855-b896-32bd3494c7dc,math:Orz57K,784,2026-04-23T05:52:26.073201Z,2026-04-23T05:56:14.320130Z,228.246929,1,True,True,False,0.0,0.0,0.004381219954990062,0.0,0.0,,2040,443,2483,227.52186692500254,227.52186692500254,,,2483.0,0.0,1.0,1.0
ba2ee4d4-44b3-4d9b-bc08-340d246aaa32,math:Orz57K,781,2026-04-23T05:52:35.547384Z,2026-04-23T05:58:40.202287Z,364.654903,1,True,True,False,0.0,0.0,0.002742318810944385,0.0,0.0,,4101,114,4215,362.0593258010049,362.0593258010049,,,4215.0,0.0,1.0,1.0
78c8f23f-10ff-4c1d-93a8-ed8be4dd5b8a,math:Orz57K,782,2026-04-23T05:52:44.113087Z,2026-04-23T06:02:24.210242Z,580.097155,1,True,True,False,0.0,0.0,0.001723849171437498,0.0,0.0,,6832,562,7394,575.8754590030003,575.8754590030003,,,7394.0,0.0,1.0,1.0
d2ae23c2-f696-43b9-8629-5d97067572be,math:Orz57K,783,2026-04-23T05:53:09.432600Z,2026-04-23T06:07:12.550696Z,843.118096,1,True,True,False,0.0,0.0,0.0011860734631889576,0.0,0.0,,30544,11740,42284,837.1084428530012,837.1084428530012,,,42284.0,0.0,1.0,1.0
b24ae693-a049-42c6-8dab-f7a6e7582074,math:Orz57K,784,2026-04-23T05:53:10.352475Z,2026-04-23T05:56:44.535204Z,214.182729,1,True,True,False,0.0,0.0,0.004668910535732319,0.0,0.0,,2040,443,2483,213.4736849559995,213.4736849559995,,,2483.0,0.0,1.0,1.0
d7e161f9-c7b1-40ac-8a2e-345e75e645c8,math:Orz57K,785,2026-04-23T05:53:10.521769Z,2026-04-23T05:56:45.736254Z,215.214485,1,True,True,False,0.0,0.0,0.004646527393358305,0.0,0.0,,1979,192,2171,214.45810004400846,214.45810004400846,,,2171.0,0.0,1.0,1.0
a37bdeb6-9b9a-4904-b9d4-cb3fd0dfcbb2,math:Orz57K,782,2026-04-23T05:53:14.823045Z,2026-04-23T06:03:01.434046Z,586.611001,1,True,True,False,0.0,0.0,0.001704707205107461,0.0,0.0,,6832,562,7394,582.3871814609884,582.3871814609884,,,7394.0,0.0,1.0,1.0
b3968b28-291a-4501-8036-ab19f4fbe703,math:Orz57K,783,2026-04-23T05:53:24.322118Z,2026-04-23T06:07:45.915818Z,861.5937,1,True,True,False,0.0,0.0,0.001160639870045475,0.0,0.0,,30544,11740,42284,855.5701506929909,855.5701506929909,,,42284.0,0.0,1.0,1.0
1d1a703b-47e3-469c-9e7d-101f7c2d8ce5,math:Orz57K,784,2026-04-23T05:53:25.222073Z,2026-04-23T05:57:14.997542Z,229.775469,1,True,True,False,0.0,0.0,0.004352074676866398,0.0,0.0,,2040,443,2483,229.03962975500326,229.03962975500326,,,2483.0,0.0,1.0,1.0
786bd431-2795-45dd-b052-945b4e1e0ef7,math:Orz57K,785,2026-04-23T05:53:25.361958Z,2026-04-23T05:57:16.171920Z,230.809962,1,True,True,False,0.0,0.0,0.0043325686263056525,0.0,0.0,,1979,192,2171,230.0422155319975,230.0422155319975,,,2171.0,0.0,1.0,1.0
58eaedd8-18d6-4a0b-bcc2-3693a1c12c2d,math:Orz57K,786,2026-04-23T05:53:28.174037Z,2026-04-23T05:57:18.366553Z,230.192516,1,True,True,True,1.0,1.0,0.004344189886694666,0.004344189886694666,0.0,,1965,377,2342,229.4861305969971,229.4861305969971,,,2342.0,0.0,1.0,1.0
d7e1b87a-a5a9-4a2b-9ce7-7f2ec953bac9,math:Orz57K,783,2026-04-23T05:53:53.389635Z,2026-04-23T06:03:55.875569Z,602.485934,1,True,True,False,0.0,0.0,0.0016597897868931824,0.0,0.0,,17502,7101,24603,598.210473678002,598.210473678002,,,24603.0,0.0,1.0,1.0
92154105-43d3-4e10-9fcf-7b0f1f9cf27f,math:Orz57K,784,2026-04-23T05:53:57.660478Z,2026-04-23T05:57:46.483787Z,228.823309,1,True,True,False,0.0,0.0,0.0043701841581182625,0.0,0.0,,2040,443,2483,228.10409148399776,228.10409148399776,,,2483.0,0.0,1.0,1.0
52756945-4628-45e9-b8fc-c7894e06164b,math:Orz57K,785,2026-04-23T05:53:57.881433Z,2026-04-23T05:57:47.666485Z,229.785052,1,True,True,False,0.0,0.0,0.004351893177107099,0.0,0.0,,1979,192,2171,229.02131505899888,229.02131505899888,,,2171.0,0.0,1.0,1.0
96b98fda-82db-4dc0-80f3-2621172bb79d,math:Orz57K,786,2026-04-23T05:54:07.312736Z,2026-04-23T05:57:49.868531Z,222.555795,1,True,True,True,1.0,1.0,0.004493255275604035,0.004493255275604035,0.0,,1965,377,2342,221.82768048100115,221.82768048100115,,,2342.0,0.0,1.0,1.0
9bd06610-17b0-40f2-a677-2be2ee096c3a,math:Orz57K,787,2026-04-23T05:54:10.150693Z,2026-04-23T06:00:03.857853Z,353.70716,1,True,True,True,1.0,1.0,0.0028271975042857486,0.0028271975042857486,0.0,,4191,307,4498,351.1984364379896,351.1984364379896,,,4498.0,0.0,1.0,1.0
a0e3742a-2da9-445b-8a29-348f0fac8fa2,math:Orz57K,784,2026-04-23T05:54:15.057358Z,2026-04-23T05:57:54.157959Z,219.100601,1,True,True,False,0.0,0.0,0.0045641134503323424,0.0,0.0,,2040,443,2483,218.37813707899477,218.37813707899477,,,2483.0,0.0,1.0,1.0
388e8ff9-a4a3-4fe5-a49e-83d855247e27,math:Orz57K,785,2026-04-23T05:54:24.527343Z,2026-04-23T05:57:55.309167Z,210.781824,1,True,True,False,0.0,0.0,0.004744242084175151,0.0,0.0,,1979,192,2171,210.0274058310024,210.0274058310024,,,2171.0,0.0,1.0,1.0
aac1ced0-94e0-427c-aba5-ff27e2829690,math:Orz57K,786,2026-04-23T05:54:27.330723Z,2026-04-23T05:57:57.465259Z,210.134536,1,True,True,True,1.0,1.0,0.004758856012131199,0.004758856012131199,0.0,,1965,377,2342,209.42159114600508,209.42159114600508,,,2342.0,0.0,1.0,1.0
2a9fd34e-5296-41cb-a999-350ee61dbbc4,math:Orz57K,787,2026-04-23T05:55:02.546564Z,2026-04-23T06:00:47.075232Z,344.528668,1,True,True,True,1.0,1.0,0.0029025160832189443,0.0029025160832189443,0.0,,4191,307,4498,342.0912396169879,342.0912396169879,,,4498.0,0.0,1.0,1.0
4412ee95-203e-469a-8861-33efd5f61529,math:Orz57K,788,2026-04-23T05:55:05.322608Z,2026-04-23T05:58:05.654022Z,180.331414,1,True,True,True,1.0,1.0,0.005545345526986219,0.005545345526986219,0.0,,1980,625,2605,179.60589228200843,179.60589228200843,,,2605.0,0.0,1.0,1.0
4266725d-9f65-4f87-a56e-4b01528091ef,math:Orz57K,785,2026-04-23T05:55:33.206693Z,2026-04-23T05:58:09.767509Z,156.560816,1,True,True,False,0.0,0.0,0.006387294251200122,0.0,0.0,,1979,192,2171,155.7807808399957,155.7807808399957,,,2171.0,0.0,1.0,1.0
7433ae62-4f5b-4389-81f0-829eb2621431,math:Orz57K,786,2026-04-23T05:55:41.555957Z,2026-04-23T05:58:11.962107Z,150.40615,1,True,True,True,1.0,1.0,0.006648664299963798,0.006648664299963798,0.0,,1965,377,2342,149.67023129599693,149.67023129599693,,,2342.0,0.0,1.0,1.0
168b98cc-5dfc-48f1-8af6-48749400e5be,math:Orz57K,787,2026-04-23T05:55:44.415907Z,2026-04-23T06:01:30.052528Z,345.636621,1,True,True,True,1.0,1.0,0.0028932119435341893,0.0028932119435341893,0.0,,4191,307,4498,343.1861235410033,343.1861235410033,,,4498.0,0.0,1.0,1.0
4bc2f7a8-c9fd-4303-b2d2-fce879daeb1b,math:Orz57K,788,2026-04-23T05:56:14.345349Z,2026-04-23T05:58:40.018654Z,145.673305,1,True,True,True,1.0,1.0,0.0068646757207849445,0.0068646757207849445,0.0,,1980,625,2605,144.9537052289961,144.9537052289961,,,2605.0,0.0,1.0,1.0
154322d3-d814-4d08-97b3-ed3912066b02,math:Orz57K,789,2026-04-23T05:56:44.559827Z,2026-04-23T05:59:04.240410Z,139.680583,1,True,True,False,0.0,0.0,0.0071591911955293025,0.0,0.0,,1960,206,2166,138.94382423900242,138.94382423900242,,,2166.0,0.0,1.0,1.0
cddadeba-9440-4534-900a-e00c19aef425,math:Orz57K,786,2026-04-23T05:56:45.761208Z,2026-04-23T05:59:06.463749Z,140.702541,1,True,True,True,1.0,1.0,0.007107192186387025,0.007107192186387025,0.0,,1965,377,2342,139.94869894400472,139.94869894400472,,,2342.0,0.0,1.0,1.0
51e32dff-596f-40ef-8a35-87927d13c577,math:Orz57K,787,2026-04-23T05:57:15.022075Z,2026-04-23T06:03:33.973167Z,378.951092,1,True,True,True,1.0,1.0,0.002638862959128245,0.002638862959128245,0.0,,4191,307,4498,376.52839586199843,376.52839586199843,,,4498.0,0.0,1.0,1.0
41c77605-ea20-4092-976b-aa30aca3fa8b,math:Orz57K,788,2026-04-23T05:57:16.196993Z,2026-04-23T05:59:34.422667Z,138.225674,1,True,True,True,1.0,1.0,0.007234546022181089,0.007234546022181089,0.0,,1980,625,2605,137.5088755350007,137.5088755350007,,,2605.0,0.0,1.0,1.0
99431989-91ce-4389-8c5c-ba6788d85dd6,math:Orz57K,789,2026-04-23T05:57:18.391076Z,2026-04-23T05:59:35.606222Z,137.215146,1,True,True,False,0.0,0.0,0.007287825208450385,0.0,0.0,,1960,206,2166,136.51960908800538,136.51960908800538,,,2166.0,0.0,1.0,1.0
96a3cb5e-c99d-43a9-9ea4-a6ac29fd42eb,math:Orz57K,790,2026-04-23T05:57:46.510103Z,2026-04-23T06:03:56.871354Z,370.361251,1,True,True,False,0.0,0.0,0.002700066481846936,0.0,0.0,,4370,221,4591,367.72606395698676,367.72606395698676,,,4591.0,0.0,1.0,1.0
9627e042-2531-4261-ade0-55e34004ca33,math:Orz57K,787,2026-04-23T05:57:47.691736Z,2026-04-23T06:03:57.089854Z,369.398118,1,True,True,True,1.0,1.0,0.002707106374591762,0.002707106374591762,0.0,,4191,307,4498,366.91696326999227,366.91696326999227,,,4498.0,0.0,1.0,1.0
c153c5f5-15bb-40fb-8a89-f483ef168135,math:Orz57K,788,2026-04-23T05:57:49.893575Z,2026-04-23T06:00:02.349082Z,132.455507,1,True,True,True,1.0,1.0,0.007549704973761491,0.007549704973761491,0.0,,1980,625,2605,131.69960802698915,131.69960802698915,,,2605.0,0.0,1.0,1.0
7caf0db2-b41d-4b11-bc61-d84818ed173d,math:Orz57K,789,2026-04-23T05:57:51.584892Z,2026-04-23T06:00:03.521372Z,131.93648,1,True,True,False,0.0,0.0,0.007579404877256086,0.0,0.0,,1960,206,2166,131.20517712799483,131.20517712799483,,,2166.0,0.0,1.0,1.0
02327ee6-9ebc-4a75-81d8-f7dc8ff42347,math:Orz57K,790,2026-04-23T05:57:54.181183Z,2026-04-23T06:04:40.733621Z,406.552438,1,True,True,False,0.0,0.0,0.00245970730102964,0.0,0.0,,4370,114,4484,404.04814678500406,404.04814678500406,,,4484.0,0.0,1.0,1.0
46c0f6b6-4ef4-487b-b03b-0be7b4f0fded,math:Orz57K,791,2026-04-23T05:57:55.332432Z,2026-04-23T06:00:22.417660Z,147.085228,1,True,True,False,0.0,0.0,0.006798779276461399,0.0,0.0,,2025,3003,5028,146.37141836399678,146.37141836399678,,,5028.0,0.0,1.0,1.0
4886fb65-313b-4946-9f7c-792ecca43366,math:Orz57K,788,2026-04-23T05:57:57.489042Z,2026-04-23T06:00:26.050404Z,148.561362,1,True,True,True,1.0,1.0,0.006731225310117983,0.006731225310117983,0.0,,1980,625,2605,147.85044860400376,147.85044860400376,,,2605.0,0.0,1.0,1.0
81f7c7e0-9ffa-44b6-a0d7-22d57f7926ab,math:Orz57K,789,2026-04-23T05:57:57.673642Z,2026-04-23T06:00:27.260318Z,149.586676,1,True,True,False,0.0,0.0,0.006685087380376043,0.0,0.0,,1960,206,2166,148.87246801699803,148.87246801699803,,,2166.0,0.0,1.0,1.0
ad7d96bc-c126-4cfa-a4bf-522d64e91e75,math:Orz57K,790,2026-04-23T05:58:05.678947Z,2026-04-23T06:05:40.031808Z,454.352861,1,True,True,False,0.0,0.0,0.002200932547885948,0.0,0.0,,4370,114,4484,451.78835266799433,451.78835266799433,,,4484.0,0.0,1.0,1.0
8bd516b1-1c2e-447e-9218-5a31fd6c7626,math:Orz57K,791,2026-04-23T05:58:05.845876Z,2026-04-23T06:01:05.723409Z,179.877533,1,True,True,False,0.0,0.0,0.005559337974687478,0.0,0.0,,2025,3003,5028,179.1407404490019,179.1407404490019,,,5028.0,0.0,1.0,1.0
7033cffb-c995-4d45-b304-e8cab4a914a3,math:Orz57K,792,2026-04-23T05:58:09.789928Z,2026-04-23T06:01:28.198866Z,198.408938,1,True,True,False,0.0,0.0,0.005040095522309584,0.0,0.0,,2048,493,2541,197.65551102900645,197.65551102900645,,,2541.0,0.0,1.0,1.0
6c1e1a22-b9d7-48dd-ad61-12c300286218,math:Orz57K,789,2026-04-23T05:58:11.987316Z,2026-04-23T06:01:29.341315Z,197.353999,1,True,True,False,0.0,0.0,0.0050670369238375555,0.0,0.0,,1960,206,2166,196.64521005400456,196.64521005400456,,,2166.0,0.0,1.0,1.0
bd1563a8-f066-4134-be36-25ff77d10626,math:Orz57K,790,2026-04-23T05:58:13.678388Z,2026-04-23T06:06:31.603487Z,497.925099,1,True,True,False,0.0,0.0,0.0020083341892351563,0.0,0.0,,4370,114,4484,495.37239383799897,495.37239383799897,,,4484.0,0.0,1.0,1.0
5a903530-2abc-496d-a438-576493b49a48,math:Orz57K,791,2026-04-23T05:58:40.043211Z,2026-04-23T06:02:20.911676Z,220.868465,1,True,True,False,0.0,0.0,0.004527581608356811,0.0,0.0,,2025,3003,5028,220.1407676259987,220.1407676259987,,,5028.0,0.0,1.0,1.0
98d0d1cf-96a2-476f-ba4c-81c97b982698,math:Orz57K,792,2026-04-23T05:58:40.225128Z,2026-04-23T06:02:23.832351Z,223.607223,1,True,True,False,0.0,0.0,0.004472127450015333,0.0,0.0,,2048,493,2541,222.86519376200158,222.86519376200158,,,2541.0,0.0,1.0,1.0
3a10c972-1a4b-4795-b6f2-207794fb7ad6,math:Orz57K,793,2026-04-23T05:59:04.264670Z,2026-04-23T06:03:00.666338Z,236.401668,1,True,True,True,1.0,1.0,0.004230088596498397,0.004230088596498397,0.0,,1945,695,2640,235.65193403500598,235.65193403500598,,,2640.0,0.0,1.0,1.0
bafe8ec8-6df1-4afc-b8e3-553cd0da835a,math:Orz57K,790,2026-04-23T05:59:06.488992Z,2026-04-23T06:07:39.672553Z,513.183561,1,True,True,False,0.0,0.0,0.0019486204859161494,0.0,0.0,,4370,221,4591,510.6087387340085,510.6087387340085,,,4591.0,0.0,1.0,1.0
deeb82b8-aaf7-44ed-9f54-f8b3a69d6b4d,math:Orz57K,791,2026-04-23T05:59:34.447121Z,2026-04-23T06:03:52.182252Z,257.735131,1,True,True,False,0.0,0.0,0.003879952244461388,0.0,0.0,,2025,3003,5028,257.0075809889968,257.0075809889968,,,5028.0,0.0,1.0,1.0
050ff3e2-7287-4fe6-8f1a-dd17e616e24b,math:Orz57K,792,2026-04-23T05:59:35.630855Z,2026-04-23T06:03:55.082239Z,259.451384,1,True,True,False,0.0,0.0,0.0038542866281260613,0.0,0.0,,2048,493,2541,258.6923036990047,258.6923036990047,,,2541.0,0.0,1.0,1.0
63b74974-fd80-400c-8ef6-6b3ccf76a401,math:Orz57K,793,2026-04-23T06:00:02.374314Z,2026-04-23T06:04:01.083022Z,238.708708,1,True,True,True,1.0,1.0,0.00418920620189524,0.00418920620189524,0.0,,1945,695,2640,237.98226221599907,237.98226221599907,,,2640.0,0.0,1.0,1.0
cced2b0a-503d-4e48-95e7-114a37d49763,math:Orz57K,794,2026-04-23T06:00:03.546254Z,2026-04-23T06:04:23.290344Z,259.74409,1,True,True,False,0.0,0.0,0.0038499432268122055,0.0,0.0,,2174,3611,5785,259.03111756700673,259.03111756700673,,,5785.0,0.0,1.0,1.0
4b33df5c-d8a7-480c-b6f1-b04b0b661e19,math:Orz57K,791,2026-04-23T06:00:03.882499Z,2026-04-23T06:04:40.373137Z,276.490638,1,True,True,False,0.0,0.0,0.003616758987694911,0.0,0.0,,2025,2833,4858,275.7653889929934,275.7653889929934,,,4858.0,0.0,1.0,1.0
58d6cfab-3940-4700-8eca-9ae5cd4022db,math:Orz57K,792,2026-04-23T06:00:22.441318Z,2026-04-23T06:05:05.985941Z,283.544623,1,True,True,False,0.0,0.0,0.003526781743979677,0.0,0.0,,2048,4096,6144,282.8206515859929,282.8206515859929,,,6144.0,0.0,1.0,1.0
01feea10-9029-4705-89c7-44accbd83441,math:Orz57K,793,2026-04-23T06:00:26.074470Z,2026-04-23T06:05:12.278819Z,286.204349,1,True,True,True,1.0,1.0,0.0034940070040654766,0.0034940070040654766,0.0,,1945,1093,3038,285.47967307499493,285.47967307499493,,,3038.0,0.0,1.0,1.0
38113935-26b8-450e-90a7-3601027f362d,math:Orz57K,794,2026-04-23T06:00:27.284273Z,2026-04-23T06:05:34.603076Z,307.318803,1,True,True,False,0.0,0.0,0.0032539499381038523,0.0,0.0,,2174,3611,5785,306.5650452760019,306.5650452760019,,,5785.0,0.0,1.0,1.0
4e70c0a7-9594-4922-a0d7-29fc87adea3a,math:Orz57K,795,2026-04-23T06:00:46.784475Z,2026-04-23T06:10:00.540695Z,553.75622,1,True,True,False,0.0,0.0,0.0018058487902853715,0.0,0.0,,4086,456,4542,537.9888275279955,537.9888275279955,,,4542.0,0.0,1.0,1.0
88bf0d7a-7145-4be2-8634-9f29077dadb1,math:Orz57K,792,2026-04-23T06:00:47.100118Z,2026-04-23T06:05:39.678500Z,292.578382,1,True,True,True,1.0,1.0,0.0034178875184291643,0.0034178875184291643,0.0,,2048,757,2805,291.8036156169983,291.8036156169983,,,2805.0,0.0,1.0,1.0
4d808ae9-c15c-446a-825d-fa2cfcf33b06,math:Orz57K,793,2026-04-23T06:01:05.747809Z,2026-04-23T06:05:42.551801Z,276.803992,1,True,True,False,0.0,0.0,0.0036126646612813303,0.0,0.0,,1945,450,2395,276.0555155549955,276.0555155549955,,,2395.0,0.0,1.0,1.0
81fc296c-7841-431b-b311-c04b0903b132,math:Orz57K,794,2026-04-23T06:01:25.324422Z,2026-04-23T06:06:04.839043Z,279.514621,1,True,True,False,0.0,0.0,0.0035776303809166394,0.0,0.0,,2174,3611,5785,278.80005356800393,278.80005356800393,,,5785.0,0.0,1.0,1.0
988db128-bf5c-447a-a8fa-7ec66b7d3194,math:Orz57K,795,2026-04-23T06:01:28.223552Z,2026-04-23T06:10:06.149651Z,517.926099,1,True,True,False,0.0,0.0,0.0019307773868333289,0.0,0.0,,4086,456,4542,502.1662763719942,502.1662763719942,,,4542.0,0.0,1.0,1.0
c34a9318-3aa1-49e7-95ef-ae9c8e2ae286,math:Orz57K,796,2026-04-23T06:01:29.366339Z,2026-04-23T06:10:01.392954Z,512.026615,1,True,True,False,0.0,0.0,0.001953023477109681,0.0,0.0,,4061,223,4284,509.4693188849924,509.4693188849924,,,4284.0,0.0,1.0,1.0
862405ef-6dbe-4751-9651-fb3672592d19,math:Orz57K,793,2026-04-23T06:01:30.080438Z,2026-04-23T06:06:08.895124Z,278.814686,1,True,True,False,0.0,0.0,0.00358661164641808,0.0,0.0,,1945,450,2395,278.08010434500466,278.08010434500466,,,2395.0,0.0,1.0,1.0
f4432a90-279a-446c-9ad2-2ee252cece83,math:Orz57K,794,2026-04-23T06:01:30.489141Z,2026-04-23T06:06:31.245867Z,300.756726,1,True,True,False,0.0,0.0,0.0033249464219796032,0.0,0.0,,2174,3611,5785,300.01367458701134,300.01367458701134,,,5785.0,0.0,1.0,1.0
acb6f1c0-9e5f-4745-89b1-72f7e9e9bd76,math:Orz57K,795,2026-04-23T06:02:20.936528Z,2026-04-23T06:06:40.757435Z,259.820907,1,True,True,True,1.0,1.0,0.0038488049770375103,0.0038488049770375103,0.0,,1969,607,2576,259.109906608006,259.109906608006,,,2576.0,0.0,1.0,1.0
fbd355e9-e02c-413c-87c5-88c7ec6b1d75,math:Orz57K,796,2026-04-23T06:02:23.855301Z,2026-04-23T06:10:17.625491Z,473.77019,1,True,True,False,0.0,0.0,0.0021107279881834693,0.0,0.0,,4061,223,4284,471.1675742350053,471.1675742350053,,,4284.0,0.0,1.0,1.0
d376e78d-90ca-44ac-93a0-49197a230543,math:Orz57K,797,2026-04-23T06:02:24.233599Z,2026-04-23T06:07:06.845526Z,282.611927,1,True,True,False,0.0,0.0,0.0035384210801549082,0.0,0.0,,1956,4096,6052,281.8864410170063,281.8864410170063,,,6052.0,0.0,1.0,1.0
8edcad53-2305-40bc-9079-19e3601436b2,math:Orz57K,794,2026-04-23T06:03:00.691889Z,2026-04-23T06:07:35.050116Z,274.358227,1,True,True,False,0.0,0.0,0.003644869741777417,0.0,0.0,,2174,3611,5785,273.6281039049936,273.6281039049936,,,5785.0,0.0,1.0,1.0
b7de877a-0c99-4957-bcec-297a25fcf687,math:Orz57K,795,2026-04-23T06:03:01.458762Z,2026-04-23T06:07:38.590434Z,277.131672,1,True,True,True,1.0,1.0,0.003608393052960039,0.003608393052960039,0.0,,1969,607,2576,276.4141452689946,276.4141452689946,,,2576.0,0.0,1.0,1.0
2c1d1bfe-41d3-42d4-b160-f0d30b5c9554,math:Orz57K,796,2026-04-23T06:03:33.997841Z,2026-04-23T06:11:15.858044Z,461.860203,1,True,True,False,0.0,0.0,0.002165157321424379,0.0,0.0,,4061,223,4284,459.2950534489937,459.2950534489937,,,4284.0,0.0,1.0,1.0
0f2d001c-766d-4f3a-99be-5e419cf212f4,math:Orz57K,797,2026-04-23T06:03:52.206955Z,2026-04-23T06:08:11.373620Z,259.166665,1,True,True,False,0.0,0.0,0.0038585209251351823,0.0,0.0,,1956,4096,6052,258.41629757900955,258.41629757900955,,,6052.0,0.0,1.0,1.0
8dfdc1d4-8fe0-43a8-ac82-d5525199e9da,math:Orz57K,798,2026-04-23T06:03:55.109246Z,2026-04-23T06:11:18.832246Z,443.723,1,True,True,True,1.0,1.0,0.0022536582507555387,0.0022536582507555387,0.0,,4271,327,4598,441.2888405739941,441.2888405739941,,,4598.0,0.0,1.0,1.0
252dbb00-d27b-40af-a141-35407fc5d404,math:Orz57K,795,2026-04-23T06:03:55.900703Z,2026-04-23T06:08:16.673216Z,260.772513,1,True,True,False,0.0,0.0,0.0038347599925150086,0.0,0.0,,1969,615,2584,260.0243238760013,260.0243238760013,,,2584.0,0.0,1.0,1.0
4efc1ded-dae7-4e63-b522-dd41b945c4c3,math:Orz57K,796,2026-04-23T06:03:56.895676Z,2026-04-23T06:11:22.245565Z,445.349889,1,True,True,False,0.0,0.0,0.002245425506325881,0.0,0.0,,4061,223,4284,442.7792666519963,442.7792666519963,,,4284.0,0.0,1.0,1.0
558cb2e7-2d3a-48a9-b9a3-45ef491e8e57,math:Orz57K,797,2026-04-23T06:03:57.112979Z,2026-04-23T06:08:42.750447Z,285.637468,1,True,True,False,0.0,0.0,0.003500941270071754,0.0,0.0,,1956,4096,6052,284.932765377991,284.932765377991,,,6052.0,0.0,1.0,1.0
0a33469c-27c8-4d1d-bdc1-34da02715075,math:Orz57K,798,2026-04-23T06:04:01.107689Z,2026-04-23T06:11:46.732248Z,465.624559,1,True,True,True,1.0,1.0,0.0021476530407838735,0.0021476530407838735,0.0,,4271,327,4598,463.16624961698835,463.16624961698835,,,4598.0,0.0,1.0,1.0
a2e1971f-201e-4f68-8bf9-10f8229f357f,math:Orz57K,799,2026-04-23T06:04:23.315600Z,2026-04-23T06:08:50.895172Z,267.579572,1,True,True,False,0.0,0.0,0.003737206067434774,0.0,0.0,,1988,1059,3047,266.79372252900794,266.79372252900794,,,3047.0,0.0,1.0,1.0
43fc9418-9bd4-490f-aced-19b39183d374,math:Orz57K,796,2026-04-23T06:04:40.398626Z,2026-04-23T06:11:49.827643Z,429.429017,1,True,True,False,0.0,0.0,0.0023286735651587326,0.0,0.0,,4061,223,4284,426.9397338080162,426.9397338080162,,,4284.0,0.0,1.0,1.0
bbe47ea1-341c-4306-97f0-8f08ead51009,math:Orz57K,797,2026-04-23T06:04:40.756344Z,2026-04-23T06:09:16.875290Z,276.118946,1,True,True,False,0.0,0.0,0.0036216276155132073,0.0,0.0,,1956,4096,6052,275.3730811620044,275.3730811620044,,,6052.0,0.0,1.0,1.0
6ac59b47-deb5-4211-b2e9-aab320e50556,math:Orz57K,798,2026-04-23T06:05:06.008610Z,2026-04-23T06:11:52.507076Z,406.498466,1,True,True,True,1.0,1.0,0.0024600338836211007,0.0024600338836211007,0.0,,4271,327,4598,404.0715275170078,404.0715275170078,,,4598.0,0.0,1.0,1.0
5b4079ae-1f7b-4873-b06c-06774023a8cd,math:Orz57K,799,2026-04-23T06:05:12.303560Z,2026-04-23T06:09:24.929026Z,252.625466,1,True,True,False,0.0,0.0,0.003958429115772517,0.0,0.0,,1988,1059,3047,251.8555199609982,251.8555199609982,,,3047.0,0.0,1.0,1.0
302248b6-8f79-434f-a117-34105da678db,math:Orz57K,800,2026-04-23T06:05:34.625745Z,2026-04-23T06:11:55.360081Z,380.734336,1,True,True,False,0.0,0.0,0.002626503326455957,0.0,0.0,,3963,50,4013,378.2171512040077,378.2171512040077,,,4013.0,0.0,1.0,1.0
61dc7c87-9199-4a97-93ea-c7f17f89384d,math:Orz57K,797,2026-04-23T06:05:39.700966Z,2026-04-23T06:09:50.475079Z,250.774113,1,True,True,False,0.0,0.0,0.003987652425671225,0.0,0.0,,1956,4096,6052,250.05818612700386,250.05818612700386,,,6052.0,0.0,1.0,1.0
81d4ba52-cf6b-41f4-a3ed-085ff363f37a,math:Orz57K,798,2026-04-23T06:05:40.058913Z,2026-04-23T06:12:19.813695Z,399.754782,1,True,True,True,1.0,1.0,0.0025015335526367764,0.0025015335526367764,0.0,,4271,327,4598,397.31089300400345,397.31089300400345,,,4598.0,0.0,1.0,1.0
f4e4b0f2-3d41-43d9-b178-aaf3eed8f8cd,math:Orz57K,799,2026-04-23T06:05:42.575561Z,2026-04-23T06:09:58.519111Z,255.94355,1,True,True,False,0.0,0.0,0.00390711154862078,0.0,0.0,,1988,1059,3047,255.1814249129966,255.1814249129966,,,3047.0,0.0,1.0,1.0
07924ee1-9b3f-425a-b081-1d4d77479ab9,math:Orz57K,800,2026-04-23T06:06:04.863773Z,2026-04-23T06:12:30.823587Z,385.959814,1,True,True,False,0.0,0.0,0.0025909433151504214,0.0,0.0,,3963,50,4013,383.43558867499814,383.43558867499814,,,4013.0,0.0,1.0,1.0
78993373-a4a1-45b9-9b36-d90749d2de34,math:Orz57K,801,2026-04-23T06:06:08.926385Z,2026-04-23T06:10:04.084588Z,235.158203,1,True,True,True,1.0,1.0,0.004252456377207475,0.004252456377207475,0.0,,1979,459,2438,234.4429641450115,234.4429641450115,,,2438.0,0.0,1.0,1.0
f18c07fd-3c0b-47a5-a14b-fef857151bcf,math:Orz57K,798,2026-04-23T06:06:31.271543Z,2026-04-23T06:12:57.835520Z,386.563977,1,True,True,True,1.0,1.0,0.0025868939153634585,0.0025868939153634585,0.0,,4271,327,4598,384.10238465998555,384.10238465998555,,,4598.0,0.0,1.0,1.0
d71b23b3-389b-400e-9bcb-1acfc1a0b39b,math:Orz57K,799,2026-04-23T06:06:31.630003Z,2026-04-23T06:10:14.088872Z,222.458869,1,True,True,False,0.0,0.0,0.004495213000476056,0.0,0.0,,1988,1059,3047,221.67087840099703,221.67087840099703,,,3047.0,0.0,1.0,1.0
b865aec1-3b09-4366-9c54-5720f9ed2192,math:Orz57K,800,2026-04-23T06:06:37.226138Z,2026-04-23T06:13:00.434719Z,383.208581,1,True,True,False,0.0,0.0,0.00260954490473688,0.0,0.0,,3963,50,4013,380.69996899600665,380.69996899600665,,,4013.0,0.0,1.0,1.0
012e2f81-e53d-4b34-875e-0d6dff6cd445,math:Orz57K,801,2026-04-23T06:06:40.781569Z,2026-04-23T06:10:16.968683Z,216.187114,1,True,True,True,1.0,1.0,0.004625622598394093,0.004625622598394093,0.0,,1979,459,2438,215.4633443169878,215.4633443169878,,,2438.0,0.0,1.0,1.0
40bf4987-2437-4584-9f7f-e4bd27279a56,math:Orz57K,802,2026-04-23T06:07:06.878150Z,2026-04-23T06:10:41.756690Z,214.87854,1,True,True,False,0.0,0.0,0.004653791858414526,0.0,0.0,,1955,3934,5889,214.16302754500066,214.16302754500066,,,5889.0,0.0,1.0,1.0
43ff9573-b7e8-48e4-8cf1-61804dd5076c,math:Orz57K,799,2026-04-23T06:07:12.576161Z,2026-04-23T06:10:47.955679Z,215.379518,1,True,True,False,0.0,0.0,0.004642967025304607,0.0,0.0,,1988,1059,3047,214.6147117530054,214.6147117530054,,,3047.0,0.0,1.0,1.0
b165a5f8-ae01-4ca2-98f9-54214ba67749,math:Orz57K,800,2026-04-23T06:07:35.073953Z,2026-04-23T06:13:13.728008Z,338.654055,1,True,True,False,0.0,0.0,0.002952865867795382,0.0,0.0,,3963,50,4013,336.1603305699973,336.1603305699973,,,4013.0,0.0,1.0,1.0
d83718e9-261e-4289-8b2c-48b4f87d27e7,math:Orz57K,801,2026-04-23T06:07:38.612580Z,2026-04-23T06:10:50.928750Z,192.31617,1,True,True,True,1.0,1.0,0.00519977077330523,0.00519977077330523,0.0,,1979,459,2438,191.5799831589975,191.5799831589975,,,2438.0,0.0,1.0,1.0
e43059ac-1a74-413b-b3e6-94c31d5a7944,math:Orz57K,802,2026-04-23T06:07:39.697913Z,2026-04-23T06:11:15.249758Z,215.551845,1,True,True,False,0.0,0.0,0.004639255117486933,0.0,0.0,,1955,3934,5889,214.79685104399687,214.79685104399687,,,5889.0,0.0,1.0,1.0
b0c99d5b-b8b2-427e-8702-6170f7c29710,math:Orz57K,803,2026-04-23T06:07:45.940199Z,2026-04-23T06:11:18.371289Z,212.43109,1,True,True,True,1.0,1.0,0.004707408882569872,0.004707408882569872,0.0,,2012,414,2426,211.66537553200033,211.66537553200033,,,2426.0,0.0,1.0,1.0
88058838-2753-4a49-ace0-7300b656f4e1,math:Orz57K,800,2026-04-23T06:08:11.396773Z,2026-04-23T06:13:41.161346Z,329.764573,1,True,True,False,0.0,0.0,0.0030324664378062224,0.0,0.0,,3963,50,4013,327.24598035999225,327.24598035999225,,,4013.0,0.0,1.0,1.0
530d60b8-b647-42ed-8416-32f45a43fba6,math:Orz57K,801,2026-04-23T06:08:16.699452Z,2026-04-23T06:11:21.603373Z,184.903921,1,True,True,True,1.0,1.0,0.005408214139493559,0.005408214139493559,0.0,,1979,459,2438,184.1780843000015,184.1780843000015,,,2438.0,0.0,1.0,1.0
99b7fcae-7778-414e-9f06-ec2e869a125e,math:Orz57K,802,2026-04-23T06:08:42.773773Z,2026-04-23T06:11:46.480237Z,183.706464,1,True,True,False,0.0,0.0,0.005443466594621298,0.0,0.0,,1955,3934,5889,182.99654891299724,182.99654891299724,,,5889.0,0.0,1.0,1.0
71c8695a-08e4-4169-95a5-86cbd61b0e48,math:Orz57K,803,2026-04-23T06:08:50.920222Z,2026-04-23T06:11:49.213902Z,178.29368,1,True,True,True,1.0,1.0,0.005608723764072849,0.005608723764072849,0.0,,2012,414,2426,177.54781317699235,177.54781317699235,,,2426.0,0.0,1.0,1.0
3077e759-4b28-4619-8b84-aaa4c4419820,math:Orz57K,804,2026-04-23T06:09:16.899854Z,2026-04-23T06:14:20.955734Z,304.05588,1,True,True,False,0.0,0.0,0.0032888691381334247,0.0,0.0,,4720,426,5146,301.5187852090021,301.5187852090021,,,5146.0,0.0,1.0,1.0
53abc4c2-d1fc-4b64-9000-6cb428e9834d,math:Orz57K,801,2026-04-23T06:09:24.953789Z,2026-04-23T06:11:55.226961Z,150.273172,1,True,True,True,1.0,1.0,0.0066545477591968315,0.0066545477591968315,0.0,,1979,459,2438,149.55378012999427,149.55378012999427,,,2438.0,0.0,1.0,1.0
0e76296d-5baf-40c9-b7c1-4e955944d28f,math:Orz57K,802,2026-04-23T06:09:50.499536Z,2026-04-23T06:12:19.586435Z,149.086899,1,True,True,False,0.0,0.0,0.006707497484403375,0.0,0.0,,1955,3934,5889,148.33692173700547,148.33692173700547,,,5889.0,0.0,1.0,1.0
2fecd814-2aa3-40b5-bf8f-d16f42fd8178,math:Orz57K,803,2026-04-23T06:09:58.542219Z,2026-04-23T06:12:22.249034Z,143.706815,1,True,True,True,1.0,1.0,0.006958612227262848,0.006958612227262848,0.0,,2012,414,2426,142.98570042601204,142.98570042601204,,,2426.0,0.0,1.0,1.0
95b8ef25-c59b-46cb-af60-ecfcfb7a0123,math:Orz57K,804,2026-04-23T06:10:00.566321Z,2026-04-23T06:14:44.323476Z,283.757155,1,True,True,False,0.0,0.0,0.0035241402106671108,0.0,0.0,,4720,426,5146,281.2408919800073,281.2408919800073,,,5146.0,0.0,1.0,1.0
2a00cbcb-ad57-4357-b7e6-185011716b21,math:Orz57K,805,2026-04-23T06:10:01.419732Z,2026-04-23T06:12:30.669077Z,149.249345,1,True,True,True,1.0,1.0,0.0067001969087368525,0.0067001969087368525,0.0,,2042,1000,3042,148.52798709401395,148.52798709401395,,,3042.0,0.0,1.0,1.0
296d8501-81e5-4fcc-b94f-11b828cdc1be,math:Orz57K,802,2026-04-23T06:10:04.108498Z,2026-04-23T06:12:55.060855Z,170.952357,1,True,True,False,0.0,0.0,0.005849582992295333,0.0,0.0,,1955,3934,5889,170.24762818499585,170.24762818499585,,,5889.0,0.0,1.0,1.0
7a458adf-02f1-4487-aa76-d271e641e3ca,math:Orz57K,803,2026-04-23T06:10:06.173469Z,2026-04-23T06:12:57.568794Z,171.395325,1,True,True,True,1.0,1.0,0.005834464854861122,0.005834464854861122,0.0,,2012,414,2426,170.66933514698758,170.66933514698758,,,2426.0,0.0,1.0,1.0
7c4d191a-f1af-4b39-935e-6f28b0c93326,math:Orz57K,804,2026-04-23T06:10:14.114705Z,2026-04-23T06:15:10.116297Z,296.001592,1,True,True,False,0.0,0.0,0.0033783602082788798,0.0,0.0,,4720,426,5146,293.46002426499035,293.46002426499035,,,5146.0,0.0,1.0,1.0
9af75726-87f9-4b09-8393-a9331d73a06a,math:Orz57K,805,2026-04-23T06:10:16.994211Z,2026-04-23T06:13:06.337666Z,169.343455,1,True,True,True,1.0,1.0,0.0059051588382910926,0.0059051588382910926,0.0,,2042,1000,3042,168.62017574100173,168.62017574100173,,,3042.0,0.0,1.0,1.0
2e726c31-5408-4178-af8f-f57664ec10f2,math:Orz57K,806,2026-04-23T06:10:17.651825Z,2026-04-23T06:13:08.788296Z,171.136471,1,True,True,False,0.0,0.0,0.005843289826865718,0.0,0.0,,1996,411,2407,170.36728684300033,170.36728684300033,,,2407.0,0.0,1.0,1.0
024e05d3-ef80-43c0-8c02-660c41025c8a,math:Orz57K,803,2026-04-23T06:10:41.781032Z,2026-04-23T06:13:11.169812Z,149.38878,1,True,True,True,1.0,1.0,0.006693943146198798,0.006693943146198798,0.0,,2012,414,2426,148.67483650898794,148.67483650898794,,,2426.0,0.0,1.0,1.0
7edb6446-eca5-40ae-b2fb-82da9c5f71eb,math:Orz57K,804,2026-04-23T06:10:47.980174Z,2026-04-23T06:15:23.295702Z,275.315528,1,True,True,False,0.0,0.0,0.003632196146960516,0.0,0.0,,4720,426,5146,272.769130183995,272.769130183995,,,5146.0,0.0,1.0,1.0
3c152aa2-c9b0-401f-baf3-549bbe2cef8e,math:Orz57K,805,2026-04-23T06:10:50.953086Z,2026-04-23T06:13:19.588921Z,148.635835,1,True,True,True,1.0,1.0,0.006727852674289481,0.006727852674289481,0.0,,2042,1000,3042,147.93408547299623,147.93408547299623,,,3042.0,0.0,1.0,1.0
b9498985-ecfb-4d85-b4c1-1e1b033fe81c,math:Orz57K,806,2026-04-23T06:11:15.275208Z,2026-04-23T06:13:22.062485Z,126.787277,1,True,True,False,0.0,0.0,0.007887226728593596,0.0,0.0,,1996,411,2407,126.01665838599729,126.01665838599729,,,2407.0,0.0,1.0,1.0
ee2534aa-ce28-45e7-890d-490398253d01,math:Orz57K,807,2026-04-23T06:11:15.882602Z,2026-04-23T06:13:32.604398Z,136.721796,1,True,True,True,1.0,1.0,0.007314122760646005,0.007314122760646005,0.0,,1982,1784,3766,136.00930154199887,136.00930154199887,,,3766.0,0.0,1.0,1.0
84d8ac50-a76c-49fc-b7f6-919d845a58b2,math:Orz57K,804,2026-04-23T06:11:18.394620Z,2026-04-23T06:15:30.538817Z,252.144197,1,True,True,False,0.0,0.0,0.003965984590952137,0.0,0.0,,4720,426,5146,249.67526145800366,249.67526145800366,,,5146.0,0.0,1.0,1.0
6abac673-7d6b-4371-a8b8-280f59ab55e2,math:Orz57K,805,2026-04-23T06:11:18.857225Z,2026-04-23T06:13:41.027672Z,142.170447,1,True,True,True,1.0,1.0,0.007033810620290165,0.007033810620290165,0.0,,2042,1000,3042,141.43012344300223,141.43012344300223,,,3042.0,0.0,1.0,1.0
a89313e4-c45e-45bc-a6bd-5b64bfcc57c2,math:Orz57K,806,2026-04-23T06:11:21.628538Z,2026-04-23T06:13:43.569270Z,141.940732,1,True,True,False,0.0,0.0,0.007045194046202326,0.0,0.0,,1996,411,2407,141.1662621830037,141.1662621830037,,,2407.0,0.0,1.0,1.0
75c95cdc-6573-45c3-a64c-0a459ef46b5d,math:Orz57K,807,2026-04-23T06:11:22.270050Z,2026-04-23T06:13:54.205391Z,151.935341,1,True,True,True,1.0,1.0,0.006581747165723609,0.006581747165723609,0.0,,1982,1784,3766,151.2162827729917,151.2162827729917,,,3766.0,0.0,1.0,1.0
d9c18624-791f-4880-a5e4-255a09847c6e,math:Orz57K,808,2026-04-23T06:11:46.505028Z,2026-04-23T06:13:58.091581Z,131.586553,1,True,True,False,0.0,0.0,0.007599560724111376,0.0,0.0,,1982,647,2629,130.8168750909972,130.8168750909972,,,2629.0,0.0,1.0,1.0
ae40b2a6-a20e-485d-82a7-074e653dbe1e,math:Orz57K,805,2026-04-23T06:11:46.753949Z,2026-04-23T06:14:03.933777Z,137.179828,1,True,True,True,1.0,1.0,0.007289701515007003,0.007289701515007003,0.0,,2042,1000,3042,136.459322426992,136.459322426992,,,3042.0,0.0,1.0,1.0
07430617-fd98-411d-b21a-265c309e39a1,math:Orz57K,806,2026-04-23T06:11:49.239854Z,2026-04-23T06:14:06.418078Z,137.178224,1,True,True,False,0.0,0.0,0.007289786752159731,0.0,0.0,,1996,411,2407,136.37719323700003,136.37719323700003,,,2407.0,0.0,1.0,1.0
18a2f4e9-50f8-4516-83ab-ba1799d8ee39,math:Orz57K,807,2026-04-23T06:11:49.852165Z,2026-04-23T06:14:16.940659Z,147.088494,1,True,True,True,1.0,1.0,0.006798628314190232,0.006798628314190232,0.0,,1982,1784,3766,146.33286840601068,146.33286840601068,,,3766.0,0.0,1.0,1.0
c3c1c117-2295-4f5a-b99e-ec37910e0b05,math:Orz57K,808,2026-04-23T06:11:52.530575Z,2026-04-23T06:14:20.796730Z,148.266155,1,True,True,False,0.0,0.0,0.0067446275921838,0.0,0.0,,1982,647,2629,147.5048531319917,147.5048531319917,,,2629.0,0.0,1.0,1.0
d6876095-0525-42a1-a1ca-42d14442c5de,math:Orz57K,809,2026-04-23T06:11:55.251539Z,2026-04-23T06:14:24.194391Z,148.942852,1,True,True,False,0.0,0.0,0.006713984501921583,0.0,0.0,,2009,537,2546,148.09583775998908,148.09583775998908,,,2546.0,0.0,1.0,1.0
b8351879-2f3e-43b5-889f-be399823008d,math:Orz57K,806,2026-04-23T06:11:55.386305Z,2026-04-23T06:14:26.570246Z,151.183941,1,True,True,False,0.0,0.0,0.006614459137561442,0.0,0.0,,1996,411,2407,150.3928660859965,150.3928660859965,,,2407.0,0.0,1.0,1.0
8449e871-69f3-46b9-984b-717fd2a43ecd,math:Orz57K,807,2026-04-23T06:12:19.611937Z,2026-04-23T06:14:37.175497Z,137.56356,1,True,True,True,1.0,1.0,0.007269366974800595,0.007269366974800595,0.0,,1982,1784,3766,136.846631006003,136.846631006003,,,3766.0,0.0,1.0,1.0
3784ea6f-3c9e-4a4e-9009-ad97e5ecfc46,math:Orz57K,808,2026-04-23T06:12:19.837172Z,2026-04-23T06:14:41.012715Z,141.175543,1,True,True,False,0.0,0.0,0.007083379874090514,0.0,0.0,,1982,647,2629,140.4288883429981,140.4288883429981,,,2629.0,0.0,1.0,1.0
c54e95ff-6095-47f8-b7f2-be380921df49,math:Orz57K,809,2026-04-23T06:12:22.273845Z,2026-04-23T06:14:44.265900Z,141.992055,1,True,True,False,0.0,0.0,0.007042647562217478,0.0,0.0,,2009,537,2546,141.11394329399627,141.11394329399627,,,2546.0,0.0,1.0,1.0
09a5e41d-bac7-4f2a-8a03-02867e7673b4,math:Orz57K,810,2026-04-23T06:12:30.694260Z,2026-04-23T06:14:46.196124Z,135.501864,1,True,True,True,1.0,1.0,0.00737997227846253,0.00737997227846253,0.0,,1973,342,2315,134.7894580780121,134.7894580780121,,,2315.0,0.0,1.0,1.0
74e908b3-f63d-48cf-8e67-1d6f1e666f65,math:Orz57K,807,2026-04-23T06:12:30.847974Z,2026-04-23T06:14:56.872622Z,146.024648,1,True,True,True,1.0,1.0,0.006848158949165896,0.006848158949165896,0.0,,1982,1784,3766,145.30318273200828,145.30318273200828,,,3766.0,0.0,1.0,1.0
8471c041-712a-4474-a69d-14a243190e14,math:Orz57K,808,2026-04-23T06:12:55.085043Z,2026-04-23T06:15:00.763364Z,125.678321,1,True,True,False,0.0,0.0,0.007956821765624957,0.0,0.0,,1982,647,2629,124.87173520101351,124.87173520101351,,,2629.0,0.0,1.0,1.0
376c9ff0-6df5-4463-9a56-4fbbddcd522c,math:Orz57K,809,2026-04-23T06:12:57.594738Z,2026-04-23T06:15:03.920922Z,126.326184,1,True,True,False,0.0,0.0,0.007916015257771105,0.0,0.0,,2009,537,2546,125.48892480900395,125.48892480900395,,,2546.0,0.0,1.0,1.0
cced367c-e6e4-4de6-8eca-a3909042ac9a,math:Orz57K,810,2026-04-23T06:12:57.857355Z,2026-04-23T06:15:05.797153Z,127.939798,1,True,True,True,1.0,1.0,0.007816176167481521,0.007816176167481521,0.0,,1973,342,2315,127.20510613800434,127.20510613800434,,,2315.0,0.0,1.0,1.0
be767095-a99e-433b-8716-7933931489b0,math:Orz57K,811,2026-04-23T06:13:00.459018Z,2026-04-23T06:15:09.924726Z,129.465708,1,True,True,True,1.0,1.0,0.007724053075120092,0.007724053075120092,0.0,,1948,714,2662,128.7469396099914,128.7469396099914,,,2662.0,0.0,1.0,1.0
c36c4178-6749-4319-85d1-f02f8db9694c,math:Orz57K,808,2026-04-23T06:13:06.362208Z,2026-04-23T06:15:13.865686Z,127.503478,1,True,True,False,0.0,0.0,0.007842923312256627,0.0,0.0,,1982,647,2629,126.7161434530135,126.7161434530135,,,2629.0,0.0,1.0,1.0
e30d0463-4060-41c0-bc8a-8f910239f20a,math:Orz57K,809,2026-04-23T06:13:08.811712Z,2026-04-23T06:15:16.995624Z,128.183912,1,True,True,False,0.0,0.0,0.007801291007564195,0.0,0.0,,2009,537,2546,127.34831119098817,127.34831119098817,,,2546.0,0.0,1.0,1.0
104d34c2-286c-4d1e-a781-e47e774736a0,math:Orz57K,810,2026-04-23T06:13:11.201276Z,2026-04-23T06:15:18.884261Z,127.682985,1,True,True,True,1.0,1.0,0.007831897100463307,0.007831897100463307,0.0,,1973,342,2315,126.96688503300538,126.96688503300538,,,2315.0,0.0,1.0,1.0
421cf8f2-128b-4efa-ac3e-468b98243e34,math:Orz57K,811,2026-04-23T06:13:13.753988Z,2026-04-23T06:15:23.100507Z,129.346519,1,True,True,True,1.0,1.0,0.0077311705620775155,0.0077311705620775155,0.0,,1948,714,2662,128.63376657600747,128.63376657600747,,,2662.0,0.0,1.0,1.0
d8d23240-555c-4ea0-b4ec-53b7a2817ebb,math:Orz57K,812,2026-04-23T06:13:19.613414Z,2026-04-23T06:17:10.545576Z,230.932162,1,True,True,True,1.0,1.0,0.0043302760054703855,0.0043302760054703855,0.0,,4268,426,4694,228.3661599170009,228.3661599170009,,,4694.0,0.0,1.0,1.0
732c831c-af2b-40b8-889f-c7f420a953a7,math:Orz57K,809,2026-04-23T06:13:22.086705Z,2026-04-23T06:15:28.471114Z,126.384409,1,True,True,False,0.0,0.0,0.00791236836815845,0.0,0.0,,2009,537,2546,125.5388219699962,125.5388219699962,,,2546.0,0.0,1.0,1.0
fc1716fd-e1c5-462c-ba61-a98526935523,math:Orz57K,810,2026-04-23T06:13:32.629147Z,2026-04-23T06:15:30.354788Z,117.725641,1,True,True,True,1.0,1.0,0.008494326227537806,0.008494326227537806,0.0,,1973,342,2315,117.00860475400987,117.00860475400987,,,2315.0,0.0,1.0,1.0
bd8d6658-baf9-4bf2-87db-fb985aa7570f,math:Orz57K,811,2026-04-23T06:13:41.052965Z,2026-04-23T06:15:34.632504Z,113.579539,1,True,True,True,1.0,1.0,0.008804402701440794,0.008804402701440794,0.0,,1948,714,2662,112.84152947200346,112.84152947200346,,,2662.0,0.0,1.0,1.0
2d6ba5ca-fc1c-4cca-aa9d-4f0c0447a60f,math:Orz57K,812,2026-04-23T06:13:41.185836Z,2026-04-23T06:17:28.737094Z,227.551258,1,True,True,True,1.0,1.0,0.004394614245551655,0.004394614245551655,0.0,,4268,426,4694,225.04009041799873,225.04009041799873,,,4694.0,0.0,1.0,1.0
0c539495-5311-440c-b74c-aa3ba7bfade7,math:Orz57K,813,2026-04-23T06:13:43.595236Z,2026-04-23T06:15:39.640530Z,116.045294,1,True,True,False,0.0,0.0,0.008617324886953192,0.0,0.0,,2006,527,2533,115.28043871698901,115.28043871698901,,,2533.0,0.0,1.0,1.0
16f67ecd-a5ea-4546-9226-5f975966871f,math:Orz57K,810,2026-04-23T06:13:54.228950Z,2026-04-23T06:15:41.622547Z,107.393597,1,True,True,True,1.0,1.0,0.009311542102458865,0.009311542102458865,0.0,,1973,342,2315,106.6417823429947,106.6417823429947,,,2315.0,0.0,1.0,1.0
3a91302b-ac67-461b-83ad-5dcde3622d72,math:Orz57K,811,2026-04-23T06:13:58.116736Z,2026-04-23T06:15:45.738475Z,107.621739,1,True,True,True,1.0,1.0,0.009291803025037534,0.009291803025037534,0.0,,1948,714,2662,106.89149896099116,106.89149896099116,,,2662.0,0.0,1.0,1.0
8112bbf8-66de-489a-9189-410b179018de,math:Orz57K,812,2026-04-23T06:14:03.958472Z,2026-04-23T06:17:42.554636Z,218.596164,1,True,True,True,1.0,1.0,0.004574645692318737,0.004574645692318737,0.0,,4268,426,4694,216.107497850011,216.107497850011,,,4694.0,0.0,1.0,1.0
cbaf7b69-5abb-4d24-b3c1-1b15f75afabe,math:Orz57K,813,2026-04-23T06:14:06.444056Z,2026-04-23T06:15:50.781579Z,104.337523,1,True,True,False,0.0,0.0,0.00958427966514022,0.0,0.0,,2006,527,2533,103.56052602200361,103.56052602200361,,,2533.0,0.0,1.0,1.0
6d2d181e-5c28-49a4-a0a5-d364e03e03ff,math:Orz57K,814,2026-04-23T06:14:16.965641Z,2026-04-23T06:15:53.337544Z,96.371903,1,True,True,False,0.0,0.0,0.010376468336419588,0.0,0.0,,2009,431,2440,95.61373059799371,95.61373059799371,,,2440.0,0.0,1.0,1.0
713e16a2-f3a9-4050-bd50-b8eb6da1915b,math:Orz57K,811,2026-04-23T06:14:20.819509Z,2026-04-23T06:15:57.558514Z,96.739005,1,True,True,True,1.0,1.0,0.010337092055060934,0.010337092055060934,0.0,,1948,714,2662,96.01202207199822,96.01202207199822,,,2662.0,0.0,1.0,1.0
3ce45535-0b6f-45ad-a909-857f17d93d54,math:Orz57K,812,2026-04-23T06:14:20.980769Z,2026-04-23T06:17:49.621969Z,208.6412,1,True,True,True,1.0,1.0,0.004792917218650966,0.004792917218650966,0.0,,4268,426,4694,206.14302115999453,206.14302115999453,,,4694.0,0.0,1.0,1.0
6cad3223-dc61-457c-902e-8fde9120747a,math:Orz57K,813,2026-04-23T06:14:24.219972Z,2026-04-23T06:16:02.674058Z,98.454086,1,True,True,False,0.0,0.0,0.010157018775228892,0.0,0.0,,2006,527,2533,97.69474282799638,97.69474282799638,,,2533.0,0.0,1.0,1.0
3e61300a-822d-45fc-a53c-fc577d3a4d41,math:Orz57K,814,2026-04-23T06:14:26.596051Z,2026-04-23T06:16:05.225807Z,98.629756,1,True,True,False,0.0,0.0,0.010138928053314863,0.0,0.0,,2009,431,2440,97.86546554199595,97.86546554199595,,,2440.0,0.0,1.0,1.0
01d2c171-29e7-43b2-b119-59d018b522bf,math:Orz57K,815,2026-04-23T06:14:37.199632Z,2026-04-23T06:16:10.032029Z,92.832397,1,True,True,False,0.0,0.0,0.010772101467982131,0.0,0.0,,1946,815,2761,92.0418800519983,92.0418800519983,,,2761.0,0.0,1.0,1.0
bf88360b-b890-4983-ac3b-9acfe257be81,math:Orz57K,812,2026-04-23T06:14:41.038528Z,2026-04-23T06:17:59.060602Z,198.022074,1,True,True,True,1.0,1.0,0.0050499420584798034,0.0050499420584798034,0.0,,4268,426,4694,195.51154258399038,195.51154258399038,,,4694.0,0.0,1.0,1.0
d345d7c3-35a6-46f4-aacb-01ad39cbc335,math:Orz57K,813,2026-04-23T06:14:44.289452Z,2026-04-23T06:16:15.053104Z,90.763652,1,True,True,False,0.0,0.0,0.011017626307059571,0.0,0.0,,2006,527,2533,89.9907751740102,89.9907751740102,,,2533.0,0.0,1.0,1.0
59c7e4c8-dbe5-4bcc-87c9-9b5985b5c314,math:Orz57K,814,2026-04-23T06:14:44.346854Z,2026-04-23T06:16:17.469199Z,93.122345,1,True,True,False,0.0,0.0,0.010738561190657301,0.0,0.0,,2009,431,2440,92.38725291300216,92.38725291300216,,,2440.0,0.0,1.0,1.0
f0e292e6-6d92-4bba-a7b5-bf7cc71715f5,math:Orz57K,815,2026-04-23T06:14:46.220794Z,2026-04-23T06:16:22.321433Z,96.100639,1,True,True,False,0.0,0.0,0.010405758072014484,0.0,0.0,,1946,815,2761,95.35280602400599,95.35280602400599,,,2761.0,0.0,1.0,1.0
120ef41a-7089-413e-a1b5-ad4b68ada2ef,math:Orz57K,816,2026-04-23T06:14:56.896044Z,2026-04-23T06:16:28.375525Z,91.479481,1,True,True,True,1.0,1.0,0.01093141313296257,0.01093141313296257,0.0,,1994,1018,3012,90.74550825600454,90.74550825600454,,,3012.0,0.0,1.0,1.0
029f9915-c782-47d4-b87f-61f12405f3f0,math:Orz57K,813,2026-04-23T06:15:00.787884Z,2026-04-23T06:16:31.527547Z,90.739663,1,True,True,False,0.0,0.0,0.011020539055782035,0.0,0.0,,2006,527,2533,89.9704022090009,89.9704022090009,,,2533.0,0.0,1.0,1.0
b61304b7-b638-439f-a04c-a97e11565c7e,math:Orz57K,814,2026-04-23T06:15:03.946847Z,2026-04-23T06:16:34.056115Z,90.109268,1,True,True,False,0.0,0.0,0.011097637592617,0.0,0.0,,2009,431,2440,89.3274129259953,89.3274129259953,,,2440.0,0.0,1.0,1.0
fc0f699e-e73e-458c-b0fc-61f46f54a903,math:Orz57K,815,2026-04-23T06:15:05.821028Z,2026-04-23T06:16:38.757930Z,92.936902,1,True,True,False,0.0,0.0,0.010759988535017015,0.0,0.0,,1946,815,2761,92.19950764399255,92.19950764399255,,,2761.0,0.0,1.0,1.0
aa6ebfd0-be8d-44e6-9f98-ddf3284ade06,math:Orz57K,816,2026-04-23T06:15:09.950747Z,2026-04-23T06:16:44.686356Z,94.735609,1,True,True,True,1.0,1.0,0.010555692949627844,0.010555692949627844,0.0,,1994,1018,3012,93.9965067650046,93.9965067650046,,,3012.0,0.0,1.0,1.0
c03fb866-1ca5-4b2c-be72-3743a8373399,math:Orz57K,817,2026-04-23T06:15:10.141871Z,2026-04-23T06:16:49.897369Z,99.755498,1,True,True,False,0.0,0.0,0.010024510127752557,0.0,0.0,,2009,895,2904,98.95122391899349,98.95122391899349,,,2904.0,0.0,1.0,1.0
55dad4fe-76b3-4217-901f-ca6a67fa176f,math:Orz57K,814,2026-04-23T06:15:13.890655Z,2026-04-23T06:16:52.374684Z,98.484029,1,True,True,False,0.0,0.0,0.01015393064392197,0.0,0.0,,2009,431,2440,97.72803506700438,97.72803506700438,,,2440.0,0.0,1.0,1.0
4283f2d5-2928-4dbd-a8c8-67dfeb0c05ad,math:Orz57K,815,2026-04-23T06:15:17.019928Z,2026-04-23T06:16:57.198325Z,100.178397,1,True,True,False,0.0,0.0,0.009982192068814996,0.0,0.0,,1946,815,2761,99.40896465499827,99.40896465499827,,,2761.0,0.0,1.0,1.0
942626cb-9428-4f00-bcdd-ff5d12e1c6ca,math:Orz57K,816,2026-04-23T06:15:18.907221Z,2026-04-23T06:17:03.206341Z,104.29912,1,True,True,True,1.0,1.0,0.009587808602795497,0.009587808602795497,0.0,,1994,1018,3012,103.55381019199558,103.55381019199558,,,3012.0,0.0,1.0,1.0
1cf7d5a9-2088-41f9-9865-8ea835d53e40,math:Orz57K,817,2026-04-23T06:15:23.124967Z,2026-04-23T06:17:08.516888Z,105.391921,1,True,True,False,0.0,0.0,0.009488393327606202,0.0,0.0,,2009,895,2904,104.61309943400556,104.61309943400556,,,2904.0,0.0,1.0,1.0
0d5137aa-4e54-4f03-be0f-920cac1fc8f3,math:Orz57K,818,2026-04-23T06:15:23.319556Z,2026-04-23T06:17:09.961865Z,106.642309,1,True,True,True,1.0,1.0,0.009377141299519312,0.009377141299519312,0.0,,1985,248,2233,105.87523604600574,105.87523604600574,,,2233.0,0.0,1.0,1.0
7a8b34f0-6d1b-4644-9ef5-14ace5af7341,math:Orz57K,815,2026-04-23T06:15:28.495868Z,2026-04-23T06:17:15.355598Z,106.85973,1,True,True,False,0.0,0.0,0.009358062199857702,0.0,0.0,,1946,815,2761,106.08278706298734,106.08278706298734,,,2761.0,0.0,1.0,1.0
d86f1ddc-d582-4074-9a3b-5514c26bc4b6,math:Orz57K,816,2026-04-23T06:15:30.380084Z,2026-04-23T06:17:21.276565Z,110.896481,1,True,True,True,1.0,1.0,0.009017418686170935,0.009017418686170935,0.0,,1994,1018,3012,110.17788835000829,110.17788835000829,,,3012.0,0.0,1.0,1.0
fb85d4d0-715a-4908-911d-447873389c34,math:Orz57K,817,2026-04-23T06:15:30.561950Z,2026-04-23T06:17:26.636775Z,116.074825,1,True,True,False,0.0,0.0,0.008615132523352931,0.0,0.0,,2009,895,2904,115.3242695020017,115.3242695020017,,,2904.0,0.0,1.0,1.0
df5bae27-ed68-4614-a08b-3cfcd58c5598,math:Orz57K,818,2026-04-23T06:15:34.656435Z,2026-04-23T06:17:28.097948Z,113.441513,1,True,True,True,1.0,1.0,0.008815115151011781,0.008815115151011781,0.0,,1985,248,2233,112.71096412399493,112.71096412399493,,,2233.0,0.0,1.0,1.0
f85b3cc8-b494-4eeb-be43-09f43377aff6,math:Orz57K,819,2026-04-23T06:15:39.664856Z,2026-04-23T06:17:30.661705Z,110.996849,1,True,True,True,1.0,1.0,0.009009264758497785,0.009009264758497785,0.0,,1954,334,2288,110.2879670770053,110.2879670770053,,,2288.0,0.0,1.0,1.0
3688bc6a-f1b9-4176-b463-1b5273a525b7,math:Orz57K,816,2026-04-23T06:15:41.647519Z,2026-04-23T06:17:36.720065Z,115.072546,1,True,True,True,1.0,1.0,0.008690170112339394,0.008690170112339394,0.0,,1994,1018,3012,114.28832460800186,114.28832460800186,,,3012.0,0.0,1.0,1.0
8e2cec4c-2d36-4793-93a8-80ba1ced5822,math:Orz57K,817,2026-04-23T06:15:45.762393Z,2026-04-23T06:17:41.993536Z,116.231143,1,True,True,False,0.0,0.0,0.008603546125327185,0.0,0.0,,2009,895,2904,115.44665726300445,115.44665726300445,,,2904.0,0.0,1.0,1.0
1d16780b-027a-4437-8d05-9745e73cdb0d,math:Orz57K,818,2026-04-23T06:15:50.804749Z,2026-04-23T06:17:43.999768Z,113.195019,1,True,True,True,1.0,1.0,0.00883431098677584,0.00883431098677584,0.0,,1985,248,2233,112.47109583800193,112.47109583800193,,,2233.0,0.0,1.0,1.0
aa0a7b25-fd88-4bc0-a187-8645cc3153bb,math:Orz57K,819,2026-04-23T06:15:53.362089Z,2026-04-23T06:17:45.974582Z,112.612493,1,True,True,True,1.0,1.0,0.008880009431990818,0.008880009431990818,0.0,,1954,334,2288,111.86038799199741,111.86038799199741,,,2288.0,0.0,1.0,1.0
c2708c22-9fba-4204-9435-57fe6b393818,math:Orz57K,820,2026-04-23T06:15:57.583970Z,2026-04-23T06:17:49.010158Z,111.426188,1,True,True,False,0.0,0.0,0.008974550937702365,0.0,0.0,,2015,521,2536,110.648563662995,110.648563662995,,,2536.0,0.0,1.0,1.0
23508547-c2ad-49f6-a1a6-03225df1e1de,math:Orz57K,817,2026-04-23T06:16:02.701024Z,2026-04-23T06:17:55.045357Z,112.344333,1,True,True,False,0.0,0.0,0.008901205546344736,0.0,0.0,,2009,895,2904,111.52678370400099,111.52678370400099,,,2904.0,0.0,1.0,1.0
b444e97b-a009-40a9-be13-d04a7903639c,math:Orz57K,818,2026-04-23T06:16:05.250866Z,2026-04-23T06:17:56.455347Z,111.204481,1,True,True,True,1.0,1.0,0.008992443389039331,0.008992443389039331,0.0,,1985,248,2233,110.46959549900203,110.46959549900203,,,2233.0,0.0,1.0,1.0
5dd49ac5-c601-47c4-b0c3-1c55ade960c8,math:Orz57K,819,2026-04-23T06:16:10.056080Z,2026-04-23T06:17:58.428857Z,108.372777,1,True,True,True,1.0,1.0,0.009227409573531553,0.009227409573531553,0.0,,1954,334,2288,107.63927614000568,107.63927614000568,,,2288.0,0.0,1.0,1.0
fe9fdb6b-4093-4fd7-b5d8-c5caa3413ed2,math:Orz57K,820,2026-04-23T06:16:15.077570Z,2026-04-23T06:18:02.202040Z,107.12447,1,True,True,False,0.0,0.0,0.00933493533270223,0.0,0.0,,2015,521,2536,106.33137059598812,106.33137059598812,,,2536.0,0.0,1.0,1.0
4ef3a2e3-cc93-4c44-ae4a-d948b074f657,math:Orz57K,821,2026-04-23T06:16:17.493943Z,2026-04-23T06:18:05.273059Z,107.779116,1,True,True,True,1.0,1.0,0.009278235312302988,0.009278235312302988,0.0,,1988,535,2523,107.07234384500771,107.07234384500771,,,2523.0,0.0,1.0,1.0
c99732da-c7c7-464d-be67-59d4831f8f4c,math:Orz57K,818,2026-04-23T06:16:22.346699Z,2026-04-23T06:18:06.755924Z,104.409225,1,True,True,True,1.0,1.0,0.009577697756113024,0.009577697756113024,0.0,,1985,248,2233,103.6813422349951,103.6813422349951,,,2233.0,0.0,1.0,1.0
2a70d399-e759-4d35-9080-b5fff8b61b0d,math:Orz57K,819,2026-04-23T06:16:28.401253Z,2026-04-23T06:18:08.716493Z,100.31524,1,True,True,True,1.0,1.0,0.009968575063968347,0.009968575063968347,0.0,,1954,334,2288,99.5638725720055,99.5638725720055,,,2288.0,0.0,1.0,1.0
8792ed65-c291-47f6-9666-79c19839561c,math:Orz57K,820,2026-04-23T06:16:31.552289Z,2026-04-23T06:18:11.759525Z,100.207236,1,True,True,False,0.0,0.0,0.00997931925794261,0.0,0.0,,2015,521,2536,99.45613184799731,99.45613184799731,,,2536.0,0.0,1.0,1.0
523009c5-361c-47e2-b907-fc187cd0e15d,math:Orz57K,821,2026-04-23T06:16:34.080730Z,2026-04-23T06:18:14.821479Z,100.740749,1,True,True,True,1.0,1.0,0.009926469774410751,0.009926469774410751,0.0,,1988,535,2523,100.00494514299498,100.00494514299498,,,2523.0,0.0,1.0,1.0
548c9b5e-5621-4212-a2ae-18dd7a91a9c3,math:Orz57K,822,2026-04-23T06:16:38.780445Z,2026-04-23T06:18:40.173856Z,121.393411,1,True,True,False,0.0,0.0,0.008237679391017359,0.0,0.0,,1970,4096,6066,120.62428695899143,120.62428695899143,,,6066.0,0.0,1.0,1.0
910f3713-a44d-4523-a955-9c0f2737a689,math:Orz57K,819,2026-04-23T06:16:44.709698Z,2026-04-23T06:18:42.061346Z,117.351648,1,True,True,True,1.0,1.0,0.008521397160097829,0.008521397160097829,0.0,,1954,334,2288,116.6482542649901,116.6482542649901,,,2288.0,0.0,1.0,1.0
218b7186-0111-42b8-91aa-0c573238c652,math:Orz57K,820,2026-04-23T06:16:49.923091Z,2026-04-23T06:18:45.206039Z,115.282948,1,True,True,False,0.0,0.0,0.008674309751343277,0.0,0.0,,2015,521,2536,114.50151869899128,114.50151869899128,,,2536.0,0.0,1.0,1.0
32e4ffe0-8713-4ea3-907d-5fead5d81a2d,math:Orz57K,821,2026-04-23T06:16:52.399254Z,2026-04-23T06:18:48.214000Z,115.814746,1,True,True,True,1.0,1.0,0.008634479067112922,0.008634479067112922,0.0,,1988,535,2523,115.10435219299688,115.10435219299688,,,2523.0,0.0,1.0,1.0
05b8c9b2-a028-444a-b89a-ebe717514af8,math:Orz57K,822,2026-04-23T06:16:57.223750Z,2026-04-23T06:19:13.510445Z,136.286695,1,True,True,False,0.0,0.0,0.007337473404869051,0.0,0.0,,1970,4096,6066,135.57255149399862,135.57255149399862,,,6066.0,0.0,1.0,1.0
9d527dd8-a722-4c10-8552-7894a1af516d,math:Orz57K,823,2026-04-23T06:17:03.229940Z,2026-04-23T06:19:35.599493Z,152.369553,1,True,True,False,0.0,0.0,0.006562990967099575,0.0,0.0,,2145,3570,5715,151.6598543769942,151.6598543769942,,,5715.0,0.0,1.0,1.0
1a2315bc-cffd-4ecf-b8bb-4b577e8bd3da,math:Orz57K,820,2026-04-23T06:17:08.540814Z,2026-04-23T06:19:38.687567Z,150.146753,1,True,True,False,0.0,0.0,0.0066601506860424755,0.0,0.0,,2015,521,2536,149.38901161801186,149.38901161801186,,,2536.0,0.0,1.0,1.0
315e6510-ee6d-4f1d-ab40-29d74a8787e8,math:Orz57K,821,2026-04-23T06:17:09.992969Z,2026-04-23T06:19:41.777283Z,151.784314,1,True,True,True,1.0,1.0,0.0065882960738617566,0.0065882960738617566,0.0,,1988,535,2523,151.04777394900157,151.04777394900157,,,2523.0,0.0,1.0,1.0
e53424df-4307-4b2a-b4c9-7200ef6a2179,math:Orz57K,822,2026-04-23T06:17:10.572182Z,2026-04-23T06:20:07.017073Z,176.444891,1,True,True,False,0.0,0.0,0.005667491953620805,0.0,0.0,,1970,4096,6066,175.7243566440011,175.7243566440011,,,6066.0,0.0,1.0,1.0
54b3d3fd-34c6-40c9-887b-32e482a808a1,math:Orz57K,823,2026-04-23T06:17:15.380638Z,2026-04-23T06:20:28.988462Z,193.607824,1,True,True,False,0.0,0.0,0.0051650805186468085,0.0,0.0,,2145,3570,5715,192.901403595999,192.901403595999,,,5715.0,0.0,1.0,1.0
7d4704c9-34ee-4431-83b1-d5df3dc88455,math:Orz57K,824,2026-04-23T06:17:21.301473Z,2026-04-23T06:28:14.257214Z,652.955741,1,True,True,False,0.0,0.0,0.0015314973698960096,0.0,0.0,,8142,200,8342,646.9256319860142,646.9256319860142,,,8342.0,0.0,1.0,1.0
7993f936-c327-4f24-b3e6-a2d0f61268ce,math:Orz57K,821,2026-04-23T06:17:26.661006Z,2026-04-23T06:20:32.485185Z,185.824179,1,True,True,True,1.0,1.0,0.00538143101388329,0.00538143101388329,0.0,,1988,535,2523,185.0902454390016,185.0902454390016,,,2523.0,0.0,1.0,1.0
bb723b21-8357-466e-8830-12d9fb68524b,math:Orz57K,822,2026-04-23T06:17:28.122674Z,2026-04-23T06:20:57.791177Z,209.668503,1,True,True,False,0.0,0.0,0.004769433585358312,0.0,0.0,,1970,4096,6066,208.96123955200892,208.96123955200892,,,6066.0,0.0,1.0,1.0
0cad8eea-4bc4-42ab-8ac4-7ae4b044f667,math:Orz57K,823,2026-04-23T06:17:28.759945Z,2026-04-23T06:21:19.964764Z,231.204819,1,True,True,False,0.0,0.0,0.00432516936422506,0.0,0.0,,2145,3570,5715,230.45868354399863,230.45868354399863,,,5715.0,0.0,1.0,1.0
8bb4e3c8-84e7-4e47-9925-e1164430bf4f,math:Orz57K,824,2026-04-23T06:17:30.684370Z,2026-04-23T06:28:19.144034Z,648.459664,1,True,True,False,0.0,0.0,0.0015421159642089936,0.0,0.0,,8142,200,8342,642.4746297989768,642.4746297989768,,,8342.0,0.0,1.0,1.0
e198e5e1-0946-457a-a45a-49316951788a,math:Orz57K,825,2026-04-23T06:17:36.744556Z,2026-04-23T06:21:26.127064Z,229.382508,1,True,True,False,0.0,0.0,0.004359530326523415,0.0,0.0,,2025,976,3001,228.6178489879967,228.6178489879967,,,3001.0,0.0,1.0,1.0
44d8afcf-13b6-44f3-a03d-1961b835e7f9,math:Orz57K,822,2026-04-23T06:17:42.019850Z,2026-04-23T06:21:51.449470Z,249.42962,1,True,True,False,0.0,0.0,0.004009146948946962,0.0,0.0,,1970,4096,6066,248.7167591030011,248.7167591030011,,,6066.0,0.0,1.0,1.0
9297c5d7-7010-4123-96cf-ab471204c40e,math:Orz57K,823,2026-04-23T06:17:42.579841Z,2026-04-23T06:22:13.636780Z,271.056939,1,True,True,False,0.0,0.0,0.0036892617606074274,0.0,0.0,,2145,3570,5715,270.33268116999534,270.33268116999534,,,5715.0,0.0,1.0,1.0
197c3304-2ba4-4367-81fd-036cb69eaa6a,math:Orz57K,824,2026-04-23T06:17:44.024284Z,2026-04-23T06:28:48.550211Z,664.525927,1,True,True,False,0.0,0.0,0.0015048321809120323,0.0,0.0,,8142,200,8342,658.5121409629937,658.5121409629937,,,8342.0,0.0,1.0,1.0
4ad2c93b-5ab3-498b-8c77-bac9c866253b,math:Orz57K,825,2026-04-23T06:17:45.999532Z,2026-04-23T06:22:19.721626Z,273.722094,1,True,True,False,0.0,0.0,0.003653340457054957,0.0,0.0,,2025,976,3001,272.94196080799156,272.94196080799156,,,3001.0,0.0,1.0,1.0
d4e21e83-def5-4926-975e-f8d5d8bac69b,math:Orz57K,826,2026-04-23T06:17:49.035456Z,2026-04-23T06:22:22.351736Z,273.31628,1,True,True,True,1.0,1.0,0.0036587648565976384,0.0036587648565976384,0.0,,1992,462,2454,272.6017362130078,272.6017362130078,,,2454.0,0.0,1.0,1.0
2b62f53b-53f3-423b-aad8-049e56ec5924,math:Orz57K,823,2026-04-23T06:17:49.645902Z,2026-04-23T06:22:44.449587Z,294.803685,1,True,True,False,0.0,0.0,0.0033920878567036913,0.0,0.0,,2145,3570,5715,294.08568748499965,294.08568748499965,,,5715.0,0.0,1.0,1.0
60f9da7f-9a87-4816-8e45-da4f73b51ade,math:Orz57K,824,2026-04-23T06:17:55.069879Z,2026-04-23T06:29:20.203694Z,685.133815,1,True,True,False,0.0,0.0,0.0014595688872837199,0.0,0.0,,8142,200,8342,679.1566100620112,679.1566100620112,,,8342.0,0.0,1.0,1.0
38bf1b4a-3a02-47bd-ace0-748f786c5a9d,math:Orz57K,825,2026-04-23T06:17:56.479616Z,2026-04-23T06:22:50.499294Z,294.019678,1,True,True,False,0.0,0.0,0.0034011328996829933,0.0,0.0,,2025,976,3001,293.24465156199585,293.24465156199585,,,3001.0,0.0,1.0,1.0
70746f2e-5da8-4636-938e-7f6b30f32490,math:Orz57K,826,2026-04-23T06:17:58.454795Z,2026-04-23T06:22:53.198419Z,294.743624,1,True,True,True,1.0,1.0,0.003392779075010627,0.003392779075010627,0.0,,1992,462,2454,294.01950094300264,294.01950094300264,,,2454.0,0.0,1.0,1.0
f5224a42-f26b-42d5-a5ff-1a8efc0eef2f,math:Orz57K,827,2026-04-23T06:17:59.085450Z,2026-04-23T06:24:26.301865Z,387.216415,1,True,True,True,1.0,1.0,0.0025825351438161525,0.0025825351438161525,0.0,,4292,364,4656,384.68108007198316,384.68108007198316,,,4656.0,0.0,1.0,1.0
e42774e8-42ef-4dd8-80d6-a28e3faa6766,math:Orz57K,824,2026-04-23T06:18:02.226470Z,2026-04-23T06:29:48.650367Z,706.423897,1,True,True,False,0.0,0.0,0.0014155806510039396,0.0,0.0,,8142,200,8342,700.4451361650135,700.4451361650135,,,8342.0,0.0,1.0,1.0
61bf0bd4-f1f4-48b8-9328-0018671daf98,math:Orz57K,825,2026-04-23T06:18:05.296522Z,2026-04-23T06:23:01.120239Z,295.823717,1,True,True,False,0.0,0.0,0.003380391572863646,0.0,0.0,,2025,976,3001,295.08021095299046,295.08021095299046,,,3001.0,0.0,1.0,1.0
f8fa63a5-185d-4ce1-af22-368ac2688497,math:Orz57K,826,2026-04-23T06:18:06.778899Z,2026-04-23T06:23:03.863843Z,297.084944,1,True,True,True,1.0,1.0,0.003366040656708608,0.003366040656708608,0.0,,1992,462,2454,296.3301976490038,296.3301976490038,,,2454.0,0.0,1.0,1.0
be325b9d-80ff-4437-9656-48a58213639d,math:Orz57K,827,2026-04-23T06:18:08.740826Z,2026-04-23T06:24:55.058241Z,406.317415,1,True,True,True,1.0,1.0,0.0024611300502588597,0.0024611300502588597,0.0,,4292,364,4656,403.8797065749968,403.8797065749968,,,4656.0,0.0,1.0,1.0
51bbd95f-6969-4a44-8a2e-b2461956af79,math:Orz57K,828,2026-04-23T06:18:11.782411Z,2026-04-23T06:24:55.161259Z,403.378848,1,True,True,True,1.0,1.0,0.002479059090376499,0.002479059090376499,0.0,,3999,65,4064,400.85723491701356,400.85723491701356,,,4064.0,0.0,1.0,1.0
4313c5fd-877c-464b-ad41-afed47936b9e,math:Orz57K,825,2026-04-23T06:18:14.844421Z,2026-04-23T06:23:11.729405Z,296.884984,1,True,True,False,0.0,0.0,0.0033683077753774173,0.0,0.0,,2025,976,3001,296.09787583998695,296.09787583998695,,,3001.0,0.0,1.0,1.0
0f82f775-7cc2-47dc-817b-7f8380787b22,math:Orz57K,826,2026-04-23T06:18:40.197076Z,2026-04-23T06:23:14.357100Z,274.160024,1,True,True,True,1.0,1.0,0.003647504787204133,0.003647504787204133,0.0,,1992,462,2454,273.4284594100027,273.4284594100027,,,2454.0,0.0,1.0,1.0
8ac636a6-03d4-4db7-9092-09e01055f994,math:Orz57K,827,2026-04-23T06:18:42.085856Z,2026-04-23T06:24:58.756449Z,376.670593,1,True,True,True,1.0,1.0,0.0026548395828712864,0.0026548395828712864,0.0,,4292,364,4656,374.1326009920158,374.1326009920158,,,4656.0,0.0,1.0,1.0
5aa32bc0-c3b6-4540-a4ff-623a9a24875f,math:Orz57K,828,2026-04-23T06:18:45.231714Z,2026-04-23T06:24:58.842622Z,373.610908,1,True,True,True,1.0,1.0,0.0026765813807556175,0.0026765813807556175,0.0,,3999,65,4064,371.03963676399144,371.03963676399144,,,4064.0,0.0,1.0,1.0
3d200630-c473-4c0e-82fc-0f1f28895a36,math:Orz57K,829,2026-04-23T06:18:48.237598Z,2026-04-23T06:24:58.953184Z,370.715586,1,True,True,True,1.0,1.0,0.0026974857215741666,0.0026974857215741666,0.0,,4001,101,4102,368.169569863996,368.169569863996,,,4102.0,0.0,1.0,1.0
5a5f414c-7e78-4dab-9026-4ca9421260c6,math:Orz57K,826,2026-04-23T06:19:13.533936Z,2026-04-23T06:23:19.675938Z,246.142002,1,True,True,True,1.0,1.0,0.004062695484210777,0.004062695484210777,0.0,,1992,462,2454,245.4251684740011,245.4251684740011,,,2454.0,0.0,1.0,1.0
b3a1af71-b937-4a21-ba07-c74bb2ea7feb,math:Orz57K,827,2026-04-23T06:19:35.623165Z,2026-04-23T06:25:23.017068Z,347.393903,1,True,True,True,1.0,1.0,0.002878576714686901,0.002878576714686901,0.0,,4292,364,4656,344.8544843009877,344.8544843009877,,,4656.0,0.0,1.0,1.0
0b3f3fc8-de53-49a6-96f1-c6e7715796ec,math:Orz57K,828,2026-04-23T06:19:38.712676Z,2026-04-23T06:25:23.069436Z,344.35676,1,True,True,True,1.0,1.0,0.002903965062280177,0.002903965062280177,0.0,,3999,65,4064,341.78390591400967,341.78390591400967,,,4064.0,0.0,1.0,1.0
3baa3c96-07d1-4cb0-a0af-88afb3439d95,math:Orz57K,829,2026-04-23T06:19:41.802318Z,2026-04-23T06:25:23.178779Z,341.376461,1,True,True,True,1.0,1.0,0.002929317379032762,0.002929317379032762,0.0,,4001,101,4102,338.8395693420025,338.8395693420025,,,4102.0,0.0,1.0,1.0
3a4d9936-3380-4c95-ae1b-3632ac7d7f5b,math:Orz57K,830,2026-04-23T06:20:07.041241Z,2026-04-23T06:23:23.849776Z,196.808535,1,True,True,True,1.0,1.0,0.005081080452125717,0.005081080452125717,0.0,,1952,256,2208,196.0758952269971,196.0758952269971,,,2208.0,0.0,1.0,1.0
7dd70c89-9833-48d3-8878-b9fecfd3d6cc,math:Orz57K,827,2026-04-23T06:20:29.013890Z,2026-04-23T06:25:27.937946Z,298.924056,1,True,True,True,1.0,1.0,0.003345331297123842,0.003345331297123842,0.0,,4292,364,4656,296.4483692969952,296.4483692969952,,,4656.0,0.0,1.0,1.0
90414fa3-fd65-4ca4-9f65-b96bf7df438d,math:Orz57K,828,2026-04-23T06:20:32.509929Z,2026-04-23T06:25:28.364296Z,295.854367,1,True,True,True,1.0,1.0,0.003380041370151551,0.003380041370151551,0.0,,3999,65,4064,293.2571010529937,293.2571010529937,,,4064.0,0.0,1.0,1.0
7b493005-2498-447a-8951-e20964939034,math:Orz57K,829,2026-04-23T06:20:57.816512Z,2026-04-23T06:25:28.459907Z,270.643395,1,True,True,True,1.0,1.0,0.003694898964742886,0.003694898964742886,0.0,,4001,101,4102,268.0943889060145,268.0943889060145,,,4102.0,0.0,1.0,1.0
99951dfb-c304-4424-b12b-039f4b0517c9,math:Orz57K,830,2026-04-23T06:21:19.989941Z,2026-04-23T06:23:28.414019Z,128.424078,1,True,True,True,1.0,1.0,0.0077867018052487,0.0077867018052487,0.0,,1952,256,2208,127.69165654599783,127.69165654599783,,,2208.0,0.0,1.0,1.0
35d6ce9a-c7a9-42b1-8269-709f2610b653,math:Orz57K,831,2026-04-23T06:21:26.152652Z,2026-04-23T06:31:38.657694Z,612.505042,1,True,True,False,0.0,0.0,0.001632639621601678,0.0,0.0,,25560,7160,32720,606.4956735199958,606.4956735199958,,,32720.0,0.0,1.0,1.0
99b54bd9-ff50-4513-a628-239d3588ba74,math:Orz57K,828,2026-04-23T06:21:51.472474Z,2026-04-23T06:25:50.068095Z,238.595621,1,True,True,True,1.0,1.0,0.004191191757035642,0.004191191757035642,0.0,,3999,65,4064,235.97852017699915,235.97852017699915,,,4064.0,0.0,1.0,1.0
c6780375-2313-4aab-903a-5ff92f5e3d8e,math:Orz57K,829,2026-04-23T06:22:13.661164Z,2026-04-23T06:25:50.151090Z,216.489926,1,True,True,True,1.0,1.0,0.004619152578951872,0.004619152578951872,0.0,,4001,101,4102,213.91180421799072,213.91180421799072,,,4102.0,0.0,1.0,1.0
4c705fc8-2d72-4511-8a90-1c601767f70f,math:Orz57K,830,2026-04-23T06:22:19.745145Z,2026-04-23T06:23:55.366220Z,95.621075,1,True,True,True,1.0,1.0,0.010457945594106738,0.010457945594106738,0.0,,1952,256,2208,94.86145336700429,94.86145336700429,,,2208.0,0.0,1.0,1.0
0861d98f-8294-41e0-b5bd-697df32cc24e,math:Orz57K,831,2026-04-23T06:22:22.377623Z,2026-04-23T06:31:43.257356Z,560.879733,1,True,True,False,0.0,0.0,0.001782913414701686,0.0,0.0,,25560,7160,32720,554.9541983410018,554.9541983410018,,,32720.0,0.0,1.0,1.0
846b491a-4401-404f-9782-03e31576805a,math:Orz57K,832,2026-04-23T06:22:44.473908Z,2026-04-23T06:24:23.369344Z,98.895436,1,True,True,False,0.0,0.0,0.010111690088509241,0.0,0.0,,1983,730,2713,98.14470466099738,98.14470466099738,,,2713.0,0.0,1.0,1.0
f8f50409-ebd7-4a96-a0ce-b2901596f4fb,math:Orz57K,829,2026-04-23T06:22:50.523335Z,2026-04-23T06:26:38.323592Z,227.800257,1,True,True,True,1.0,1.0,0.004389810675235542,0.004389810675235542,0.0,,4001,101,4102,225.27298798100674,225.27298798100674,,,4102.0,0.0,1.0,1.0
1b465348-244f-4ae6-b3d2-937a782f48da,math:Orz57K,830,2026-04-23T06:22:53.223821Z,2026-04-23T06:24:25.807579Z,92.583758,1,True,True,True,1.0,1.0,0.010801030565209936,0.010801030565209936,0.0,,1952,256,2208,91.85968351099291,91.85968351099291,,,2208.0,0.0,1.0,1.0
8df5d53e-70e3-4888-8c51-bbd23f589644,math:Orz57K,831,2026-04-23T06:23:01.145307Z,2026-04-23T06:32:47.939980Z,586.794673,1,True,True,False,0.0,0.0,0.0017041736164499911,0.0,0.0,,25560,7160,32720,580.7330548789905,580.7330548789905,,,32720.0,0.0,1.0,1.0
946ac922-d55a-44a5-9718-801469b7d92e,math:Orz57K,832,2026-04-23T06:23:03.888193Z,2026-04-23T06:24:54.637788Z,110.749595,1,True,True,False,0.0,0.0,0.009029378391857776,0.0,0.0,,1983,730,2713,109.97245768801076,109.97245768801076,,,2713.0,0.0,1.0,1.0
96b7b25d-deba-4d46-8a88-4598baddc383,math:Orz57K,833,2026-04-23T06:23:11.754202Z,2026-04-23T06:24:56.822895Z,105.068693,1,True,True,False,0.0,0.0,0.009517582939763037,0.0,0.0,,1978,272,2250,104.27107731299475,104.27107731299475,,,2250.0,0.0,1.0,1.0
9c3e1001-bf5b-47a6-9027-b3572584a13b,math:Orz57K,830,2026-04-23T06:23:14.381888Z,2026-04-23T06:24:58.251569Z,103.869681,1,True,True,True,1.0,1.0,0.0096274484563017,0.0096274484563017,0.0,,1952,256,2208,103.14565170000424,103.14565170000424,,,2208.0,0.0,1.0,1.0
dabcacc7-ed42-4530-b3fb-8b1f80b25c92,math:Orz57K,831,2026-04-23T06:23:19.700274Z,2026-04-23T06:33:50.076872Z,630.376598,1,True,True,False,0.0,0.0,0.0015863533055838473,0.0,0.0,,25560,7160,32720,624.3392702290294,624.3392702290294,,,32720.0,0.0,1.0,1.0
b4017089-870a-4a16-910c-c53b8448ddca,math:Orz57K,832,2026-04-23T06:23:23.875433Z,2026-04-23T06:25:27.506106Z,123.630673,1,True,True,False,0.0,0.0,0.008088607590124499,0.0,0.0,,1983,730,2713,122.87120527599473,122.87120527599473,,,2713.0,0.0,1.0,1.0
ab42d29c-192d-4300-93e5-d884c0c8511a,math:Orz57K,833,2026-04-23T06:23:28.438886Z,2026-04-23T06:25:30.138202Z,121.699316,1,True,True,False,0.0,0.0,0.008216973051845254,0.0,0.0,,1978,272,2250,120.93213456199737,120.93213456199737,,,2250.0,0.0,1.0,1.0
efebdd9c-3982-40d3-a79c-84214c98db3d,math:Orz57K,834,2026-04-23T06:23:55.389792Z,2026-04-23T06:25:54.309630Z,118.919838,1,True,True,False,0.0,0.0,0.008409025918787411,0.0,0.0,,1975,640,2615,118.15032548300223,118.15032548300223,,,2615.0,0.0,1.0,1.0
e8eb03d8-d026-4ce3-a8a5-d04bf3bf1962,math:Orz57K,831,2026-04-23T06:24:23.394645Z,2026-04-23T06:36:12.891839Z,709.497194,1,True,True,False,0.0,0.0,0.0014094488441345407,0.0,0.0,,25560,7160,32720,703.4703779559786,703.4703779559786,,,32720.0,0.0,1.0,1.0
3c2c0764-c395-48c6-92b8-77e847cf3031,math:Orz57K,832,2026-04-23T06:24:25.832248Z,2026-04-23T06:26:42.678524Z,136.846276,1,True,True,False,0.0,0.0,0.00730746958726155,0.0,0.0,,1983,730,2713,136.0595388130023,136.0595388130023,,,2713.0,0.0,1.0,1.0
f18f7bd4-a7ce-4262-864a-940a465d82cd,math:Orz57K,833,2026-04-23T06:24:26.333424Z,2026-04-23T06:26:44.240731Z,137.907307,1,True,True,False,0.0,0.0,0.007251247390393897,0.0,0.0,,1978,272,2250,137.15313312399667,137.15313312399667,,,2250.0,0.0,1.0,1.0
85af0f5e-dd37-4fae-9c01-5afabad0a603,math:Orz57K,834,2026-04-23T06:24:54.663229Z,2026-04-23T06:27:07.893726Z,133.230497,1,True,True,False,0.0,0.0,0.007505789008653176,0.0,0.0,,1975,640,2615,132.48280275499565,132.48280275499565,,,2615.0,0.0,1.0,1.0
d9239d69-8a51-425e-b01a-dbd5f026ed7d,math:Orz57K,835,2026-04-23T06:24:55.082488Z,2026-04-23T06:29:56.457413Z,301.374925,1,True,True,False,0.0,0.0,0.0033181260849753837,0.0,0.0,,4382,400,4782,298.8084225169878,298.8084225169878,,,4782.0,0.0,1.0,1.0
8d80ad34-3cdd-45e3-b273-090ea30362be,math:Orz57K,832,2026-04-23T06:24:55.186629Z,2026-04-23T06:27:14.452440Z,139.265811,1,True,True,False,0.0,0.0,0.007180513241688586,0.0,0.0,,1983,730,2713,138.52520225998887,138.52520225998887,,,2713.0,0.0,1.0,1.0
9f3547af-9fe6-4d5b-a9ce-2016fc456ecb,math:Orz57K,833,2026-04-23T06:24:56.846526Z,2026-04-23T06:27:16.068641Z,139.222115,1,True,True,False,0.0,0.0,0.00718276690452519,0.0,0.0,,1978,272,2250,138.45905676500115,138.45905676500115,,,2250.0,0.0,1.0,1.0
51f4736b-7012-4623-b04c-d8ea2db9b496,math:Orz57K,834,2026-04-23T06:24:58.279751Z,2026-04-23T06:27:19.814204Z,141.534453,1,True,True,False,0.0,0.0,0.007065417492375513,0.0,0.0,,1975,640,2615,140.77468990700436,140.77468990700436,,,2615.0,0.0,1.0,1.0
be2fb0e6-a91a-4d73-bd37-9521ded2d858,math:Orz57K,835,2026-04-23T06:24:58.780434Z,2026-04-23T06:30:08.813131Z,310.032697,1,True,True,False,0.0,0.0,0.003225466248161561,0.0,0.0,,4382,400,4782,307.4455932150013,307.4455932150013,,,4782.0,0.0,1.0,1.0
abb470b6-f11d-4b39-a4f4-39e4fb65ce0c,math:Orz57K,836,2026-04-23T06:24:58.869058Z,2026-04-23T06:27:26.182081Z,147.313023,1,True,True,False,0.0,0.0,0.006788266099189344,0.0,0.0,,2042,691,2733,146.58590996899875,146.58590996899875,,,2733.0,0.0,1.0,1.0
7afe3761-c01d-4555-8c93-0b3d0bcc23c2,math:Orz57K,833,2026-04-23T06:24:58.978701Z,2026-04-23T06:27:27.867218Z,148.888517,1,True,True,False,0.0,0.0,0.006716434686497683,0.0,0.0,,1978,272,2250,148.10735409100016,148.10735409100016,,,2250.0,0.0,1.0,1.0
952f4efd-886f-4163-9965-fad5fafa43f4,math:Orz57K,834,2026-04-23T06:25:23.041492Z,2026-04-23T06:27:31.678358Z,128.636866,1,True,True,False,0.0,0.0,0.007773821230999207,0.0,0.0,,1975,640,2615,127.8558564720006,127.8558564720006,,,2615.0,0.0,1.0,1.0
8e9f213f-63a4-4ced-bddd-37c76d4515d8,math:Orz57K,835,2026-04-23T06:25:23.095488Z,2026-04-23T06:30:20.809205Z,297.713717,1,True,True,False,0.0,0.0,0.0033589315604158074,0.0,0.0,,4382,400,4782,295.1913347370137,295.1913347370137,,,4782.0,0.0,1.0,1.0
30d92c5a-92a7-47ce-970d-ab0a9ad4f6db,math:Orz57K,836,2026-04-23T06:25:23.211825Z,2026-04-23T06:27:38.114020Z,134.902195,1,True,True,False,0.0,0.0,0.007412777827669891,0.0,0.0,,2042,691,2733,134.1704136269982,134.1704136269982,,,2733.0,0.0,1.0,1.0
bdd5034c-4ed2-4fa3-8289-f853fcd4e4db,math:Orz57K,837,2026-04-23T06:25:27.531317Z,2026-04-23T06:28:03.850682Z,156.319365,1,True,True,False,0.0,0.0,0.00639716007034701,0.0,0.0,,2008,1022,3030,155.56365943900892,155.56365943900892,,,3030.0,0.0,1.0,1.0
997dea63-7b1d-42c2-8d1b-433d1c9275ad,math:Orz57K,834,2026-04-23T06:25:27.963150Z,2026-04-23T06:28:07.659367Z,159.696217,1,True,True,False,0.0,0.0,0.006261889096596447,0.0,0.0,,1975,640,2615,158.90641684600268,158.90641684600268,,,2615.0,0.0,1.0,1.0
28c22322-8ead-4261-91a4-914bb69f45a7,math:Orz57K,835,2026-04-23T06:25:28.390632Z,2026-04-23T06:30:56.692517Z,328.301885,1,True,True,False,0.0,0.0,0.003045977028124587,0.0,0.0,,4382,400,4782,325.81320267800766,325.81320267800766,,,4782.0,0.0,1.0,1.0
52ad1f64-9880-4906-ab12-bc5adbb01712,math:Orz57K,836,2026-04-23T06:25:28.485555Z,2026-04-23T06:28:13.926767Z,165.441212,1,True,True,False,0.0,0.0,0.006044443146366698,0.0,0.0,,2042,691,2733,164.70342604500183,164.70342604500183,,,2733.0,0.0,1.0,1.0
bcb97ff2-d6f9-44b5-aa87-297cc9fb0a2c,math:Orz57K,837,2026-04-23T06:25:30.164102Z,2026-04-23T06:28:18.824256Z,168.660154,1,True,True,False,0.0,0.0,0.005929082692524993,0.0,0.0,,2008,769,2777,167.91477935400326,167.91477935400326,,,2777.0,0.0,1.0,1.0
a705cc86-2174-4483-80c0-d6077bfd2810,math:Orz57K,838,2026-04-23T06:25:50.093587Z,2026-04-23T06:28:42.945664Z,172.852077,1,True,True,False,0.0,0.0,0.005785293514291991,0.0,0.0,,1992,3821,5813,172.14470679601072,172.14470679601072,,,5813.0,0.0,1.0,1.0
ae71e965-8602-4944-a961-fe88769d5aa6,math:Orz57K,835,2026-04-23T06:25:50.175806Z,2026-04-23T06:31:33.768168Z,343.592362,1,True,True,False,0.0,0.0,0.002910425581579139,0.0,0.0,,4273,290,4563,341.042820112998,341.042820112998,,,4563.0,0.0,1.0,1.0
aef45e03-5888-4206-9fc4-3bf3b5256404,math:Orz57K,836,2026-04-23T06:25:54.335640Z,2026-04-23T06:28:52.217378Z,177.881738,1,True,True,False,0.0,0.0,0.005621712556012916,0.0,0.0,,2042,612,2654,177.11924589599948,177.11924589599948,,,2654.0,0.0,1.0,1.0
6a6602ff-fee3-4968-ab58-2354c41866de,math:Orz57K,837,2026-04-23T06:26:38.349605Z,2026-04-23T06:29:00.361637Z,142.012032,1,True,True,False,0.0,0.0,0.007041656864680311,0.0,0.0,,2008,769,2777,141.23270625299483,141.23270625299483,,,2777.0,0.0,1.0,1.0
11b9e5f2-a0e3-448d-8ea9-6695fb1cb01c,math:Orz57K,838,2026-04-23T06:26:42.703043Z,2026-04-23T06:29:43.709895Z,181.006852,1,True,True,False,0.0,0.0,0.0055246527352456245,0.0,0.0,,1992,3821,5813,180.25067286800186,180.25067286800186,,,5813.0,0.0,1.0,1.0
f74a7f4c-023b-4dbf-a771-d857536053db,math:Orz57K,839,2026-04-23T06:26:44.266174Z,2026-04-23T06:29:48.419171Z,184.152997,1,True,True,False,0.0,0.0,0.005430267311913474,0.0,0.0,,1970,799,2769,183.31348748000164,183.31348748000164,,,2769.0,0.0,1.0,1.0
16324951-7478-41c7-8fa6-0503d0cc47fa,math:Orz57K,836,2026-04-23T06:27:07.918014Z,2026-04-23T06:29:56.330549Z,168.412535,1,True,True,True,1.0,1.0,0.005937800294972106,0.005937800294972106,0.0,,2042,704,2746,167.66315351100639,167.66315351100639,,,2746.0,0.0,1.0,1.0
a0ab72eb-868f-483b-9e79-7a4a24b618c7,math:Orz57K,837,2026-04-23T06:27:14.478595Z,2026-04-23T06:30:01.922378Z,167.443783,1,True,True,False,0.0,0.0,0.005972153651115252,0.0,0.0,,2008,915,2923,166.6589042509877,166.6589042509877,,,2923.0,0.0,1.0,1.0
976ede8f-7398-4ebc-8ab8-2eca78fddc46,math:Orz57K,838,2026-04-23T06:27:16.093690Z,2026-04-23T06:30:05.119940Z,169.02625,1,True,True,True,1.0,1.0,0.0059162408205826016,0.0059162408205826016,0.0,,1992,554,2546,168.3010859680071,168.3010859680071,,,2546.0,0.0,1.0,1.0
9b4095d9-91a2-478f-af30-5233e6c9cbaf,math:Orz57K,839,2026-04-23T06:27:19.838852Z,2026-04-23T06:30:08.729938Z,168.891086,1,True,True,False,0.0,0.0,0.005920975604360789,0.0,0.0,,1970,604,2574,168.06553225198877,168.06553225198877,,,2574.0,0.0,1.0,1.0
7b3ec5b2-c03f-4d1f-b76a-aa6dd318c4b6,math:Orz57K,840,2026-04-23T06:27:26.205955Z,2026-04-23T06:30:12.052623Z,165.846668,1,True,True,True,1.0,1.0,0.0060296659080301815,0.0060296659080301815,0.0,,1962,567,2529,165.11912907499936,165.11912907499936,,,2529.0,0.0,1.0,1.0
a34686b2-a47b-47bc-9195-2b29b03a4093,math:Orz57K,837,2026-04-23T06:27:27.893333Z,2026-04-23T06:30:17.423909Z,169.530576,1,True,True,False,0.0,0.0,0.005898640962560052,0.0,0.0,,2008,915,2923,168.78606911399402,168.78606911399402,,,2923.0,0.0,1.0,1.0
ba0bad77-b1dc-4a83-a9aa-ff8fa337c1be,math:Orz57K,838,2026-04-23T06:27:31.703806Z,2026-04-23T06:30:20.643142Z,168.939336,1,True,True,True,1.0,1.0,0.005919284541286465,0.005919284541286465,0.0,,1992,554,2546,168.196519316989,168.196519316989,,,2546.0,0.0,1.0,1.0
82f3b00a-63b0-43de-8f02-b6a6e2e7b6ca,math:Orz57K,839,2026-04-23T06:27:38.138231Z,2026-04-23T06:30:24.323096Z,166.184865,1,True,True,False,0.0,0.0,0.0060173951460621876,0.0,0.0,,1970,604,2574,165.34369861299638,165.34369861299638,,,2574.0,0.0,1.0,1.0
2cc6a249-4b2b-4b0d-b5d4-558769c547e8,math:Orz57K,840,2026-04-23T06:28:03.876321Z,2026-04-23T06:30:31.173126Z,147.296805,1,True,True,True,1.0,1.0,0.006789013515941503,0.006789013515941503,0.0,,1962,567,2529,146.56871537400002,146.56871537400002,,,2529.0,0.0,1.0,1.0
5319e867-25ed-4604-92ef-cf629f438689,math:Orz57K,841,2026-04-23T06:28:07.683657Z,2026-04-23T06:30:56.537705Z,168.854048,1,True,True,False,0.0,0.0,0.0059222743656107074,0.0,0.0,,2123,4096,6219,168.13766088899865,168.13766088899865,,,6219.0,0.0,1.0,1.0
4882db70-5b4a-4041-a438-c61d7920ee88,math:Orz57K,838,2026-04-23T06:28:13.952104Z,2026-04-23T06:30:59.963547Z,166.011443,1,True,True,True,1.0,1.0,0.006023681150702364,0.006023681150702364,0.0,,1992,554,2546,165.26599945100315,165.26599945100315,,,2546.0,0.0,1.0,1.0
35dd372f-12f2-40d3-9d4c-845f70c5ada1,math:Orz57K,839,2026-04-23T06:28:14.281486Z,2026-04-23T06:31:03.643389Z,169.361903,1,True,True,False,0.0,0.0,0.005904515609983433,0.0,0.0,,1970,604,2574,168.52020877299947,168.52020877299947,,,2574.0,0.0,1.0,1.0
3e17e583-4af0-4a3b-9ee7-6a240841f635,math:Orz57K,840,2026-04-23T06:28:18.850484Z,2026-04-23T06:31:06.879224Z,168.02874,1,True,True,True,1.0,1.0,0.005951362844237242,0.005951362844237242,0.0,,1962,567,2529,167.27634193800623,167.27634193800623,,,2529.0,0.0,1.0,1.0
15301bf9-199e-43c0-b463-b2888cda5c23,math:Orz57K,841,2026-04-23T06:28:19.168507Z,2026-04-23T06:31:32.202303Z,193.033796,1,True,True,False,0.0,0.0,0.0051804400095825705,0.0,0.0,,2123,4096,6219,192.27781861199765,192.27781861199765,,,6219.0,0.0,1.0,1.0
ea0d122c-5eca-431f-9e51-557eb26dde16,math:Orz57K,842,2026-04-23T06:28:42.968539Z,2026-04-23T06:31:33.614106Z,170.645567,1,True,True,False,0.0,0.0,0.005860099489135865,0.0,0.0,,1949,244,2193,169.92362080101157,169.92362080101157,,,2193.0,0.0,1.0,1.0
030efd06-e0df-4267-96ab-8862d42ed0c3,math:Orz57K,839,2026-04-23T06:28:48.574253Z,2026-04-23T06:31:37.418446Z,168.844193,1,True,True,False,0.0,0.0,0.005922620033488508,0.0,0.0,,1970,604,2574,168.00906183100597,168.00906183100597,,,2574.0,0.0,1.0,1.0
873b5734-6fbd-41d1-a992-813884e529fb,math:Orz57K,840,2026-04-23T06:28:52.242137Z,2026-04-23T06:31:41.939827Z,169.69769,1,True,True,True,1.0,1.0,0.005892832129889334,0.005892832129889334,0.0,,1962,567,2529,168.9881319260021,168.9881319260021,,,2529.0,0.0,1.0,1.0
2ccae8f4-abb3-48dc-abbd-1a943894b152,math:Orz57K,841,2026-04-23T06:29:00.385976Z,2026-04-23T06:32:08.751589Z,188.365613,1,True,True,False,0.0,0.0,0.005308824599530276,0.0,0.0,,2123,4096,6219,187.63760800100863,187.63760800100863,,,6219.0,0.0,1.0,1.0
2c421330-58aa-4e71-8027-875c9d977957,math:Orz57K,842,2026-04-23T06:29:20.227106Z,2026-04-23T06:32:10.180926Z,169.95382,1,True,True,False,0.0,0.0,0.00588395129924117,0.0,0.0,,1949,244,2193,169.20870312000625,169.20870312000625,,,2193.0,0.0,1.0,1.0
79ecb089-d4ca-4310-a66d-7662a20ce207,math:Orz57K,843,2026-04-23T06:29:43.733355Z,2026-04-23T06:32:17.913768Z,154.180413,1,True,True,False,0.0,0.0,0.006485908167855278,0.0,0.0,,1994,691,2685,153.32755719700071,153.32755719700071,,,2685.0,0.0,1.0,1.0
6cb7fd0f-afc7-47a5-a2c9-f5f78136a50a,math:Orz57K,840,2026-04-23T06:29:48.443968Z,2026-04-23T06:32:21.105463Z,152.661495,1,True,True,True,1.0,1.0,0.006550440240350063,0.006550440240350063,0.0,,1962,567,2529,151.89186955300102,151.89186955300102,,,2529.0,0.0,1.0,1.0
2aaf5946-d618-40ab-a5c5-dbf52afe56d1,math:Orz57K,841,2026-04-23T06:29:48.673433Z,2026-04-23T06:32:46.514244Z,177.840811,1,True,True,False,0.0,0.0,0.0056230062963444315,0.0,0.0,,2123,4096,6219,177.1292247060046,177.1292247060046,,,6219.0,0.0,1.0,1.0
d4a642ca-229f-4b68-b1bd-fa1d7cc545e4,math:Orz57K,842,2026-04-23T06:29:56.356467Z,2026-04-23T06:32:49.639210Z,173.282743,1,True,True,False,0.0,0.0,0.005770915110687046,0.0,0.0,,1949,286,2235,172.5600791510078,172.5600791510078,,,2235.0,0.0,1.0,1.0
c70fa08b-74b6-40d9-9b1b-70bb41444790,math:Orz57K,843,2026-04-23T06:29:56.480006Z,2026-04-23T06:32:55.654173Z,179.174167,1,True,True,False,0.0,0.0,0.0055811617084286485,0.0,0.0,,1994,1014,3008,178.34546565299388,178.34546565299388,,,3008.0,0.0,1.0,1.0
b9b66f54-ccd1-4f1a-81de-534cc8b0e1aa,math:Orz57K,844,2026-04-23T06:30:01.948615Z,2026-04-23T06:32:58.304349Z,176.355734,1,True,True,False,0.0,0.0,0.0056703571657046314,0.0,0.0,,1957,466,2423,175.599107860995,175.599107860995,,,2423.0,0.0,1.0,1.0
7fb999bd-117c-4107-854d-6cdf57e1011d,math:Orz57K,841,2026-04-23T06:30:05.144158Z,2026-04-23T06:33:23.742994Z,198.598836,1,True,True,False,0.0,0.0,0.005035276238980575,0.0,0.0,,2123,4096,6219,197.87736074200075,197.87736074200075,,,6219.0,0.0,1.0,1.0
ba916005-ef54-4bc2-93fc-619188597f99,math:Orz57K,842,2026-04-23T06:30:08.755511Z,2026-04-23T06:33:25.359946Z,196.604435,1,True,True,False,0.0,0.0,0.005086355249310628,0.0,0.0,,1949,284,2233,195.8633049380005,195.8633049380005,,,2233.0,0.0,1.0,1.0
22a3756c-8b35-4289-a02d-cf938b31f239,math:Orz57K,843,2026-04-23T06:30:08.836537Z,2026-04-23T06:33:31.474201Z,202.637664,1,True,True,False,0.0,0.0,0.004934916738874368,0.0,0.0,,1994,1014,3008,201.8105691630044,201.8105691630044,,,3008.0,0.0,1.0,1.0
7d93c125-670a-4b05-875b-7d67c28eed26,math:Orz57K,844,2026-04-23T06:30:12.077541Z,2026-04-23T06:33:34.130128Z,202.052587,1,True,True,False,0.0,0.0,0.004949206614216724,0.0,0.0,,1957,466,2423,201.30975170100282,201.30975170100282,,,2423.0,0.0,1.0,1.0
bd92fb49-b564-4a1b-a17a-209cb90aa26b,math:Orz57K,845,2026-04-23T06:30:17.448234Z,2026-04-23T06:33:38.551935Z,201.103701,1,True,True,False,0.0,0.0,0.004972558908798998,0.0,0.0,,2163,723,2886,200.24891502001265,200.24891502001265,,,2886.0,0.0,1.0,1.0
e9af93e0-092f-4a71-b7f8-0630bfb2cbee,math:Orz57K,842,2026-04-23T06:30:20.673338Z,2026-04-23T06:33:40.050272Z,199.376934,1,True,True,False,0.0,0.0,0.0050156253280532435,0.0,0.0,,1949,284,2233,198.67463961699104,198.67463961699104,,,2233.0,0.0,1.0,1.0
d6ef32a6-32d6-4470-bf8a-dc139e0b8457,math:Orz57K,843,2026-04-23T06:30:20.833818Z,2026-04-23T06:33:46.147416Z,205.313598,1,True,True,False,0.0,0.0,0.004870598001015013,0.0,0.0,,1994,1014,3008,204.4572620090039,204.4572620090039,,,3008.0,0.0,1.0,1.0
9d17f800-5d3d-493c-9d7a-270411db9643,math:Orz57K,844,2026-04-23T06:30:24.347845Z,2026-04-23T06:33:48.782221Z,204.434376,1,True,True,False,0.0,0.0,0.004891545245795648,0.0,0.0,,1957,466,2423,203.65162808699824,203.65162808699824,,,2423.0,0.0,1.0,1.0
3c5c3a4f-c424-420c-8c88-bb81dc1b8b12,math:Orz57K,845,2026-04-23T06:30:31.197622Z,2026-04-23T06:38:32.408355Z,481.210733,1,True,True,False,0.0,0.0,0.0020780916372453396,0.0,0.0,,4502,162,4664,478.63237048199517,478.63237048199517,,,4664.0,0.0,1.0,1.0
699638ce-ca4e-4ca4-bf2e-1fac1751121b,math:Orz57K,846,2026-04-23T06:30:56.563252Z,2026-04-23T06:34:16.299977Z,199.736725,1,True,True,False,0.0,0.0,0.005006590550636093,0.0,0.0,,2047,4096,6143,199.02605194500939,199.02605194500939,,,6143.0,0.0,1.0,1.0
62a7eaa9-d2cb-42fa-b15d-50532b29a110,math:Orz57K,843,2026-04-23T06:30:56.715245Z,2026-04-23T06:34:20.445705Z,203.73046,1,True,True,False,0.0,0.0,0.004908446189146189,0.0,0.0,,1994,691,2685,202.88653641000565,202.88653641000565,,,2685.0,0.0,1.0,1.0
8809e3e5-7cfc-450f-b5b8-ef987c93eb40,math:Orz57K,844,2026-04-23T06:30:59.988594Z,2026-04-23T06:34:23.716956Z,203.728362,1,True,True,True,1.0,1.0,0.004908496736453416,0.004908496736453416,0.0,,1957,587,2544,202.99358109000605,202.99358109000605,,,2544.0,0.0,1.0,1.0
d55a5a75-751a-4c7b-bb2d-93ed1fce30c1,math:Orz57K,845,2026-04-23T06:31:03.669451Z,2026-04-23T06:34:28.166542Z,204.497091,1,True,True,False,0.0,0.0,0.0048900451107150465,0.0,0.0,,2163,731,2894,203.59165296501305,203.59165296501305,,,2894.0,0.0,1.0,1.0
118fac6d-5315-4763-89a9-0b0bf8deffd5,math:Orz57K,846,2026-04-23T06:31:06.902699Z,2026-04-23T06:34:53.421307Z,226.518608,1,True,True,False,0.0,0.0,0.004414648354187308,0.0,0.0,,2047,4096,6143,225.79340192199743,225.79340192199743,,,6143.0,0.0,1.0,1.0
a7b79af0-e2fb-4406-bfb8-a5916183aec0,math:Orz57K,847,2026-04-23T06:31:32.227786Z,2026-04-23T06:34:58.309737Z,206.081951,1,True,True,True,1.0,1.0,0.004852438533057172,0.004852438533057172,0.0,,2054,841,2895,205.36108907900052,205.36108907900052,,,2895.0,0.0,1.0,1.0
f7892271-dc54-4490-bfe5-402f03421d0e,math:Orz57K,844,2026-04-23T06:31:33.638319Z,2026-04-23T06:35:01.737648Z,208.099329,1,True,True,True,1.0,1.0,0.004805397522449483,0.004805397522449483,0.0,,1957,587,2544,207.390962407997,207.390962407997,,,2544.0,0.0,1.0,1.0
053603ca-cc14-4860-b846-ff0efcb75b65,math:Orz57K,845,2026-04-23T06:31:33.791933Z,2026-04-23T06:35:06.258076Z,212.466143,1,True,True,False,0.0,0.0,0.0047066322468140255,0.0,0.0,,2163,731,2894,211.59452514798613,211.59452514798613,,,2894.0,0.0,1.0,1.0
58deeeb4-68f0-48c3-95bf-99b5deb4b3c6,math:Orz57K,846,2026-04-23T06:31:37.443646Z,2026-04-23T06:35:31.399231Z,233.955585,1,True,True,False,0.0,0.0,0.0042743155714790905,0.0,0.0,,2047,4096,6143,233.2136915059964,233.2136915059964,,,6143.0,0.0,1.0,1.0
e9570168-5890-4e4e-b590-225b6772e823,math:Orz57K,847,2026-04-23T06:31:38.682023Z,2026-04-23T06:35:36.402503Z,237.72048,1,True,True,True,1.0,1.0,0.004206621154391073,0.004206621154391073,0.0,,2054,841,2895,236.9763842329994,236.9763842329994,,,2895.0,0.0,1.0,1.0
37b21f3f-bba6-427f-b698-d50db184f7c0,math:Orz57K,848,2026-04-23T06:31:41.964764Z,2026-04-23T06:39:39.449315Z,477.484551,1,True,True,True,1.0,1.0,0.0020943085968031664,0.0020943085968031664,0.0,,4047,159,4206,475.0147170720011,475.0147170720011,,,4206.0,0.0,1.0,1.0
eb8cff88-6a16-4269-a711-a86e1694d21b,math:Orz57K,845,2026-04-23T06:31:43.281288Z,2026-04-23T06:35:41.401662Z,238.120374,1,True,True,False,0.0,0.0,0.004199556649444873,0.0,0.0,,2163,731,2894,237.23557713298942,237.23557713298942,,,2894.0,0.0,1.0,1.0
c3e550ce-d7be-40b0-a05f-9fecfb0cf567,math:Orz57K,846,2026-04-23T06:32:08.775095Z,2026-04-23T06:36:06.644869Z,237.869774,1,True,True,False,0.0,0.0,0.004203980956403481,0.0,0.0,,2047,4096,6143,237.1029045239993,237.1029045239993,,,6143.0,0.0,1.0,1.0
c2be132c-877d-40b9-9693-590d5d461e58,math:Orz57K,847,2026-04-23T06:32:10.205968Z,2026-04-23T06:36:11.536581Z,241.330613,1,True,True,True,1.0,1.0,0.004143693116960673,0.004143693116960673,0.0,,2054,841,2895,240.62841026100796,240.62841026100796,,,2895.0,0.0,1.0,1.0
278e4fae-a43d-4cc1-92ba-ffe1c8bb9de5,math:Orz57K,848,2026-04-23T06:32:17.938535Z,2026-04-23T06:40:13.946752Z,476.008217,1,True,True,True,1.0,1.0,0.002100804070783509,0.002100804070783509,0.0,,4047,159,4206,473.54253526100365,473.54253526100365,,,4206.0,0.0,1.0,1.0
3f5bdbac-93fa-41dd-a73f-91bc4ef95962,math:Orz57K,849,2026-04-23T06:32:21.129338Z,2026-04-23T06:36:16.585063Z,235.455725,1,True,True,False,0.0,0.0,0.004247082970694384,0.0,0.0,,1968,538,2506,234.7021096630051,234.7021096630051,,,2506.0,0.0,1.0,1.0
15ba9286-37a4-45e6-919b-89547ba2a14f,math:Orz57K,846,2026-04-23T06:32:46.538655Z,2026-04-23T06:36:20.274751Z,213.736096,1,True,True,False,0.0,0.0,0.004678666910805744,0.0,0.0,,2047,632,2679,212.96644258699962,212.96644258699962,,,2679.0,0.0,1.0,1.0
94860797-df97-4f0c-80ca-8957a0beb7b8,math:Orz57K,847,2026-04-23T06:32:47.963622Z,2026-04-23T06:36:45.638647Z,237.675025,1,True,True,False,0.0,0.0,0.00420742566451818,0.0,0.0,,2054,4096,6150,236.92652900599933,236.92652900599933,,,6150.0,0.0,1.0,1.0
9f631a62-6759-4510-ac14-67d7d13f5fd3,math:Orz57K,848,2026-04-23T06:32:49.663284Z,2026-04-23T06:40:43.876920Z,474.213636,1,True,True,True,1.0,1.0,0.002108754207143887,0.002108754207143887,0.0,,4047,159,4206,471.7843080710154,471.7843080710154,,,4206.0,0.0,1.0,1.0
bb93dc53-15fc-428f-8a9f-acd01f1c7170,math:Orz57K,849,2026-04-23T06:32:55.677899Z,2026-04-23T06:36:49.297475Z,233.619576,1,True,True,False,0.0,0.0,0.004280463209127646,0.0,0.0,,1968,538,2506,232.866429754009,232.866429754009,,,2506.0,0.0,1.0,1.0
cf7b0dde-37ea-4d38-b851-50a9a0eea46b,math:Orz57K,850,2026-04-23T06:32:58.329158Z,2026-04-23T06:37:11.038687Z,252.709529,1,True,True,False,0.0,0.0,0.003957112357247122,0.0,0.0,,2007,3558,5565,251.98418204300106,251.98418204300106,,,5565.0,0.0,1.0,1.0
a085220e-19b3-44d4-924f-b37c3a680029,math:Orz57K,847,2026-04-23T06:33:23.765425Z,2026-04-23T06:37:36.394478Z,252.629053,1,True,True,False,0.0,0.0,0.003958372911289819,0.0,0.0,,2054,4096,6150,251.90868238499388,251.90868238499388,,,6150.0,0.0,1.0,1.0
17bad59a-7931-4e7f-b584-b1ebb05104fc,math:Orz57K,848,2026-04-23T06:33:25.384481Z,2026-04-23T06:41:15.462200Z,470.077719,1,True,True,True,1.0,1.0,0.0021273078037548935,0.0021273078037548935,0.0,,4047,159,4206,467.57184635600424,467.57184635600424,,,4206.0,0.0,1.0,1.0
7c3dbd47-b742-4abf-bb64-0c68918db9ec,math:Orz57K,849,2026-04-23T06:33:31.498568Z,2026-04-23T06:37:40.160640Z,248.662072,1,True,True,False,0.0,0.0,0.004021522027693874,0.0,0.0,,1968,538,2506,247.8972720090096,247.8972720090096,,,2506.0,0.0,1.0,1.0
fc67ece0-ff37-4aad-b871-f973f9374708,math:Orz57K,850,2026-04-23T06:33:34.154210Z,2026-04-23T06:38:01.838909Z,267.684699,1,True,True,False,0.0,0.0,0.0037357383658301662,0.0,0.0,,2007,3558,5565,266.95998746600526,266.95998746600526,,,5565.0,0.0,1.0,1.0
7ff67e20-e944-4c29-899f-07397a3e203b,math:Orz57K,851,2026-04-23T06:33:38.577794Z,2026-04-23T06:38:04.368668Z,265.790874,1,True,True,False,0.0,0.0,0.003762356415593111,0.0,0.0,,1985,413,2398,264.9636345159961,264.9636345159961,,,2398.0,0.0,1.0,1.0
8a7823d2-8135-4b72-b8fb-be18143be445,math:Orz57K,848,2026-04-23T06:33:40.073386Z,2026-04-23T06:41:46.182211Z,486.108825,1,True,True,True,1.0,1.0,0.0020571525316373344,0.0020571525316373344,0.0,,4047,159,4206,483.64287390098616,483.64287390098616,,,4206.0,0.0,1.0,1.0
ab7a67fb-6ab1-4148-ac61-1e2364481c3c,math:Orz57K,849,2026-04-23T06:33:46.171809Z,2026-04-23T06:38:07.999892Z,261.828083,1,True,True,False,0.0,0.0,0.0038193000099229235,0.0,0.0,,1968,538,2506,261.07426253501035,261.07426253501035,,,2506.0,0.0,1.0,1.0
8807ff27-7b61-483e-8f6a-38d86b31c0ca,math:Orz57K,850,2026-04-23T06:33:48.808700Z,2026-04-23T06:38:29.659795Z,280.851095,1,True,True,False,0.0,0.0,0.0035606056654327806,0.0,0.0,,2007,3558,5565,280.1122475220036,280.1122475220036,,,5565.0,0.0,1.0,1.0
d0dac6d1-c5d3-41bc-8eec-bc1feb40e30b,math:Orz57K,851,2026-04-23T06:33:50.099998Z,2026-04-23T06:38:32.117147Z,282.017149,1,True,True,False,0.0,0.0,0.0035458836583019283,0.0,0.0,,1985,413,2398,281.24274786798924,281.24274786798924,,,2398.0,0.0,1.0,1.0
0d8f34d9-22e3-4cf8-ae2e-204312771b37,math:Orz57K,852,2026-04-23T06:34:16.325415Z,2026-04-23T06:38:34.648665Z,258.32325,1,True,True,False,0.0,0.0,0.003871118840445063,0.0,0.0,,1995,395,2390,257.5396234889922,257.5396234889922,,,2390.0,0.0,1.0,1.0
255a8ec6-d0a4-4ac5-b56a-4ccb806968c7,math:Orz57K,849,2026-04-23T06:34:20.470036Z,2026-04-23T06:38:37.790384Z,257.320348,1,True,True,False,0.0,0.0,0.003886206465102402,0.0,0.0,,1968,538,2506,256.5559040700027,256.5559040700027,,,2506.0,0.0,1.0,1.0
7d49d426-f476-4523-bd14-fc471854bc3e,math:Orz57K,850,2026-04-23T06:34:23.741981Z,2026-04-23T06:38:59.510375Z,275.768394,1,True,True,False,0.0,0.0,0.003626231365730766,0.0,0.0,,2007,3558,5565,275.0574208830076,275.0574208830076,,,5565.0,0.0,1.0,1.0
d402c244-33ad-49de-8798-e0f60e1b6263,math:Orz57K,851,2026-04-23T06:34:28.191912Z,2026-04-23T06:39:02.017291Z,273.825379,1,True,True,False,0.0,0.0,0.003651962442823826,0.0,0.0,,1985,413,2398,273.0562703350006,273.0562703350006,,,2398.0,0.0,1.0,1.0
08a3b446-7bed-4ecd-ac0d-dff113904e62,math:Orz57K,852,2026-04-23T06:34:53.445732Z,2026-04-23T06:39:04.351590Z,250.905858,1,True,True,False,0.0,0.0,0.003985558599432939,0.0,0.0,,1995,395,2390,250.14192164498672,250.14192164498672,,,2390.0,0.0,1.0,1.0
d698657e-212c-4c5d-b790-761b4e46df4f,math:Orz57K,853,2026-04-23T06:34:58.333150Z,2026-04-23T06:39:08.384317Z,250.051167,1,True,True,True,1.0,1.0,0.003999181495521675,0.003999181495521675,0.0,,1965,690,2655,249.32054458200582,249.32054458200582,,,2655.0,0.0,1.0,1.0
8b64881c-f866-45fd-bab2-6789c0bad491,math:Orz57K,850,2026-04-23T06:35:01.762026Z,2026-04-23T06:39:30.075448Z,268.313422,1,True,True,False,0.0,0.0,0.003726984630683142,0.0,0.0,,2007,3558,5565,267.58366385700356,267.58366385700356,,,5565.0,0.0,1.0,1.0
e85437ee-c4dd-4622-81ef-2a55af712962,math:Orz57K,851,2026-04-23T06:35:06.280275Z,2026-04-23T06:39:32.594140Z,266.313865,1,True,True,False,0.0,0.0,0.0037549678459287126,0.0,0.0,,1985,413,2398,265.5461243609898,265.5461243609898,,,2398.0,0.0,1.0,1.0
21ca4297-6261-4450-b86d-f9220ff31ea1,math:Orz57K,852,2026-04-23T06:35:31.423734Z,2026-04-23T06:39:34.923618Z,243.499884,1,True,True,False,0.0,0.0,0.004106778137109913,0.0,0.0,,1995,395,2390,242.7367150670034,242.7367150670034,,,2390.0,0.0,1.0,1.0
84aab09c-d7eb-4c40-beec-d3d95ff7f694,math:Orz57K,853,2026-04-23T06:35:36.427775Z,2026-04-23T06:39:38.947724Z,242.519949,1,True,True,True,1.0,1.0,0.004123372135460906,0.004123372135460906,0.0,,1965,690,2655,241.817548291001,241.817548291001,,,2655.0,0.0,1.0,1.0
7c8b4241-30af-49bf-9e17-db22c9e07ff4,math:Orz57K,854,2026-04-23T06:35:41.426111Z,2026-04-23T06:40:04.689835Z,263.263724,1,True,True,False,0.0,0.0,0.003798472439750187,0.0,0.0,,1972,4096,6068,262.52572198399866,262.52572198399866,,,6068.0,0.0,1.0,1.0
74c25cd3-b9fe-4429-a90e-b6f73640af35,math:Orz57K,851,2026-04-23T06:36:06.669330Z,2026-04-23T06:40:07.188000Z,240.51867,1,True,True,False,0.0,0.0,0.004157681397456588,0.0,0.0,,1985,413,2398,239.7150459359982,239.7150459359982,,,2398.0,0.0,1.0,1.0
43df0faa-5b9f-4323-9f64-3ceb8036dc2e,math:Orz57K,852,2026-04-23T06:36:11.560591Z,2026-04-23T06:40:09.477932Z,237.917341,1,True,True,False,0.0,0.0,0.004203140451204017,0.0,0.0,,1995,395,2390,237.15962850200594,237.15962850200594,,,2390.0,0.0,1.0,1.0
0786befc-f1a9-4d76-93f5-92af27eed1dd,math:Orz57K,853,2026-04-23T06:36:12.917115Z,2026-04-23T06:40:13.469641Z,240.552526,1,True,True,True,1.0,1.0,0.004157096234358395,0.004157096234358395,0.0,,1965,690,2655,239.83129290699435,239.83129290699435,,,2655.0,0.0,1.0,1.0
a7ad0970-060f-4c15-a6c2-ff7cfd62bc3e,math:Orz57K,854,2026-04-23T06:36:16.609346Z,2026-04-23T06:40:39.204548Z,262.595202,1,True,True,False,0.0,0.0,0.003808142694092332,0.0,0.0,,1972,4096,6068,261.8944233899965,261.8944233899965,,,6068.0,0.0,1.0,1.0
535a96d8-157d-4fef-9d7c-e577b01e8cc0,math:Orz57K,855,2026-04-23T06:36:20.299301Z,2026-04-23T06:40:41.106994Z,260.807693,1,True,True,True,1.0,1.0,0.003834242726881527,0.003834242726881527,0.0,,1959,319,2278,260.0779396420112,260.0779396420112,,,2278.0,0.0,1.0,1.0
0c7dcdad-91aa-4364-b279-9877914a5614,math:Orz57K,852,2026-04-23T06:36:45.661987Z,2026-04-23T06:40:43.428675Z,237.766688,1,True,True,False,0.0,0.0,0.004205803632172393,0.0,0.0,,1995,395,2390,237.01680340600433,237.01680340600433,,,2390.0,0.0,1.0,1.0
642e3d04-d18f-4e79-a332-7238d0cf8ccf,math:Orz57K,853,2026-04-23T06:36:49.321585Z,2026-04-23T06:40:47.895477Z,238.573892,1,True,True,True,1.0,1.0,0.004191573485333424,0.004191573485333424,0.0,,1965,690,2655,237.85103333200095,237.85103333200095,,,2655.0,0.0,1.0,1.0
861e27a0-8d5d-44f9-b2c9-d84ff9093661,math:Orz57K,854,2026-04-23T06:37:11.061851Z,2026-04-23T06:41:13.111990Z,242.050139,1,True,True,False,0.0,0.0,0.004131375442011211,0.0,0.0,,1972,4096,6068,241.3448359460017,241.3448359460017,,,6068.0,0.0,1.0,1.0
ee766751-c389-4132-a7ab-3d0e554a27e8,math:Orz57K,855,2026-04-23T06:37:36.418139Z,2026-04-23T06:41:14.959299Z,218.54116,1,True,True,True,1.0,1.0,0.004575797071819331,0.004575797071819331,0.0,,1959,319,2278,217.82887114900223,217.82887114900223,,,2278.0,0.0,1.0,1.0
40bac629-720f-4e40-b4e7-6aada1be9480,math:Orz57K,856,2026-04-23T06:37:40.185688Z,2026-04-23T06:41:16.353604Z,216.167916,1,True,True,True,1.0,1.0,0.004626033402662771,0.004626033402662771,0.0,,1974,155,2129,215.44025388298905,215.44025388298905,,,2129.0,0.0,1.0,1.0
c95301fa-a34a-4cc8-97d3-9704d0da77a3,math:Orz57K,853,2026-04-23T06:38:01.863447Z,2026-04-23T06:41:20.409201Z,198.545754,1,True,True,True,1.0,1.0,0.005036622440185753,0.005036622440185753,0.0,,1965,690,2655,197.80940192000708,197.80940192000708,,,2655.0,0.0,1.0,1.0
b5bdd546-7c8e-4c8b-9867-46223647ab1f,math:Orz57K,854,2026-04-23T06:38:04.399510Z,2026-04-23T06:41:45.694164Z,221.294654,1,True,True,False,0.0,0.0,0.004518861987511004,0.0,0.0,,1972,4096,6068,220.58698813599767,220.58698813599767,,,6068.0,0.0,1.0,1.0
8358c671-7cf1-4784-bed9-23fd2fab7c59,math:Orz57K,855,2026-04-23T06:38:08.024862Z,2026-04-23T06:41:48.022460Z,219.997598,1,True,True,True,1.0,1.0,0.004545504174095574,0.004545504174095574,0.0,,1959,319,2278,219.27136446100485,219.27136446100485,,,2278.0,0.0,1.0,1.0
23770368-1145-45ab-b41b-a743cc24db1b,math:Orz57K,856,2026-04-23T06:38:29.683787Z,2026-04-23T06:41:48.940888Z,199.257101,1,True,True,True,1.0,1.0,0.005018641719574149,0.005018641719574149,0.0,,1974,155,2129,198.51838628499536,198.51838628499536,,,2129.0,0.0,1.0,1.0
d4559ce7-b7e8-4401-8d6d-cb436518cab0,math:Orz57K,857,2026-04-23T06:38:32.142600Z,2026-04-23T06:41:51.081095Z,198.938495,1,True,True,True,1.0,1.0,0.005026679225657156,0.005026679225657156,0.0,,1942,368,2310,198.19255678499758,198.19255678499758,,,2310.0,0.0,1.0,1.0
f28cf112-c2cb-442f-8611-e7d068de5636,math:Orz57K,854,2026-04-23T06:38:32.432533Z,2026-04-23T06:42:16.434245Z,224.001712,1,True,True,False,0.0,0.0,0.004464251594648526,0.0,0.0,,1972,4096,6068,223.2791784049914,223.2791784049914,,,6068.0,0.0,1.0,1.0
f60b8bd7-4a9c-446f-ad4c-2778ea859ebd,math:Orz57K,855,2026-04-23T06:38:34.673834Z,2026-04-23T06:42:18.276805Z,223.602971,1,True,True,True,1.0,1.0,0.004472212491308982,0.004472212491308982,0.0,,1959,319,2278,222.8840035339963,222.8840035339963,,,2278.0,0.0,1.0,1.0
28497246-e9af-4b30-b5a9-d54d286915e9,math:Orz57K,856,2026-04-23T06:38:37.814836Z,2026-04-23T06:42:19.204408Z,221.389572,1,True,True,True,1.0,1.0,0.004516924582156923,0.004516924582156923,0.0,,1974,155,2129,220.6600690119958,220.6600690119958,,,2129.0,0.0,1.0,1.0
b4229c5f-dd73-42f1-9a38-459cada79c4d,math:Orz57K,857,2026-04-23T06:38:59.535705Z,2026-04-23T06:42:21.373252Z,201.837547,1,True,True,True,1.0,1.0,0.004954479554787693,0.004954479554787693,0.0,,1942,368,2310,201.08403743199597,201.08403743199597,,,2310.0,0.0,1.0,1.0
7901f8c8-9007-49e9-8c85-de0d6ee97eff,math:Orz57K,858,2026-04-23T06:39:02.041359Z,2026-04-23T06:42:26.056077Z,204.014718,1,True,True,True,1.0,1.0,0.004901607147774506,0.004901607147774506,0.0,,1946,810,2756,203.29107208599453,203.29107208599453,,,2756.0,0.0,1.0,1.0
b88e9cfd-1686-4f98-86cc-2f68c03b0066,math:Orz57K,855,2026-04-23T06:39:04.374788Z,2026-04-23T06:42:27.944888Z,203.5701,1,True,True,True,1.0,1.0,0.0049123127610587215,0.0049123127610587215,0.0,,1959,319,2278,202.80661013499775,202.80661013499775,,,2278.0,0.0,1.0,1.0
5904887f-b244-4580-987f-fb5462aaa340,math:Orz57K,856,2026-04-23T06:39:08.409017Z,2026-04-23T06:42:28.807460Z,200.398443,1,True,True,True,1.0,1.0,0.004990058730146921,0.004990058730146921,0.0,,1974,155,2129,199.6843384399981,199.6843384399981,,,2129.0,0.0,1.0,1.0
7e59c38c-edb6-484c-83fa-63bfb08e01bb,math:Orz57K,857,2026-04-23T06:39:30.099211Z,2026-04-23T06:42:30.916099Z,180.816888,1,True,True,True,1.0,1.0,0.005530456867502332,0.005530456867502332,0.0,,1942,368,2310,180.08780182999908,180.08780182999908,,,2310.0,0.0,1.0,1.0
b2de27d3-49d9-49b6-a1f1-e6f03a4a3fbf,math:Orz57K,858,2026-04-23T06:39:32.619715Z,2026-04-23T06:42:35.740535Z,183.12082,1,True,True,True,1.0,1.0,0.0054608755028510685,0.0054608755028510685,0.0,,1946,810,2756,182.35907631499867,182.35907631499867,,,2756.0,0.0,1.0,1.0
0ca287e1-ea20-4cb5-9242-ac5705e2c879,math:Orz57K,859,2026-04-23T06:39:34.948155Z,2026-04-23T06:42:43.879424Z,188.931269,1,True,True,False,0.0,0.0,0.005292930097240812,0.0,0.0,,2002,1352,3354,188.10524089100363,188.10524089100363,,,3354.0,0.0,1.0,1.0
11e82409-0ddc-486c-9c81-57d7c2bde669,math:Orz57K,856,2026-04-23T06:39:38.970954Z,2026-04-23T06:42:44.705248Z,185.734294,1,True,True,True,1.0,1.0,0.005384035325215708,0.005384035325215708,0.0,,1974,155,2129,184.9930425079947,184.9930425079947,,,2129.0,0.0,1.0,1.0
6c713296-6af7-4041-bb50-dc5f242d4f80,math:Orz57K,857,2026-04-23T06:39:39.474376Z,2026-04-23T06:42:46.813958Z,187.339582,1,True,True,True,1.0,1.0,0.00533790024149835,0.00533790024149835,0.0,,1942,368,2310,186.62835364400235,186.62835364400235,,,2310.0,0.0,1.0,1.0
63bd54cd-ecf2-4c2f-ae82-def1f816f920,math:Orz57K,858,2026-04-23T06:40:04.712962Z,2026-04-23T06:42:51.533877Z,166.820915,1,True,True,True,1.0,1.0,0.0059944521944385685,0.0059944521944385685,0.0,,1946,810,2756,166.0997591619962,166.0997591619962,,,2756.0,0.0,1.0,1.0
5709dd8e-2456-4252-825d-77173c74bb25,math:Orz57K,859,2026-04-23T06:40:07.212878Z,2026-04-23T06:42:59.559286Z,172.346408,1,True,True,False,0.0,0.0,0.005802267721181633,0.0,0.0,,2002,1352,3354,171.53624807900633,171.53624807900633,,,3354.0,0.0,1.0,1.0
3830c670-ddb1-4be3-9e05-2841aa305667,math:Orz57K,860,2026-04-23T06:40:09.502691Z,2026-04-23T06:43:02.014303Z,172.511612,1,True,True,True,1.0,1.0,0.005796711238197693,0.005796711238197693,0.0,,1994,428,2422,171.7597855369968,171.7597855369968,,,2422.0,0.0,1.0,1.0
d3a171e1-3704-42f7-8497-c5f93c83403a,math:Orz57K,857,2026-04-23T06:40:13.493964Z,2026-04-23T06:43:04.173970Z,170.680006,1,True,True,True,1.0,1.0,0.005858917066126656,0.005858917066126656,0.0,,1942,368,2310,169.92665736199706,169.92665736199706,,,2310.0,0.0,1.0,1.0
73921b77-150c-4620-8036-ccca4262c076,math:Orz57K,858,2026-04-23T06:40:13.971591Z,2026-04-23T06:43:08.935180Z,174.963589,1,True,True,True,1.0,1.0,0.005715474892321739,0.005715474892321739,0.0,,1946,810,2756,174.214397749005,174.214397749005,,,2756.0,0.0,1.0,1.0
79c94c8d-4f94-47eb-8897-29e6d67894f1,math:Orz57K,859,2026-04-23T06:40:39.228099Z,2026-04-23T06:43:17.004147Z,157.776048,1,True,True,False,0.0,0.0,0.00633809765598895,0.0,0.0,,2002,1352,3354,156.96480487800727,156.96480487800727,,,3354.0,0.0,1.0,1.0
5575995d-cbf6-47dd-ad09-b45d595af5f6,math:Orz57K,860,2026-04-23T06:40:41.130099Z,2026-04-23T06:43:19.409897Z,158.279798,1,True,True,True,1.0,1.0,0.006317925677413362,0.006317925677413362,0.0,,1994,428,2422,157.5673285130033,157.5673285130033,,,2422.0,0.0,1.0,1.0
035194de-bec3-4e68-9fd1-f0c26e0316b7,math:Orz57K,861,2026-04-23T06:40:43.452276Z,2026-04-23T06:48:55.847182Z,492.394906,1,True,True,False,0.0,0.0,0.002030890222085279,0.0,0.0,,9517,937,10454,486.40531613600615,486.40531613600615,,,10454.0,0.0,1.0,1.0
90b19a79-987e-4b5d-a94d-77f17fe3bbe4,math:Orz57K,858,2026-04-23T06:40:43.901442Z,2026-04-23T06:43:26.451410Z,162.549968,1,True,True,True,1.0,1.0,0.006151954456244495,0.006151954456244495,0.0,,1946,810,2756,161.84929498800193,161.84929498800193,,,2756.0,0.0,1.0,1.0
c3e07e8f-ee68-43f9-afab-33307812da6f,math:Orz57K,859,2026-04-23T06:40:47.919827Z,2026-04-23T06:43:34.538168Z,166.618341,1,True,True,False,0.0,0.0,0.0060017402285862395,0.0,0.0,,2002,1352,3354,165.79909787401266,165.79909787401266,,,3354.0,0.0,1.0,1.0
0fbf03e6-613f-4530-b1a0-07e483aa39d2,math:Orz57K,860,2026-04-23T06:41:13.134911Z,2026-04-23T06:43:36.991259Z,143.856348,1,True,True,True,1.0,1.0,0.006951379024302772,0.006951379024302772,0.0,,1994,428,2422,143.12039689799713,143.12039689799713,,,2422.0,0.0,1.0,1.0
d414e5b3-23c3-41ec-a649-0e1c966df346,math:Orz57K,861,2026-04-23T06:41:14.982454Z,2026-04-23T06:49:03.434810Z,468.452356,1,True,True,False,0.0,0.0,0.002134688804937935,0.0,0.0,,9517,937,10454,462.31282594300865,462.31282594300865,,,10454.0,0.0,1.0,1.0
1e28e1de-6404-436e-b1b2-9522fba6a470,math:Orz57K,862,2026-04-23T06:41:15.486073Z,2026-04-23T06:43:42.783981Z,147.297908,1,True,True,True,1.0,1.0,0.006788962678275104,0.006788962678275104,0.0,,1963,578,2541,146.5805980110017,146.5805980110017,,,2541.0,0.0,1.0,1.0
7a473912-00e8-4206-bd72-b9e694494e5d,math:Orz57K,859,2026-04-23T06:41:16.377639Z,2026-04-23T06:43:50.851716Z,154.474077,1,True,True,False,0.0,0.0,0.006473578087797864,0.0,0.0,,2002,1352,3354,153.67556815200078,153.67556815200078,,,3354.0,0.0,1.0,1.0
050133b6-6afa-4f41-a7a1-eb756ec9bad8,math:Orz57K,860,2026-04-23T06:41:20.433407Z,2026-04-23T06:43:53.249082Z,152.815675,1,True,True,True,1.0,1.0,0.006543831318351341,0.006543831318351341,0.0,,1994,428,2422,152.10471847500594,152.10471847500594,,,2422.0,0.0,1.0,1.0
40d4518f-308f-4805-bebb-90fd7ba7b77c,math:Orz57K,861,2026-04-23T06:41:45.717346Z,2026-04-23T06:49:23.155169Z,457.437823,1,True,True,False,0.0,0.0,0.002186089452423789,0.0,0.0,,9517,937,10454,451.4576391619921,451.4576391619921,,,10454.0,0.0,1.0,1.0
58b1b599-b281-4f27-9f11-caf13e87cb52,math:Orz57K,862,2026-04-23T06:41:46.208445Z,2026-04-23T06:43:59.013474Z,132.805029,1,True,True,True,1.0,1.0,0.007529835334774861,0.007529835334774861,0.0,,1963,578,2541,132.0649485969916,132.0649485969916,,,2541.0,0.0,1.0,1.0
d693562a-4b11-4a3d-a31c-6d6e1f342b05,math:Orz57K,863,2026-04-23T06:41:48.046791Z,2026-04-23T06:44:00.508429Z,132.461638,1,True,True,False,0.0,0.0,0.007549355534920987,0.0,0.0,,1971,268,2239,131.74452335800743,131.74452335800743,,,2239.0,0.0,1.0,1.0
a5370895-645a-4d29-9bb8-d25b0f1290ca,math:Orz57K,860,2026-04-23T06:41:48.965178Z,2026-04-23T06:44:03.035612Z,134.070434,1,True,True,True,1.0,1.0,0.007458766039349138,0.007458766039349138,0.0,,1994,428,2422,133.35408850699605,133.35408850699605,,,2422.0,0.0,1.0,1.0
10d57c27-c2df-40ac-8b6c-2dc0eca40b9f,math:Orz57K,861,2026-04-23T06:41:51.103702Z,2026-04-23T06:49:24.989891Z,453.886189,1,True,True,False,0.0,0.0,0.002203195479913578,0.0,0.0,,9517,937,10454,447.6589238150191,447.6589238150191,,,10454.0,0.0,1.0,1.0
2b0001ef-6c7f-4a7e-8516-dbfcf4211b3e,math:Orz57K,862,2026-04-23T06:42:16.459158Z,2026-04-23T06:44:08.826403Z,112.367245,1,True,True,True,1.0,1.0,0.008899390565284394,0.008899390565284394,0.0,,1963,578,2541,111.6385983240034,111.6385983240034,,,2541.0,0.0,1.0,1.0
8f3833b4-4602-422f-98a8-46662dd29baa,math:Orz57K,863,2026-04-23T06:42:18.303387Z,2026-04-23T06:44:10.370113Z,112.066726,1,True,True,False,0.0,0.0,0.008923255239918403,0.0,0.0,,1971,268,2239,111.3617736800079,111.3617736800079,,,2239.0,0.0,1.0,1.0
afee6aa4-fba4-450f-a02b-45f5f2d1e0ff,math:Orz57K,864,2026-04-23T06:42:19.228756Z,2026-04-23T06:47:46.857475Z,327.628719,1,True,True,False,0.0,0.0,0.003052235478782921,0.0,0.0,,8116,4105,12221,325.0968239759968,325.0968239759968,,,12221.0,0.0,1.0,1.0
eedbb24a-0703-45dc-b76a-71eb561d0b2d,math:Orz57K,861,2026-04-23T06:42:21.396241Z,2026-04-23T06:49:41.980200Z,440.583959,1,True,True,False,0.0,0.0,0.002269714953467019,0.0,0.0,,9517,937,10454,434.6192969640106,434.6192969640106,,,10454.0,0.0,1.0,1.0
fd623f5e-7dd5-43b0-ad3f-0ec731e34c49,math:Orz57K,862,2026-04-23T06:42:26.081178Z,2026-04-23T06:44:41.461164Z,135.379986,1,True,True,True,1.0,1.0,0.007386616216668836,0.007386616216668836,0.0,,1963,578,2541,134.64695136500814,134.64695136500814,,,2541.0,0.0,1.0,1.0
dc9232a7-02b5-42df-b095-1ac710fc4a72,math:Orz57K,863,2026-04-23T06:42:27.969279Z,2026-04-23T06:44:43.030880Z,135.061601,1,True,True,False,0.0,0.0,0.007404028921588157,0.0,0.0,,1971,268,2239,134.33869385099388,134.33869385099388,,,2239.0,0.0,1.0,1.0
a3df1001-183c-449f-9ce3-79499bca3012,math:Orz57K,864,2026-04-23T06:42:28.832290Z,2026-04-23T06:47:52.773661Z,323.941371,1,True,True,False,0.0,0.0,0.003086978353252694,0.0,0.0,,8116,4105,12221,321.4308558430057,321.4308558430057,,,12221.0,0.0,1.0,1.0
143e9c93-bd62-4533-8725-5e45fe84b6e8,math:Orz57K,865,2026-04-23T06:42:30.941041Z,2026-04-23T06:45:18.006909Z,167.065868,1,True,True,False,0.0,0.0,0.005985663091877032,0.0,0.0,,2047,1629,3676,166.33430227699864,166.33430227699864,,,3676.0,0.0,1.0,1.0
aecaabda-fed8-40d8-9a8c-13dbd58d9aa2,math:Orz57K,862,2026-04-23T06:42:35.765028Z,2026-04-23T06:45:21.359953Z,165.594925,1,True,True,True,1.0,1.0,0.006038832409870049,0.006038832409870049,0.0,,1963,578,2541,164.87192590499762,164.87192590499762,,,2541.0,0.0,1.0,1.0
5c931c4c-6243-411a-950d-f30a110b5eb5,math:Orz57K,863,2026-04-23T06:42:43.903615Z,2026-04-23T06:45:22.925592Z,159.021977,1,True,True,False,0.0,0.0,0.00628843898727281,0.0,0.0,,1971,268,2239,158.29222950400435,158.29222950400435,,,2239.0,0.0,1.0,1.0
765db3f8-c69e-4d7a-a5ad-33a8088464cb,math:Orz57K,864,2026-04-23T06:42:44.730554Z,2026-04-23T06:47:57.387092Z,312.656538,1,True,True,False,0.0,0.0,0.0031983978534298233,0.0,0.0,,8116,4105,12221,310.11019180699077,310.11019180699077,,,12221.0,0.0,1.0,1.0
c725e1b5-64ca-4d3d-a67e-c070270b7893,math:Orz57K,865,2026-04-23T06:42:46.839150Z,2026-04-23T06:45:57.906243Z,191.067093,1,True,True,False,0.0,0.0,0.005233763618311815,0.0,0.0,,2047,1629,3676,190.32695648299705,190.32695648299705,,,3676.0,0.0,1.0,1.0
418ebf5c-5b32-4a66-a7a8-b66773728efb,math:Orz57K,866,2026-04-23T06:42:51.558970Z,2026-04-23T06:46:00.549309Z,188.990339,1,True,True,True,1.0,1.0,0.005291275761984849,0.005291275761984849,0.0,,1991,465,2456,188.28696908299753,188.28696908299753,,,2456.0,0.0,1.0,1.0
eeaf56ae-4670-4fd2-8311-b1d51ad558ec,math:Orz57K,863,2026-04-23T06:42:59.584257Z,2026-04-23T06:46:02.110400Z,182.526143,1,True,True,False,0.0,0.0,0.0054786672394649795,0.0,0.0,,1971,268,2239,181.78128887800267,181.78128887800267,,,2239.0,0.0,1.0,1.0
8dd305e3-df06-4fd8-9799-7af046778648,math:Orz57K,864,2026-04-23T06:43:02.039522Z,2026-04-23T06:48:02.234509Z,300.194987,1,True,True,False,0.0,0.0,0.0033311682183420335,0.0,0.0,,8116,4105,12221,297.746424929981,297.746424929981,,,12221.0,0.0,1.0,1.0
9b9ba07d-dcb8-4908-bfa0-8737d07aadb8,math:Orz57K,865,2026-04-23T06:43:04.199194Z,2026-04-23T06:46:37.221550Z,213.022356,1,True,True,False,0.0,0.0,0.0046943429730915195,0.0,0.0,,2047,1629,3676,212.25295568999718,212.25295568999718,,,3676.0,0.0,1.0,1.0
1902b8e1-da2e-4b8b-8c9b-ae20de144c16,math:Orz57K,866,2026-04-23T06:43:08.960139Z,2026-04-23T06:46:39.896279Z,210.93614,1,True,True,True,1.0,1.0,0.004740771306424778,0.004740771306424778,0.0,,1991,465,2456,210.2183353230066,210.2183353230066,,,2456.0,0.0,1.0,1.0
19831403-2066-437c-860c-76b811bbfda8,math:Orz57K,867,2026-04-23T06:43:17.028295Z,2026-04-23T06:48:06.764115Z,289.73582,1,True,True,False,0.0,0.0,0.003451419986662333,0.0,0.0,,4049,140,4189,287.2506968959933,287.2506968959933,,,4189.0,0.0,1.0,1.0
7e9dcf09-a0bd-4ba9-a588-65c451981621,math:Orz57K,864,2026-04-23T06:43:19.434406Z,2026-04-23T06:48:07.213670Z,287.779264,1,True,True,False,0.0,0.0,0.0034748855289309516,0.0,0.0,,8116,4105,12221,285.25484998800675,285.25484998800675,,,12221.0,0.0,1.0,1.0
be90e9cb-a247-4d6f-a5cb-e49609bc706e,math:Orz57K,865,2026-04-23T06:43:26.476851Z,2026-04-23T06:47:16.862569Z,230.385718,1,True,True,False,0.0,0.0,0.00434054683893209,0.0,0.0,,2047,1629,3676,229.63618772100017,229.63618772100017,,,3676.0,0.0,1.0,1.0
81514221-6198-4f41-b674-14aa84754df2,math:Orz57K,866,2026-04-23T06:43:34.563232Z,2026-04-23T06:47:19.524640Z,224.961408,1,True,True,True,1.0,1.0,0.004445206886329588,0.004445206886329588,0.0,,1991,465,2456,224.25283818598837,224.25283818598837,,,2456.0,0.0,1.0,1.0
4aaf1164-c9c6-4b6d-8da8-a1c53528de20,math:Orz57K,867,2026-04-23T06:43:37.014168Z,2026-04-23T06:48:11.095860Z,274.081692,1,True,True,False,0.0,0.0,0.0036485472367851555,0.0,0.0,,4049,140,4189,271.5936870560108,271.5936870560108,,,4189.0,0.0,1.0,1.0
46ba7f68-70e2-4272-bd64-119947eddb8f,math:Orz57K,868,2026-04-23T06:43:42.816535Z,2026-04-23T06:47:23.350693Z,220.534158,1,True,True,False,0.0,0.0,0.004534444954327665,0.0,0.0,,1987,334,2321,219.8179128900083,219.8179128900083,,,2321.0,0.0,1.0,1.0
500bf8d5-373e-4702-9fcf-84da1e921f92,math:Orz57K,865,2026-04-23T06:43:50.878310Z,2026-04-23T06:47:33.019127Z,222.140817,1,True,True,False,0.0,0.0,0.004501649059839372,0.0,0.0,,2047,1629,3676,221.38172535601188,221.38172535601188,,,3676.0,0.0,1.0,1.0
9bca2415-9697-4159-a6fe-2d52182b9dcb,math:Orz57K,866,2026-04-23T06:43:53.273627Z,2026-04-23T06:47:35.715786Z,222.442159,1,True,True,True,1.0,1.0,0.0044955506838072,0.0044955506838072,0.0,,1991,465,2456,221.7064238699968,221.7064238699968,,,2456.0,0.0,1.0,1.0
42c8278a-04b5-4f3f-98b0-2a7aae351db7,math:Orz57K,867,2026-04-23T06:43:59.037170Z,2026-04-23T06:48:19.760497Z,260.723327,1,True,True,False,0.0,0.0,0.003835483427994151,0.0,0.0,,4049,140,4189,258.16380679000576,258.16380679000576,,,4189.0,0.0,1.0,1.0
9269c1cb-905f-4b95-a6b5-8e08a4805401,math:Orz57K,868,2026-04-23T06:44:00.532860Z,2026-04-23T06:47:39.622514Z,219.089654,1,True,True,False,0.0,0.0,0.004564341500123963,0.0,0.0,,1987,334,2321,218.3745555350033,218.3745555350033,,,2321.0,0.0,1.0,1.0
20981d82-1281-4057-a946-36e09cbeb291,math:Orz57K,869,2026-04-23T06:44:03.059239Z,2026-04-23T06:47:41.785831Z,218.726592,1,True,True,True,1.0,1.0,0.004571917803208857,0.004571917803208857,0.0,,1954,366,2320,218.01078289799625,218.01078289799625,,,2320.0,0.0,1.0,1.0
01a4311b-7a8f-4783-b00f-0dd64bdab134,math:Orz57K,866,2026-04-23T06:44:08.850429Z,2026-04-23T06:47:45.888087Z,217.037658,1,True,True,True,1.0,1.0,0.0046074953499544305,0.0046074953499544305,0.0,,1991,465,2456,216.30178334200173,216.30178334200173,,,2456.0,0.0,1.0,1.0
318b6081-0c9a-4042-9526-6872cbff6950,math:Orz57K,867,2026-04-23T06:44:10.395988Z,2026-04-23T06:48:26.803058Z,256.40707,1,True,True,False,0.0,0.0,0.003900048465902286,0.0,0.0,,4049,140,4189,253.91038171001128,253.91038171001128,,,4189.0,0.0,1.0,1.0
5e182fb4-bcfa-4b1e-bc0e-8c57d73f250a,math:Orz57K,868,2026-04-23T06:44:41.485437Z,2026-04-23T06:47:50.218679Z,188.733242,1,True,True,False,0.0,0.0,0.005298483666168359,0.0,0.0,,1987,334,2321,187.97932251900784,187.97932251900784,,,2321.0,0.0,1.0,1.0
f0af7ac1-6368-4b8b-95dd-c3656fcee3d0,math:Orz57K,869,2026-04-23T06:44:43.053431Z,2026-04-23T06:47:52.328554Z,189.275123,1,True,True,True,1.0,1.0,0.005283314490304148,0.005283314490304148,0.0,,1954,366,2320,188.53520503900654,188.53520503900654,,,2320.0,0.0,1.0,1.0
66ce1893-21b0-46cb-90bc-04d8b95e0165,math:Orz57K,870,2026-04-23T06:45:18.029606Z,2026-04-23T06:47:54.406860Z,156.377254,1,True,True,False,0.0,0.0,0.006394791917755507,0.0,0.0,,1987,285,2272,155.65144493599655,155.65144493599655,,,2272.0,0.0,1.0,1.0
cedb94e0-6f3e-4b45-8c2a-9cbe2dfdfb19,math:Orz57K,867,2026-04-23T06:45:21.385228Z,2026-04-23T06:48:33.230912Z,191.845684,1,True,True,False,0.0,0.0,0.005212522789931516,0.0,0.0,,4049,140,4189,189.2576625090005,189.2576625090005,,,4189.0,0.0,1.0,1.0
1bb62d54-1d58-4b2f-9b96-502a896628ca,math:Orz57K,868,2026-04-23T06:45:22.950822Z,2026-04-23T06:47:56.917947Z,153.967125,1,True,True,False,0.0,0.0,0.006494892984460156,0.0,0.0,,1987,334,2321,153.24531813999056,153.24531813999056,,,2321.0,0.0,1.0,1.0
c531cbd4-af43-46ca-b3db-030703121207,math:Orz57K,869,2026-04-23T06:45:57.931136Z,2026-04-23T06:47:59.456762Z,121.525626,1,True,True,True,1.0,1.0,0.008228717126707086,0.008228717126707086,0.0,,1954,366,2320,120.79953589499928,120.79953589499928,,,2320.0,0.0,1.0,1.0
30bfb94b-17c7-47e3-a987-ffad91d3b86b,math:Orz57K,870,2026-04-23T06:46:00.574173Z,2026-04-23T06:48:01.124413Z,120.55024,1,True,True,False,0.0,0.0,0.008295296633171365,0.0,0.0,,1987,285,2272,119.8009022460028,119.8009022460028,,,2272.0,0.0,1.0,1.0
1eab97fd-36b7-4089-ae37-b8871cc7eb4e,math:Orz57K,871,2026-04-23T06:46:02.135230Z,2026-04-23T06:49:09.574584Z,187.439354,1,True,True,False,0.0,0.0,0.00533505893324835,0.0,0.0,,4120,972,5092,171.5967714569997,171.5967714569997,,,5092.0,0.0,1.0,1.0
232600ca-d59e-4ce6-858d-85e4ea9cc4cf,math:Orz57K,868,2026-04-23T06:46:37.245747Z,2026-04-23T06:48:04.226808Z,86.981061,1,True,True,False,0.0,0.0,0.011496755598325019,0.0,0.0,,1987,334,2321,86.21934192501067,86.21934192501067,,,2321.0,0.0,1.0,1.0
be094273-4774-4742-990c-1cf48268f558,math:Orz57K,869,2026-04-23T06:46:39.921703Z,2026-04-23T06:48:06.383792Z,86.462089,1,True,True,True,1.0,1.0,0.011565762654658968,0.011565762654658968,0.0,,1954,366,2320,85.71976252199966,85.71976252199966,,,2320.0,0.0,1.0,1.0
7fab39fe-c4e8-4af4-b0a2-ab9c818adbce,math:Orz57K,870,2026-04-23T06:47:16.886911Z,2026-04-23T06:48:10.019981Z,53.13307,1,True,True,False,0.0,0.0,0.01882067044121486,0.0,0.0,,1987,285,2272,52.39083647800726,52.39083647800726,,,2272.0,0.0,1.0,1.0
0da83e84-8748-4ed7-a2ba-1f0f61f57bc5,math:Orz57K,871,2026-04-23T06:47:19.548382Z,2026-04-23T06:49:29.694087Z,130.145705,1,True,True,False,0.0,0.0,0.007683695747009093,0.0,0.0,,4120,915,5035,114.34413048700662,114.34413048700662,,,5035.0,0.0,1.0,1.0
e49e739f-c6bd-4a7e-8c5c-178fc3a1a0e5,math:Orz57K,872,2026-04-23T06:47:23.375293Z,2026-04-23T06:48:14.571378Z,51.196085,1,True,True,False,0.0,0.0,0.019532743568184952,0.0,0.0,,1961,373,2334,50.34431748199859,50.34431748199859,,,2334.0,0.0,1.0,1.0
5f2c13a6-6d04-4769-a3e7-f089f8fbb4b9,math:Orz57K,869,2026-04-23T06:47:33.042967Z,2026-04-23T06:48:16.597855Z,43.554888,1,True,True,True,1.0,1.0,0.022959535563494046,0.022959535563494046,0.0,,1954,366,2320,42.82293090299936,42.82293090299936,,,2320.0,0.0,1.0,1.0
91e395f0-e940-419a-b12f-0fb7908b7c84,math:Orz57K,870,2026-04-23T06:47:35.740466Z,2026-04-23T06:48:18.268500Z,42.528034,1,True,True,False,0.0,0.0,0.02351390144204644,0.0,0.0,,1987,285,2272,41.796624280992546,41.796624280992546,,,2272.0,0.0,1.0,1.0
8aa1afff-d7a7-4c80-98a8-4b3621646d68,math:Orz57K,871,2026-04-23T06:47:39.647009Z,2026-04-23T06:49:53.823791Z,134.176782,1,True,True,False,0.0,0.0,0.007452854250148882,0.0,0.0,,4120,955,5075,118.39561081299325,118.39561081299325,,,5075.0,0.0,1.0,1.0
804043a6-8f79-41c6-be59-55ce18f834a9,math:Orz57K,872,2026-04-23T06:47:41.810126Z,2026-04-23T06:48:22.777205Z,40.967079,1,True,True,False,0.0,0.0,0.024409843816299424,0.0,0.0,,1961,373,2334,40.11791098600952,40.11791098600952,,,2334.0,0.0,1.0,1.0
b5011c8c-1984-4f93-9789-4630f955229f,math:Orz57K,873,2026-04-23T06:47:45.912519Z,2026-04-23T06:51:35.000068Z,229.087549,1,True,True,True,1.0,1.0,0.004365143388914602,0.004365143388914602,0.0,,6447,337,6784,224.67477676398994,224.67477676398994,,,6784.0,0.0,1.0,1.0
42de92f8-a0b1-4658-b626-6a865d49d488,math:Orz57K,870,2026-04-23T06:47:46.883015Z,2026-04-23T06:48:26.438080Z,39.555065,1,True,True,False,0.0,0.0,0.025281212406047113,0.0,0.0,,1987,285,2272,38.84075682000548,38.84075682000548,,,2272.0,0.0,1.0,1.0
723ff075-03bc-4f4b-9527-8bd8f47d3545,math:Orz57K,871,2026-04-23T06:47:50.243358Z,2026-04-23T06:50:05.914564Z,135.671206,1,True,True,False,0.0,0.0,0.0073707607493368925,0.0,0.0,,4120,955,5075,119.87196454398509,119.87196454398509,,,5075.0,0.0,1.0,1.0
f79ecd09-f58b-4846-aa9d-89af41a31024,math:Orz57K,872,2026-04-23T06:47:52.352964Z,2026-04-23T06:48:31.023467Z,38.670503,1,True,True,False,0.0,0.0,0.025859503301521578,0.0,0.0,,1961,373,2334,37.75491005899676,37.75491005899676,,,2334.0,0.0,1.0,1.0
ce497cf3-c89b-4683-b3bc-e549a952fca5,math:Orz57K,873,2026-04-23T06:47:52.799750Z,2026-04-23T06:51:43.926188Z,231.126438,1,True,True,True,1.0,1.0,0.004326636141902555,0.004326636141902555,0.0,,6447,337,6784,226.71135724300984,226.71135724300984,,,6784.0,0.0,1.0,1.0
07d4dfd2-b42d-4e63-8c9b-9f1e52fe4553,math:Orz57K,874,2026-04-23T06:47:54.431770Z,2026-04-23T06:49:48.868830Z,114.43706,1,True,True,True,1.0,1.0,0.008738427918368402,0.008738427918368402,0.0,,4158,183,4341,111.88557183000376,111.88557183000376,,,4341.0,0.0,1.0,1.0
ef5bfbd1-ff42-4714-8d43-3c24d9f1d974,math:Orz57K,871,2026-04-23T06:47:56.943129Z,2026-04-23T06:50:40.698062Z,163.754933,1,True,True,False,0.0,0.0,0.0061066862639185355,0.0,0.0,,4120,955,5075,147.9800274339941,147.9800274339941,,,5075.0,0.0,1.0,1.0
ef1e7de1-f4fc-4d2f-b505-8b66e4862279,math:Orz57K,872,2026-04-23T06:47:57.413164Z,2026-04-23T06:48:36.195596Z,38.782432,1,True,True,False,0.0,0.0,0.025784870840487775,0.0,0.0,,1961,373,2334,37.98291269499168,37.98291269499168,,,2334.0,0.0,1.0,1.0
aadf5d83-5a33-4779-aa11-6ac2dbbb2808,math:Orz57K,873,2026-04-23T06:47:59.479808Z,2026-04-23T06:52:38.306435Z,278.826627,1,True,True,True,1.0,1.0,0.0035864580465623896,0.0035864580465623896,0.0,,6447,337,6784,274.5770819649915,274.5770819649915,,,6784.0,0.0,1.0,1.0
f26f598b-59b1-4114-b4b8-503f10826a4d,math:Orz57K,874,2026-04-23T06:48:01.149136Z,2026-04-23T06:50:00.964813Z,119.815677,1,True,True,True,1.0,1.0,0.008346153233353595,0.008346153233353595,0.0,,4158,183,4341,117.33393750998948,117.33393750998948,,,4341.0,0.0,1.0,1.0
3ba7bd23-eebc-4a77-97c5-014ad145bec8,math:Orz57K,875,2026-04-23T06:48:02.260123Z,2026-04-23T06:48:44.443100Z,42.182977,1,True,True,True,1.0,1.0,0.023706245294162143,0.023706245294162143,0.0,,2007,1053,3060,41.46000842600188,41.46000842600188,,,3060.0,0.0,1.0,1.0
ba0419b5-d576-4304-a0e3-89314179bbc4,math:Orz57K,872,2026-04-23T06:48:04.249967Z,2026-04-23T06:48:46.697233Z,42.447266,1,True,True,False,0.0,0.0,0.023558643329348938,0.0,0.0,,1961,373,2334,41.65691413800232,41.65691413800232,,,2334.0,0.0,1.0,1.0
bb073ceb-346a-4f21-b19e-591ef32c4c72,math:Orz57K,873,2026-04-23T06:48:06.409862Z,2026-04-23T06:53:09.163075Z,302.753213,1,True,True,True,1.0,1.0,0.0033030202721581023,0.0033030202721581023,0.0,,6447,337,6784,298.43998291100434,298.43998291100434,,,6784.0,0.0,1.0,1.0
0d829869-cc07-45cd-bb57-302107253dfc,math:Orz57K,874,2026-04-23T06:48:06.787675Z,2026-04-23T06:50:41.552583Z,154.764908,1,True,True,True,1.0,1.0,0.006461413074338532,0.006461413074338532,0.0,,4158,183,4341,152.28272065900092,152.28272065900092,,,4341.0,0.0,1.0,1.0
dc988f84-fc28-47de-ad3d-74cb9e10593c,math:Orz57K,875,2026-04-23T06:48:07.236857Z,2026-04-23T06:48:54.871364Z,47.634507,1,True,True,True,1.0,1.0,0.020993184625590855,0.020993184625590855,0.0,,2007,1053,3060,46.90913911499956,46.90913911499956,,,3060.0,0.0,1.0,1.0
796863c3-e2a8-4431-8844-11f1c27c0e85,math:Orz57K,876,2026-04-23T06:48:10.044816Z,2026-04-23T06:49:00.234706Z,50.18989,1,True,True,False,0.0,0.0,0.01992433137430666,0.0,0.0,,1981,749,2730,49.426251383003546,49.426251383003546,,,2730.0,0.0,1.0,1.0
13c3dcc4-d52a-4f2d-9f29-17676513229f,math:Orz57K,873,2026-04-23T06:48:11.117862Z,2026-04-23T06:49:02.498654Z,51.380792,1,True,True,True,1.0,1.0,0.019462525996095974,0.019462525996095974,0.0,,1953,399,2352,50.6363561659964,50.6363561659964,,,2352.0,0.0,1.0,1.0
4caa0487-35ae-4e4c-8fc3-5102b58a1cdb,math:Orz57K,874,2026-04-23T06:48:14.594626Z,2026-04-23T06:51:17.345801Z,182.751175,1,True,True,True,1.0,1.0,0.0054719210423681275,0.0054719210423681275,0.0,,4133,170,4303,180.16610196199326,180.16610196199326,,,4303.0,0.0,1.0,1.0
ef06785c-8d0f-4863-8f1f-e22c95ea54de,math:Orz57K,875,2026-04-23T06:48:16.622487Z,2026-04-23T06:49:15.745879Z,59.123392,1,True,True,True,1.0,1.0,0.016913779236482237,0.016913779236482237,0.0,,2007,1053,3060,58.39017663100094,58.39017663100094,,,3060.0,0.0,1.0,1.0
c3a69fc4-944c-4662-8e41-d352cd3ec900,math:Orz57K,876,2026-04-23T06:48:18.293396Z,2026-04-23T06:49:18.391673Z,60.098277,1,True,True,False,0.0,0.0,0.016639412141549414,0.0,0.0,,1981,447,2428,59.309941811006865,59.309941811006865,,,2428.0,0.0,1.0,1.0
8095d639-ae3e-4a52-beb9-06706687458a,math:Orz57K,877,2026-04-23T06:48:19.786093Z,2026-04-23T06:49:22.250425Z,62.464332,1,True,True,False,0.0,0.0,0.016009136221932223,0.0,0.0,,2023,662,2685,61.68148482599645,61.68148482599645,,,2685.0,0.0,1.0,1.0
448e8cad-0bf3-4de4-a2fb-df8dea35a73e,math:Orz57K,874,2026-04-23T06:48:22.800616Z,2026-04-23T06:51:32.571630Z,189.771014,1,True,True,True,1.0,1.0,0.005269508651094629,0.005269508651094629,0.0,,4133,170,4303,187.23496160499053,187.23496160499053,,,4303.0,0.0,1.0,1.0
8f4743e9-aa1a-402f-9b06-ae416ccd6735,math:Orz57K,875,2026-04-23T06:48:26.462426Z,2026-04-23T06:49:36.626537Z,70.164111,1,True,True,False,0.0,0.0,0.014252300581418326,0.0,0.0,,2007,1057,3064,69.41331313199771,69.41331313199771,,,3064.0,0.0,1.0,1.0
cf9d7656-a65f-4eb5-830f-3a998d6f1810,math:Orz57K,876,2026-04-23T06:48:26.828525Z,2026-04-23T06:49:41.064596Z,74.236071,1,True,True,False,0.0,0.0,0.0134705404869824,0.0,0.0,,1981,749,2730,73.46397317000083,73.46397317000083,,,2730.0,0.0,1.0,1.0
d1d13450-7f31-4212-b4e8-decb2facef79,math:Orz57K,877,2026-04-23T06:48:31.048137Z,2026-04-23T06:49:46.450572Z,75.402435,1,True,True,False,0.0,0.0,0.013262171175241224,0.0,0.0,,2023,751,2774,74.63124906099983,74.63124906099983,,,2774.0,0.0,1.0,1.0
6959181b-2947-4742-bc15-bc01c6ca4b8f,math:Orz57K,878,2026-04-23T06:48:33.255306Z,2026-04-23T06:49:48.886818Z,75.631512,1,True,True,False,0.0,0.0,0.013222001961298883,0.0,0.0,,1999,274,2273,74.80401729300502,74.80401729300502,,,2273.0,0.0,1.0,1.0
e887510e-43e9-4a6f-9990-caf7ebd299ff,math:Orz57K,875,2026-04-23T06:48:36.219228Z,2026-04-23T06:50:00.106672Z,83.887444,1,True,True,True,1.0,1.0,0.011920735122171561,0.011920735122171561,0.0,,2007,1088,3095,83.16910569999891,83.16910569999891,,,3095.0,0.0,1.0,1.0
11b19650-3a88-499c-a844-f62294be746a,math:Orz57K,876,2026-04-23T06:48:44.467004Z,2026-04-23T06:50:31.222475Z,106.755471,1,True,True,False,0.0,0.0,0.009367201424271736,0.0,0.0,,1981,4096,6077,106.03952918300638,106.03952918300638,,,6077.0,0.0,1.0,1.0
1b32a325-afb8-4058-94e8-c6bcde4eb2f8,math:Orz57K,877,2026-04-23T06:48:46.721846Z,2026-04-23T06:50:35.627717Z,108.905871,1,True,True,False,0.0,0.0,0.009182241423880627,0.0,0.0,,2023,743,2766,108.1620384209964,108.1620384209964,,,2766.0,0.0,1.0,1.0
d3d95636-b2a0-4a38-be05-d0f9b9ca2bc6,math:Orz57K,878,2026-04-23T06:48:54.895331Z,2026-04-23T06:50:43.320921Z,108.42559,1,True,True,False,0.0,0.0,0.009222914996358331,0.0,0.0,,1999,274,2273,107.60595103100059,107.60595103100059,,,2273.0,0.0,1.0,1.0
b377f1d0-7da1-4a42-b842-4c6a453b0e07,math:Orz57K,879,2026-04-23T06:48:55.879583Z,2026-04-23T06:50:45.806859Z,109.927276,1,True,True,True,1.0,1.0,0.009096923315010552,0.009096923315010552,0.0,,1940,431,2371,109.17874199300422,109.17874199300422,,,2371.0,0.0,1.0,1.0
dc4cd51d-9a0b-4c1e-822c-3c9d1df03d17,math:Orz57K,876,2026-04-23T06:49:00.259756Z,2026-04-23T06:51:11.159713Z,130.899957,1,True,True,False,0.0,0.0,0.007639421913637451,0.0,0.0,,1981,4096,6077,130.19392267800868,130.19392267800868,,,6077.0,0.0,1.0,1.0
00ff3167-f9c7-4476-81b4-7208ea9b9fd3,math:Orz57K,877,2026-04-23T06:49:02.524002Z,2026-04-23T06:51:15.592064Z,133.068062,1,True,True,False,0.0,0.0,0.007514951258552184,0.0,0.0,,2023,743,2766,132.32105782200233,132.32105782200233,,,2766.0,0.0,1.0,1.0
f042e43f-4e43-4677-a31a-96d4689fc73a,math:Orz57K,878,2026-04-23T06:49:03.459467Z,2026-04-23T06:51:17.282689Z,133.823222,1,True,True,False,0.0,0.0,0.007472544638030014,0.0,0.0,,1999,274,2273,132.99521499899856,132.99521499899856,,,2273.0,0.0,1.0,1.0
17f4b0c0-bec9-4022-bc6d-b72fe8033512,math:Orz57K,879,2026-04-23T06:49:09.599889Z,2026-04-23T06:51:19.759916Z,130.160027,1,True,True,True,1.0,1.0,0.007682850280908438,0.007682850280908438,0.0,,1940,431,2371,129.43433857199852,129.43433857199852,,,2371.0,0.0,1.0,1.0
7d955121-cd3f-47a4-aa42-dd0820ebfc39,math:Orz57K,880,2026-04-23T06:49:15.771280Z,2026-04-23T06:51:21.882429Z,126.111149,1,True,True,True,1.0,1.0,0.007929513036155115,0.007929513036155115,0.0,,1946,368,2314,125.37975770799676,125.37975770799676,,,2314.0,0.0,1.0,1.0
826d1f06-fb6a-45d6-afb9-5f8a40766fcd,math:Orz57K,877,2026-04-23T06:49:18.418735Z,2026-04-23T06:51:26.249206Z,127.830471,1,True,True,False,0.0,0.0,0.007822860951517576,0.0,0.0,,2023,743,2766,127.03193504999217,127.03193504999217,,,2766.0,0.0,1.0,1.0
015c8e3c-44ea-42ff-bb5d-a8b684587ea6,math:Orz57K,878,2026-04-23T06:49:22.275919Z,2026-04-23T06:51:27.894944Z,125.619025,1,True,True,False,0.0,0.0,0.007960577627473228,0.0,0.0,,1999,274,2273,124.78545590900467,124.78545590900467,,,2273.0,0.0,1.0,1.0
a8aa60d5-31f3-4263-bb06-4d0d6c1fffda,math:Orz57K,879,2026-04-23T06:49:23.180168Z,2026-04-23T06:51:30.289473Z,127.109305,1,True,True,True,1.0,1.0,0.00786724465215194,0.00786724465215194,0.0,,1940,431,2371,126.36399887000152,126.36399887000152,,,2371.0,0.0,1.0,1.0
8f77c9a1-56a7-411c-9fad-d1ddbc8f0bd1,math:Orz57K,880,2026-04-23T06:49:25.012836Z,2026-04-23T06:51:32.445207Z,127.432371,1,True,True,True,1.0,1.0,0.007847299647277222,0.007847299647277222,0.0,,1946,368,2314,126.68525240900635,126.68525240900635,,,2314.0,0.0,1.0,1.0
f05a44c4-e6f1-40ff-bcbf-f59377c437fd,math:Orz57K,881,2026-04-23T06:49:29.719374Z,2026-04-23T06:51:34.663973Z,124.944599,1,True,True,False,0.0,0.0,0.008003547236163446,0.0,0.0,,2009,363,2372,124.20524782899884,124.20524782899884,,,2372.0,0.0,1.0,1.0
d06ff614-3863-42ab-a965-10cc738814c1,math:Orz57K,878,2026-04-23T06:49:36.652495Z,2026-04-23T06:51:36.775665Z,120.12317,1,True,True,False,0.0,0.0,0.008324788631535449,0.0,0.0,,1999,274,2273,119.27184052100347,119.27184052100347,,,2273.0,0.0,1.0,1.0
c752e6d5-a16d-43ec-a8b6-a682f4f0be67,math:Orz57K,879,2026-04-23T06:49:41.087949Z,2026-04-23T06:51:39.223570Z,118.135621,1,True,True,True,1.0,1.0,0.008464847363861574,0.008464847363861574,0.0,,1940,431,2371,117.41144993600028,117.41144993600028,,,2371.0,0.0,1.0,1.0
ff91bcf8-e017-43e0-a64c-1011635c3e34,math:Orz57K,880,2026-04-23T06:49:42.005425Z,2026-04-23T06:51:41.395234Z,119.389809,1,True,True,True,1.0,1.0,0.008375924280103338,0.008375924280103338,0.0,,1946,368,2314,118.67038036599115,118.67038036599115,,,2314.0,0.0,1.0,1.0
d7afaa8d-08ed-4e11-8d32-a2e0e46b8975,math:Orz57K,881,2026-04-23T06:49:46.476540Z,2026-04-23T06:51:43.557262Z,117.080722,1,True,True,False,0.0,0.0,0.008541115761141275,0.0,0.0,,2009,363,2372,116.37220540699491,116.37220540699491,,,2372.0,0.0,1.0,1.0
79e4b12a-8728-4a4e-a790-3cf9c08a0ac4,math:Orz57K,882,2026-04-23T06:49:48.895783Z,2026-04-23T06:52:07.480690Z,138.584907,1,True,True,False,0.0,0.0,0.007215792986749994,0.0,0.0,,2021,3813,5834,137.86544740799582,137.86544740799582,,,5834.0,0.0,1.0,1.0
063a588a-0e7b-4cd8-b480-51dcf9601bd3,math:Orz57K,879,2026-04-23T06:49:48.912869Z,2026-04-23T06:52:10.033770Z,141.120901,1,True,True,True,1.0,1.0,0.00708612255813191,0.00708612255813191,0.0,,1940,431,2371,140.3984979550005,140.3984979550005,,,2371.0,0.0,1.0,1.0
2e08bc2d-65d4-4bde-8439-392db71a422d,math:Orz57K,880,2026-04-23T06:49:53.847546Z,2026-04-23T06:52:12.230402Z,138.382856,1,True,True,True,1.0,1.0,0.007226328671811774,0.007226328671811774,0.0,,1946,368,2314,137.65888669299602,137.65888669299602,,,2314.0,0.0,1.0,1.0
ca28cd9d-c8bd-444d-8023-24496812fcf0,math:Orz57K,881,2026-04-23T06:50:00.131442Z,2026-04-23T06:52:14.401701Z,134.270259,1,True,True,False,0.0,0.0,0.007447665681496897,0.0,0.0,,2009,363,2372,133.54487166600302,133.54487166600302,,,2372.0,0.0,1.0,1.0
b561db66-a9df-4604-8e0b-80c0f1a1d660,math:Orz57K,882,2026-04-23T06:50:00.990113Z,2026-04-23T06:52:37.968623Z,156.97851,1,True,True,False,0.0,0.0,0.006370298711587975,0.0,0.0,,2021,3813,5834,156.2440496509953,156.2440496509953,,,5834.0,0.0,1.0,1.0
3bb256c4-8d3c-406b-84d7-efd32f013acc,math:Orz57K,883,2026-04-23T06:50:05.939286Z,2026-04-23T06:56:21.775195Z,375.835909,1,True,True,True,1.0,1.0,0.002660735645672431,0.002660735645672431,0.0,,4142,266,4408,373.38533680100227,373.38533680100227,,,4408.0,0.0,1.0,1.0
e46e6b77-555f-4161-b045-29ecfc52ba23,math:Orz57K,880,2026-04-23T06:50:31.245592Z,2026-04-23T06:52:41.817771Z,130.572179,1,True,True,True,1.0,1.0,0.007658599310041383,0.007658599310041383,0.0,,1946,368,2314,129.83677747299953,129.83677747299953,,,2314.0,0.0,1.0,1.0
68bacdf5-b87b-4c71-9180-cfe9e205d84c,math:Orz57K,881,2026-04-23T06:50:35.653118Z,2026-04-23T06:52:43.955872Z,128.302754,1,True,True,False,0.0,0.0,0.007794064966056769,0.0,0.0,,2009,363,2372,127.5878192300006,127.5878192300006,,,2372.0,0.0,1.0,1.0
fb2d4b09-abdf-4c59-833e-dbfde3cf2436,math:Orz57K,882,2026-04-23T06:50:40.722517Z,2026-04-23T06:53:07.518556Z,146.796039,1,True,True,False,0.0,0.0,0.006812172908834413,0.0,0.0,,2021,3813,5834,146.05414880099124,146.05414880099124,,,5834.0,0.0,1.0,1.0
443d2826-1633-4a9a-a021-e24347337912,math:Orz57K,883,2026-04-23T06:50:41.577755Z,2026-04-23T06:56:34.407988Z,352.830233,1,True,True,True,1.0,1.0,0.0028342242429094788,0.0028342242429094788,0.0,,4142,266,4408,350.2611292819929,350.2611292819929,,,4408.0,0.0,1.0,1.0
30788744-c9be-441d-8796-d8835e466e5f,math:Orz57K,884,2026-04-23T06:50:43.344553Z,2026-04-23T06:56:34.468658Z,351.124105,1,True,True,True,1.0,1.0,0.0028479958674440765,0.0028479958674440765,0.0,,4018,104,4122,348.56584737800586,348.56584737800586,,,4122.0,0.0,1.0,1.0
2a46d13b-5647-47ee-bd33-a80362552948,math:Orz57K,881,2026-04-23T06:50:45.829934Z,2026-04-23T06:53:11.934299Z,146.104365,1,True,True,False,0.0,0.0,0.006844422478411237,0.0,0.0,,2009,363,2372,145.35334953499842,145.35334953499842,,,2372.0,0.0,1.0,1.0
f6f701d6-d4fa-4ea2-9118-bb8b6a51d013,math:Orz57K,882,2026-04-23T06:51:11.183886Z,2026-04-23T06:53:35.430616Z,144.24673,1,True,True,False,0.0,0.0,0.006932566166317947,0.0,0.0,,2021,3813,5834,143.51106198200432,143.51106198200432,,,5834.0,0.0,1.0,1.0
a1370458-0fc6-4820-9278-e545e6b75e03,math:Orz57K,883,2026-04-23T06:51:15.617557Z,2026-04-23T06:56:47.006534Z,331.388977,1,True,True,True,1.0,1.0,0.0030176018799804557,0.0030176018799804557,0.0,,4142,266,4408,328.9066411579988,328.9066411579988,,,4408.0,0.0,1.0,1.0
084fa4d4-8ceb-44ca-9731-fc6ea5dcdb41,math:Orz57K,884,2026-04-23T06:51:17.308593Z,2026-04-23T06:56:47.092791Z,329.784198,1,True,True,True,1.0,1.0,0.0030322859799364918,0.0030322859799364918,0.0,,4018,104,4122,327.3129067199916,327.3129067199916,,,4122.0,0.0,1.0,1.0
eab8f7ac-317f-4a62-8e60-9b4c8280ea75,math:Orz57K,885,2026-04-23T06:51:17.368975Z,2026-04-23T06:53:38.565393Z,141.196418,1,True,True,False,0.0,0.0,0.007082332641044761,0.0,0.0,,1966,205,2171,140.41268595599104,140.41268595599104,,,2171.0,0.0,1.0,1.0
075f9d5f-8f85-452c-b1ff-d84f5e09830f,math:Orz57K,882,2026-04-23T06:51:19.785320Z,2026-04-23T06:54:02.780565Z,162.995245,1,True,True,False,0.0,0.0,0.006135148298344531,0.0,0.0,,2021,3933,5954,162.2812596129952,162.2812596129952,,,5954.0,0.0,1.0,1.0
efd1bac9-064f-4691-aa6a-472315318fa9,math:Orz57K,883,2026-04-23T06:51:21.907169Z,2026-04-23T06:56:50.608072Z,328.700903,1,True,True,True,1.0,1.0,0.003042279442718781,0.003042279442718781,0.0,,4142,266,4408,326.17958490799356,326.17958490799356,,,4408.0,0.0,1.0,1.0
958f439a-4451-491a-b739-a1d7d4e89687,math:Orz57K,884,2026-04-23T06:51:26.274945Z,2026-04-23T06:56:50.671793Z,324.396848,1,True,True,True,1.0,1.0,0.0030826440089208266,0.0030826440089208266,0.0,,4018,104,4122,321.85310697200475,321.85310697200475,,,4122.0,0.0,1.0,1.0
c10b4fb4-c511-40cd-815f-8a65fa96cc19,math:Orz57K,885,2026-04-23T06:51:27.920114Z,2026-04-23T06:54:05.869047Z,157.948933,1,True,True,False,0.0,0.0,0.0063311602111297575,0.0,0.0,,1966,205,2171,157.1451065440051,157.1451065440051,,,2171.0,0.0,1.0,1.0
7f8fa7eb-2330-47a2-b7d8-90c595fd37ac,math:Orz57K,886,2026-04-23T06:51:30.314500Z,2026-04-23T06:54:31.300129Z,180.985629,1,True,True,False,0.0,0.0,0.0055253005751080934,0.0,0.0,,1980,4096,6076,180.15204814399476,180.15204814399476,,,6076.0,0.0,1.0,1.0
c0915c50-c294-4d95-ae23-fc3aab8843db,math:Orz57K,883,2026-04-23T06:51:32.473234Z,2026-04-23T06:56:59.206711Z,326.733477,1,True,True,True,1.0,1.0,0.0030605985318119086,0.0030605985318119086,0.0,,4142,266,4408,324.2383359840169,324.2383359840169,,,4408.0,0.0,1.0,1.0
c437e2ba-4df6-41ca-9302-1f0966473184,math:Orz57K,884,2026-04-23T06:51:32.595781Z,2026-04-23T06:56:59.289611Z,326.69383,1,True,True,True,1.0,1.0,0.003060969960773364,0.003060969960773364,0.0,,4018,104,4122,324.1501907519996,324.1501907519996,,,4122.0,0.0,1.0,1.0
5f83fbc8-1fbd-4b25-9ed0-d291100c7f72,math:Orz57K,885,2026-04-23T06:51:34.688223Z,2026-04-23T06:54:34.244677Z,179.556454,1,True,True,False,0.0,0.0,0.005569279063619735,0.0,0.0,,1966,205,2171,178.7781604549964,178.7781604549964,,,2171.0,0.0,1.0,1.0
e1f57e12-5a01-4330-8601-d9d8f0ecff4b,math:Orz57K,886,2026-04-23T06:51:35.025175Z,2026-04-23T06:54:59.693557Z,204.668382,1,True,True,False,0.0,0.0,0.004885952535648618,0.0,0.0,,1980,4096,6076,203.8228857040085,203.8228857040085,,,6076.0,0.0,1.0,1.0
2b9c6b27-5829-4bc5-ae77-c93466ad60d5,math:Orz57K,887,2026-04-23T06:51:36.800536Z,2026-04-23T06:55:07.259384Z,210.458848,1,True,True,False,0.0,0.0,0.004751522729992326,0.0,0.0,,2035,1312,3347,209.71288893499877,209.71288893499877,,,3347.0,0.0,1.0,1.0
907e4a1e-d7df-4788-b6b0-2388821e7ce6,math:Orz57K,884,2026-04-23T06:51:39.246462Z,2026-04-23T06:57:10.122866Z,330.876404,1,True,True,True,1.0,1.0,0.0030222765597996528,0.0030222765597996528,0.0,,4018,104,4122,328.3541448379983,328.3541448379983,,,4122.0,0.0,1.0,1.0
c0d8421b-9cbc-4679-9cc6-98473d417a31,math:Orz57K,885,2026-04-23T06:51:41.418833Z,2026-04-23T06:55:09.139085Z,207.720252,1,True,True,False,0.0,0.0,0.004814167084680795,0.0,0.0,,1966,205,2171,206.8513413269975,206.8513413269975,,,2171.0,0.0,1.0,1.0
846a6ece-e6e3-4562-9c68-53452f8120fc,math:Orz57K,886,2026-04-23T06:51:43.582388Z,2026-04-23T06:55:34.562767Z,230.980379,1,True,True,False,0.0,0.0,0.004329372063243519,0.0,0.0,,1980,4096,6076,230.10711259000527,230.10711259000527,,,6076.0,0.0,1.0,1.0
a87bd10d-78d7-47ae-8776-0297540872f4,math:Orz57K,887,2026-04-23T06:51:43.952778Z,2026-04-23T06:55:42.285816Z,238.333038,1,True,True,False,0.0,0.0,0.004195809395086887,0.0,0.0,,2035,1312,3347,237.58715271399706,237.58715271399706,,,3347.0,0.0,1.0,1.0
4ac66442-7092-4032-bcb0-5efc46c290a6,math:Orz57K,888,2026-04-23T06:52:07.505291Z,2026-04-23T06:55:43.948683Z,216.443392,1,True,True,True,1.0,1.0,0.004620145668387973,0.004620145668387973,0.0,,1944,277,2221,215.70921208501386,215.70921208501386,,,2221.0,0.0,1.0,1.0
c4645bdc-f995-4998-9a13-e23d4ee52227,math:Orz57K,885,2026-04-23T06:52:10.059473Z,2026-04-23T06:55:45.207085Z,215.147612,1,True,True,False,0.0,0.0,0.004647971644695736,0.0,0.0,,1966,205,2171,214.38871699100127,214.38871699100127,,,2171.0,0.0,1.0,1.0
062b6993-f8dc-4164-ba6a-cff941dbcd9e,math:Orz57K,886,2026-04-23T06:52:12.255961Z,2026-04-23T06:56:10.639839Z,238.383878,1,True,True,False,0.0,0.0,0.0041949145570993685,0.0,0.0,,1980,4096,6076,237.50971340700926,237.50971340700926,,,6076.0,0.0,1.0,1.0
c4dfc5f5-7092-4832-947c-586e71fb3ad8,math:Orz57K,887,2026-04-23T06:52:14.426358Z,2026-04-23T06:56:18.390308Z,243.96395,1,True,True,False,0.0,0.0,0.004098966261203756,0.0,0.0,,2035,1312,3347,243.195483634001,243.195483634001,,,3347.0,0.0,1.0,1.0
f1c1037e-5acd-42a0-93d9-b40351426fb5,math:Orz57K,888,2026-04-23T06:52:37.993036Z,2026-04-23T06:56:19.969665Z,221.976629,1,True,True,True,1.0,1.0,0.0045049787651293685,0.0045049787651293685,0.0,,1944,277,2221,221.2274598209915,221.2274598209915,,,2221.0,0.0,1.0,1.0
b0fdaf9c-7e67-4d6e-bcfc-7551e1707760,math:Orz57K,889,2026-04-23T06:52:38.330889Z,2026-04-23T06:56:21.475477Z,223.144588,1,True,True,True,1.0,1.0,0.004481399297929646,0.004481399297929646,0.0,,1948,258,2206,222.4030006200046,222.4030006200046,,,2206.0,0.0,1.0,1.0
ecd2c480-ac39-4919-b393-0b2874d7ec95,math:Orz57K,886,2026-04-23T06:52:41.840343Z,2026-04-23T06:56:26.599241Z,224.758898,1,True,True,False,0.0,0.0,0.0044492120618957656,0.0,0.0,,1980,817,2797,223.98996547900606,223.98996547900606,,,2797.0,0.0,1.0,1.0
c30c1427-7523-46bd-b50e-e6d6923d44ff,math:Orz57K,887,2026-04-23T06:52:43.980722Z,2026-04-23T06:56:30.938310Z,226.957588,1,True,True,True,1.0,1.0,0.004406109567925087,0.004406109567925087,0.0,,2035,748,2783,226.22571953800798,226.22571953800798,,,2783.0,0.0,1.0,1.0
da061c05-d431-4bc0-af51-7964f05b8b62,math:Orz57K,888,2026-04-23T06:53:07.543465Z,2026-04-23T06:56:32.536354Z,204.992889,1,True,True,True,1.0,1.0,0.004878217995161774,0.004878217995161774,0.0,,1944,277,2221,204.26139582900214,204.26139582900214,,,2221.0,0.0,1.0,1.0
55c08600-5c97-4ad2-9c8b-f4da8d966831,math:Orz57K,889,2026-04-23T06:53:09.186387Z,2026-04-23T06:56:34.034956Z,204.848569,1,True,True,True,1.0,1.0,0.004881654799355714,0.004881654799355714,0.0,,1948,258,2206,204.12988294700335,204.12988294700335,,,2206.0,0.0,1.0,1.0
bdb82a8f-b5c9-4dfb-b015-5e81fb3ac5d9,math:Orz57K,890,2026-04-23T06:53:11.959201Z,2026-04-23T06:56:42.128324Z,210.169123,1,True,True,True,1.0,1.0,0.0047580728592563045,0.0047580728592563045,0.0,,1977,1297,3274,209.4588148180046,209.4588148180046,,,3274.0,0.0,1.0,1.0
0e375ea9-0095-4ad0-9489-a01544cdd771,math:Orz57K,887,2026-04-23T06:53:35.454322Z,2026-04-23T06:56:46.681532Z,191.22721,1,True,True,True,1.0,1.0,0.005229381320785886,0.005229381320785886,0.0,,2035,763,2798,190.48976142899483,190.48976142899483,,,2798.0,0.0,1.0,1.0
1138a25d-ce22-483a-bf89-61208b706991,math:Orz57K,888,2026-04-23T06:53:38.592141Z,2026-04-23T06:56:48.755038Z,190.162897,1,True,True,True,1.0,1.0,0.005258649377854188,0.005258649377854188,0.0,,1944,277,2221,189.419970242001,189.419970242001,,,2221.0,0.0,1.0,1.0
79db3267-8d6a-474d-80c3-f764077a9723,math:Orz57K,889,2026-04-23T06:54:02.805602Z,2026-04-23T06:56:50.265697Z,167.460095,1,True,True,True,1.0,1.0,0.005971571913893875,0.005971571913893875,0.0,,1948,258,2206,166.71596308599692,166.71596308599692,,,2206.0,0.0,1.0,1.0
f3a455e8-cd1d-4aa7-b8bd-99d016d6d792,math:Orz57K,890,2026-04-23T06:54:05.893264Z,2026-04-23T06:56:58.319503Z,172.426239,1,True,True,True,1.0,1.0,0.0057995813502607334,0.0057995813502607334,0.0,,1977,1297,3274,171.69797319700592,171.69797319700592,,,3274.0,0.0,1.0,1.0
37d5345b-e779-45d1-bebc-cdfc93c12e31,math:Orz57K,891,2026-04-23T06:54:31.324043Z,2026-04-23T06:59:01.800711Z,270.476668,1,True,True,False,0.0,0.0,0.0036971765712523487,0.0,0.0,,4064,109,4173,267.94196837100026,267.94196837100026,,,4173.0,0.0,1.0,1.0
6695e8d3-2cbb-418e-99c9-251ac1c676e0,math:Orz57K,888,2026-04-23T06:54:34.270236Z,2026-04-23T06:57:00.860978Z,146.590742,1,True,True,True,1.0,1.0,0.006821713202052009,0.006821713202052009,0.0,,1944,277,2221,145.87367939499381,145.87367939499381,,,2221.0,0.0,1.0,1.0
d1d8cf70-3437-4512-b6ce-d649233acc01,math:Orz57K,889,2026-04-23T06:54:59.718205Z,2026-04-23T06:57:02.359876Z,122.641671,1,True,True,True,1.0,1.0,0.008153835412108826,0.008153835412108826,0.0,,1948,258,2206,121.92870261799544,121.92870261799544,,,2206.0,0.0,1.0,1.0
412b9f62-298e-4418-8909-9aafb5d28e91,math:Orz57K,890,2026-04-23T06:55:07.283003Z,2026-04-23T06:57:10.001051Z,122.718048,1,True,True,True,1.0,1.0,0.008148760645214958,0.008148760645214958,0.0,,1977,1297,3274,121.99071217999153,121.99071217999153,,,3274.0,0.0,1.0,1.0
8661b14c-6eec-4852-834a-2f5bd9c0969e,math:Orz57K,891,2026-04-23T06:55:09.163331Z,2026-04-23T06:59:38.830058Z,269.666727,1,True,True,False,0.0,0.0,0.0037082809997541896,0.0,0.0,,4064,109,4173,267.1847490249929,267.1847490249929,,,4173.0,0.0,1.0,1.0
ea31c7a8-e2ff-4bee-af5c-4889d7dd6bc3,math:Orz57K,892,2026-04-23T06:55:34.587946Z,2026-04-23T06:57:14.152971Z,99.565025,1,True,True,True,1.0,1.0,0.01004368752983289,0.01004368752983289,0.0,,1950,592,2542,98.83518106599513,98.83518106599513,,,2542.0,0.0,1.0,1.0
67fef3f0-6fb5-4294-8fde-95d61437fa5a,math:Orz57K,889,2026-04-23T06:55:42.308904Z,2026-04-23T06:57:15.659611Z,93.350707,1,True,True,True,1.0,1.0,0.010712291659451492,0.010712291659451492,0.0,,1948,258,2206,92.63719381699048,92.63719381699048,,,2206.0,0.0,1.0,1.0
37a40eb2-da4e-4390-8cbb-5fd113a3ab98,math:Orz57K,890,2026-04-23T06:55:43.974564Z,2026-04-23T06:57:23.343067Z,99.368503,1,True,True,True,1.0,1.0,0.010063551022802467,0.010063551022802467,0.0,,1977,1297,3274,98.65074794599786,98.65074794599786,,,3274.0,0.0,1.0,1.0
7c8f16fb-91cd-4680-9125-c8454fca2c3e,math:Orz57K,891,2026-04-23T06:55:45.230896Z,2026-04-23T06:59:52.206747Z,246.975851,1,True,True,False,0.0,0.0,0.0040489788615001064,0.0,0.0,,4064,109,4173,244.47369798299042,244.47369798299042,,,4173.0,0.0,1.0,1.0
5b10eb0e-ad15-4e84-bcad-403cd1eaf9dc,math:Orz57K,892,2026-04-23T06:56:10.666006Z,2026-04-23T06:57:27.314976Z,76.64897,1,True,True,True,1.0,1.0,0.0130464897310427,0.0130464897310427,0.0,,1950,592,2542,75.92423321100068,75.92423321100068,,,2542.0,0.0,1.0,1.0
7be661ce-7882-4632-9596-a6f035469446,math:Orz57K,893,2026-04-23T06:56:18.413689Z,2026-04-23T06:57:30.011922Z,71.598233,1,True,True,False,0.0,0.0,0.013966825131005679,0.0,0.0,,2047,459,2506,70.85527646398987,70.85527646398987,,,2506.0,0.0,1.0,1.0
7b6a779e-392f-43c5-99f6-09181e21ab92,math:Orz57K,890,2026-04-23T06:56:19.992646Z,2026-04-23T06:57:37.609255Z,77.616609,1,True,True,True,1.0,1.0,0.012883840364631235,0.012883840364631235,0.0,,1977,1297,3274,76.87390940199839,76.87390940199839,,,3274.0,0.0,1.0,1.0
2eb2ebd9-ae53-44eb-a20b-f8775527cedd,math:Orz57K,891,2026-04-23T06:56:21.500371Z,2026-04-23T06:59:59.445562Z,217.945191,1,True,True,False,0.0,0.0,0.0045883095443018974,0.0,0.0,,4064,109,4173,215.42987343200366,215.42987343200366,,,4173.0,0.0,1.0,1.0
9161a664-11ae-44a1-a270-0b3490f7db1b,math:Orz57K,892,2026-04-23T06:56:21.800059Z,2026-04-23T06:57:41.589790Z,79.789731,1,True,True,True,1.0,1.0,0.012532941112434632,0.012532941112434632,0.0,,1950,592,2542,79.07570358700468,79.07570358700468,,,2542.0,0.0,1.0,1.0
9e1862a6-982b-4e20-ad59-82574cec5193,math:Orz57K,893,2026-04-23T06:56:26.624015Z,2026-04-23T06:57:44.350210Z,77.726195,1,True,True,False,0.0,0.0,0.012865675465008932,0.0,0.0,,2047,459,2506,76.97231812900282,76.97231812900282,,,2506.0,0.0,1.0,1.0
6c0353a6-21fa-4e76-a35c-938b231443ba,math:Orz57K,894,2026-04-23T06:56:30.962522Z,2026-04-23T06:57:52.780709Z,81.818187,1,True,True,True,1.0,1.0,0.012222221448148197,0.012222221448148197,0.0,,2024,1416,3440,81.06600528900162,81.06600528900162,,,3440.0,0.0,1.0,1.0
0617abcc-e11f-4a5e-935b-b96ff920da3b,math:Orz57K,891,2026-04-23T06:56:32.561788Z,2026-04-23T07:00:07.484485Z,214.922697,1,True,True,False,0.0,0.0,0.004652835712367782,0.0,0.0,,4064,109,4173,212.40514962399902,212.40514962399902,,,4173.0,0.0,1.0,1.0
a3444645-0eae-4e8d-93cf-564bd245d987,math:Orz57K,892,2026-04-23T06:56:34.060749Z,2026-04-23T06:57:56.713530Z,82.652781,1,True,True,True,1.0,1.0,0.012098806451533675,0.012098806451533675,0.0,,1950,592,2542,81.92588973899547,81.92588973899547,,,2542.0,0.0,1.0,1.0
2890811c-b2c3-4047-8897-00b73b9217c7,math:Orz57K,893,2026-04-23T06:56:34.433845Z,2026-04-23T06:57:59.445919Z,85.012074,1,True,True,False,0.0,0.0,0.011763034977831502,0.0,0.0,,2047,459,2506,84.2332706140005,84.2332706140005,,,2506.0,0.0,1.0,1.0
0c5aba6a-bc5d-4cbb-96b8-6376504d2a18,math:Orz57K,894,2026-04-23T06:56:34.492029Z,2026-04-23T06:58:07.749114Z,93.257085,1,True,True,True,1.0,1.0,0.010723045868311238,0.010723045868311238,0.0,,2024,1416,3440,92.51775836800516,92.51775836800516,,,3440.0,0.0,1.0,1.0
d72f9c53-8ab7-4270-a3d0-bcdddc703981,math:Orz57K,895,2026-04-23T06:56:42.153267Z,2026-04-23T06:58:15.242934Z,93.089667,1,True,True,False,0.0,0.0,0.010742330832486487,0.0,0.0,,1961,1244,3205,92.2658874399931,92.2658874399931,,,3205.0,0.0,1.0,1.0
3a4b6dd2-609d-4c43-93c5-6076404128f4,math:Orz57K,892,2026-04-23T06:56:46.706253Z,2026-04-23T06:58:18.640172Z,91.933919,1,True,True,True,1.0,1.0,0.010877378130698421,0.010877378130698421,0.0,,1950,592,2542,91.20944034399872,91.20944034399872,,,2542.0,0.0,1.0,1.0
c26413da-77bf-4690-b443-333ad40e35f5,math:Orz57K,893,2026-04-23T06:56:47.032542Z,2026-04-23T06:58:21.378604Z,94.346062,1,True,True,False,0.0,0.0,0.01059927652306251,0.0,0.0,,2047,459,2506,93.59001326399448,93.59001326399448,,,2506.0,0.0,1.0,1.0
c3eb925f-9748-4e9e-b01f-7eb5182d5e0b,math:Orz57K,894,2026-04-23T06:56:47.118515Z,2026-04-23T06:58:29.678083Z,102.559568,1,True,True,True,1.0,1.0,0.009750431086059178,0.009750431086059178,0.0,,2024,1416,3440,101.83358292799676,101.83358292799676,,,3440.0,0.0,1.0,1.0
170203f8-3e17-4f15-8d35-388d7cc221e0,math:Orz57K,895,2026-04-23T06:56:48.780194Z,2026-04-23T06:58:36.988635Z,108.208441,1,True,True,False,0.0,0.0,0.009241423226862682,0.0,0.0,,1961,1244,3205,107.4220282669994,107.4220282669994,,,3205.0,0.0,1.0,1.0
026b28a9-e77a-4e85-ba24-8bbfe871712a,math:Orz57K,896,2026-04-23T06:56:50.289321Z,2026-04-23T06:58:38.973082Z,108.683761,1,True,True,False,0.0,0.0,0.009201006579078543,0.0,0.0,,1962,340,2302,107.92465878400253,107.92465878400253,,,2302.0,0.0,1.0,1.0
00664289-25cb-4c98-9476-b90d2bdf0249,math:Orz57K,893,2026-04-23T06:56:50.635230Z,2026-04-23T06:58:41.702288Z,111.067058,1,True,True,False,0.0,0.0,0.009003569717314381,0.0,0.0,,2047,459,2506,110.29475281600025,110.29475281600025,,,2506.0,0.0,1.0,1.0
e37480f7-3767-41d0-a0f2-9cf5d75e7417,math:Orz57K,894,2026-04-23T06:56:50.694747Z,2026-04-23T06:58:50.153516Z,119.458769,1,True,True,True,1.0,1.0,0.008371089107740596,0.008371089107740596,0.0,,2024,1416,3440,118.71471849699446,118.71471849699446,,,3440.0,0.0,1.0,1.0
9e49f25e-c610-4590-bf1e-89d5c0ccdbfb,math:Orz57K,895,2026-04-23T06:56:58.344992Z,2026-04-23T06:58:57.512394Z,119.167402,1,True,True,False,0.0,0.0,0.008391556610422707,0.0,0.0,,1961,1244,3205,118.38459213101305,118.38459213101305,,,3205.0,0.0,1.0,1.0
a101957d-c49c-4b9a-a023-17b67b99d7fe,math:Orz57K,896,2026-04-23T06:56:59.232556Z,2026-04-23T06:58:59.454671Z,120.222115,1,True,True,False,0.0,0.0,0.008317937178197206,0.0,0.0,,1962,340,2302,119.46643315600522,119.46643315600522,,,2302.0,0.0,1.0,1.0
afc121d3-7fd0-4b2d-874c-75681fc7f375,math:Orz57K,897,2026-04-23T06:56:59.312871Z,2026-04-23T06:59:01.565971Z,122.2531,1,True,True,False,0.0,0.0,0.008179751679098526,0.0,0.0,,1962,373,2335,121.54915475100279,121.54915475100279,,,2335.0,0.0,1.0,1.0
d032a75c-1933-433a-a210-20e6aa0dc0ad,math:Orz57K,894,2026-04-23T06:57:00.886102Z,2026-04-23T06:59:27.143385Z,146.257283,1,True,True,False,0.0,0.0,0.0068372663534300715,0.0,0.0,,2024,4096,6120,145.5501638299902,145.5501638299902,,,6120.0,0.0,1.0,1.0
cbfc9001-d4b9-4132-9922-a2cbb95cc517,math:Orz57K,895,2026-04-23T06:57:02.384283Z,2026-04-23T06:59:34.524773Z,152.14049,1,True,True,False,0.0,0.0,0.006572872218302965,0.0,0.0,,1961,1244,3205,151.35855858499417,151.35855858499417,,,3205.0,0.0,1.0,1.0
724380f5-3d9b-4ee1-bb03-3b3bcde5fbec,math:Orz57K,896,2026-04-23T06:57:10.026601Z,2026-04-23T06:59:36.492009Z,146.465408,1,True,True,False,0.0,0.0,0.0068275507073997975,0.0,0.0,,1962,340,2302,145.70164461700188,145.70164461700188,,,2302.0,0.0,1.0,1.0
fa556447-f2bc-4bcc-b4c0-7505144de9d9,math:Orz57K,897,2026-04-23T06:57:10.147345Z,2026-04-23T06:59:38.601490Z,148.454145,1,True,True,False,0.0,0.0,0.006736086755947434,0.0,0.0,,1962,373,2335,147.73025088400755,147.73025088400755,,,2335.0,0.0,1.0,1.0
f3151fb3-c355-464b-94b6-660bee7fa7e2,math:Orz57K,898,2026-04-23T06:57:14.177314Z,2026-04-23T06:59:42.599596Z,148.422282,1,True,True,True,1.0,1.0,0.006737532845641061,0.006737532845641061,0.0,,1958,641,2599,147.69900955399498,147.69900955399498,,,2599.0,0.0,1.0,1.0
033af3b4-a0d5-41b3-a62c-a8471b819848,math:Orz57K,895,2026-04-23T06:57:15.684651Z,2026-04-23T06:59:50.101864Z,154.417213,1,True,True,False,0.0,0.0,0.006475961977114559,0.0,0.0,,1961,1244,3205,153.60347134900803,153.60347134900803,,,3205.0,0.0,1.0,1.0
b3c1f92e-e2f3-4f97-bc09-83d3aa4975c3,math:Orz57K,896,2026-04-23T06:57:23.368133Z,2026-04-23T06:59:52.029172Z,148.661039,1,True,True,False,0.0,0.0,0.006726712033810016,0.0,0.0,,1962,340,2302,147.8980876870046,147.8980876870046,,,2302.0,0.0,1.0,1.0
acb15eb6-c2b4-4f32-970c-2aa716fe31e1,math:Orz57K,897,2026-04-23T06:57:27.338364Z,2026-04-23T06:59:54.341304Z,147.00294,1,True,True,False,0.0,0.0,0.0068025850367346395,0.0,0.0,,1962,373,2335,146.27697856399755,146.27697856399755,,,2335.0,0.0,1.0,1.0
16004e05-42f2-441c-8eb8-83c6bec73082,math:Orz57K,898,2026-04-23T06:57:30.037360Z,2026-04-23T06:59:58.065174Z,148.027814,1,True,True,True,1.0,1.0,0.006755487181618449,0.006755487181618449,0.0,,1958,641,2599,147.30221415399865,147.30221415399865,,,2599.0,0.0,1.0,1.0
f692dbad-fb1d-44aa-9ef5-2ab14d6d8845,math:Orz57K,899,2026-04-23T06:57:37.633794Z,2026-04-23T06:59:59.212645Z,141.578851,1,True,True,True,1.0,1.0,0.007063201833725858,0.007063201833725858,0.0,,1982,198,2180,140.86042022000765,140.86042022000765,,,2180.0,0.0,1.0,1.0
7a53bfb1-5b85-4ffc-be3e-8459d732c7bd,math:Orz57K,896,2026-04-23T06:57:41.616658Z,2026-04-23T07:00:01.410904Z,139.794246,1,True,True,False,0.0,0.0,0.007153370246726751,0.0,0.0,,1962,340,2302,139.0339294860023,139.0339294860023,,,2302.0,0.0,1.0,1.0
92a2783f-8953-4b01-aeb2-20ec2c5b998d,math:Orz57K,897,2026-04-23T06:57:44.374397Z,2026-04-23T07:00:03.536670Z,139.162273,1,True,True,False,0.0,0.0,0.0071858556090126525,0.0,0.0,,1962,373,2335,138.4416585789877,138.4416585789877,,,2335.0,0.0,1.0,1.0
2592e392-543b-41cd-895e-5cfd8cf7efd3,math:Orz57K,898,2026-04-23T06:57:52.806001Z,2026-04-23T07:00:07.274225Z,134.468224,1,True,True,True,1.0,1.0,0.007436701179306124,0.007436701179306124,0.0,,1958,641,2599,133.707738830999,133.707738830999,,,2599.0,0.0,1.0,1.0
0ca7f298-d542-4034-af3f-90b7cbc83d8f,math:Orz57K,899,2026-04-23T06:57:56.737365Z,2026-04-23T07:00:08.581095Z,131.84373,1,True,True,True,1.0,1.0,0.007584736869929272,0.007584736869929272,0.0,,1982,198,2180,131.12841206901066,131.12841206901066,,,2180.0,0.0,1.0,1.0
8f20f823-7955-4a04-90bf-121462915716,math:Orz57K,900,2026-04-23T06:57:59.470093Z,2026-04-23T07:01:23.244571Z,203.774478,1,True,True,False,0.0,0.0,0.00490738589942554,0.0,0.0,,4292,266,4558,201.0346211699798,201.0346211699798,,,4558.0,0.0,1.0,1.0
d1f953a8-a42e-47ee-8f9b-c58156aa8da2,math:Orz57K,897,2026-04-23T06:58:07.774085Z,2026-04-23T07:00:12.373906Z,124.599821,1,True,True,False,0.0,0.0,0.008025693712673953,0.0,0.0,,1962,373,2335,123.85376166600327,123.85376166600327,,,2335.0,0.0,1.0,1.0
7d22fea9-de77-4b16-8d19-50c9213da226,math:Orz57K,898,2026-04-23T06:58:15.266892Z,2026-04-23T07:00:16.161605Z,120.894713,1,True,True,True,1.0,1.0,0.008271660316526827,0.008271660316526827,0.0,,1958,641,2599,120.16530927200802,120.16530927200802,,,2599.0,0.0,1.0,1.0
90a4a4c9-ed4b-48f3-85b6-dae87a9d3cd6,math:Orz57K,899,2026-04-23T06:58:18.665176Z,2026-04-23T07:00:17.347913Z,118.682737,1,True,True,True,1.0,1.0,0.008425825231853222,0.008425825231853222,0.0,,1982,198,2180,117.95214985100029,117.95214985100029,,,2180.0,0.0,1.0,1.0
312b1c93-cc08-4fd3-9a00-38c3012490fe,math:Orz57K,900,2026-04-23T06:58:21.404416Z,2026-04-23T07:01:34.741868Z,193.337452,1,True,True,False,0.0,0.0,0.0051723036052011276,0.0,0.0,,4292,266,4558,190.7906459930091,190.7906459930091,,,4558.0,0.0,1.0,1.0
baf3182f-807d-48b5-b23d-8f4823409d7f,math:Orz57K,901,2026-04-23T06:58:29.711861Z,2026-04-23T07:00:20.894119Z,111.182258,1,True,True,True,1.0,1.0,0.008994240789749025,0.008994240789749025,0.0,,1942,334,2276,110.42785163699591,110.42785163699591,,,2276.0,0.0,1.0,1.0
572a1d21-4dd9-4ab7-8063-25992d190eb2,math:Orz57K,898,2026-04-23T06:58:37.014507Z,2026-04-23T07:00:24.643716Z,107.629209,1,True,True,True,1.0,1.0,0.009291158127901877,0.009291158127901877,0.0,,1958,641,2599,106.88146318699,106.88146318699,,,2599.0,0.0,1.0,1.0
79107404-5912-496d-8151-4953d910cb62,math:Orz57K,899,2026-04-23T06:58:38.998198Z,2026-04-23T07:00:25.809252Z,106.811054,1,True,True,True,1.0,1.0,0.00936232686178717,0.00936232686178717,0.0,,1982,198,2180,106.07374507299392,106.07374507299392,,,2180.0,0.0,1.0,1.0
5a5e2e84-f97e-488f-8a7c-526818b79f5b,math:Orz57K,900,2026-04-23T06:58:41.725681Z,2026-04-23T07:01:45.599699Z,183.874018,1,True,True,False,0.0,0.0,0.005438506271179651,0.0,0.0,,4292,266,4558,181.26704899400647,181.26704899400647,,,4558.0,0.0,1.0,1.0
c1d44adb-31ae-47cd-99f9-a869a5fdeb3c,math:Orz57K,901,2026-04-23T06:58:50.179157Z,2026-04-23T07:00:29.318853Z,99.139696,1,True,True,True,1.0,1.0,0.010086776945533503,0.010086776945533503,0.0,,1942,334,2276,98.38671131400042,98.38671131400042,,,2276.0,0.0,1.0,1.0
ef51df3f-1b39-4e42-89b1-620ffeeb272f,math:Orz57K,902,2026-04-23T06:58:57.536258Z,2026-04-23T07:00:33.746088Z,96.20983,1,True,True,True,1.0,1.0,0.010393948310687172,0.010393948310687172,0.0,,1987,757,2744,95.49890905999928,95.49890905999928,,,2744.0,0.0,1.0,1.0
82779338-c26d-4590-8f43-2bb696eae8aa,math:Orz57K,899,2026-04-23T06:58:59.479605Z,2026-04-23T07:00:34.920410Z,95.440805,1,True,True,True,1.0,1.0,0.01047769871597374,0.01047769871597374,0.0,,1982,198,2180,94.7193862649874,94.7193862649874,,,2180.0,0.0,1.0,1.0
4db0fb4d-5c39-4c6e-ad31-bae9d572ca7a,math:Orz57K,900,2026-04-23T06:59:01.591953Z,2026-04-23T07:01:58.254421Z,176.662468,1,True,True,False,0.0,0.0,0.005660511886429663,0.0,0.0,,4292,266,4558,174.04871611901035,174.04871611901035,,,4558.0,0.0,1.0,1.0
2e590e63-3928-4b2a-9d7a-990de560cda2,math:Orz57K,901,2026-04-23T06:59:01.823943Z,2026-04-23T07:00:38.347252Z,96.523309,1,True,True,True,1.0,1.0,0.01036019185790657,0.01036019185790657,0.0,,1942,334,2276,95.80920941798831,95.80920941798831,,,2276.0,0.0,1.0,1.0
316f9fa0-c77e-4623-8d68-67f7ea4f4b3f,math:Orz57K,902,2026-04-23T06:59:27.167735Z,2026-04-23T07:00:42.897645Z,75.72991,1,True,True,True,1.0,1.0,0.013204822242625138,0.013204822242625138,0.0,,1987,757,2744,75.02289312200446,75.02289312200446,,,2744.0,0.0,1.0,1.0
a4598eae-90e2-4961-94ea-fbeee603ff36,math:Orz57K,903,2026-04-23T06:59:34.548990Z,2026-04-23T07:02:08.146586Z,153.597596,1,True,True,False,0.0,0.0,0.006510518563063969,0.0,0.0,,4073,65,4138,150.99474191201443,150.99474191201443,,,4138.0,0.0,1.0,1.0
b1e88d1f-80cf-4a22-b264-14ae9b35c1c4,math:Orz57K,900,2026-04-23T06:59:36.517075Z,2026-04-23T07:02:08.240966Z,151.723891,1,True,True,False,0.0,0.0,0.006590919817631094,0.0,0.0,,4292,266,4558,149.0981888630049,149.0981888630049,,,4558.0,0.0,1.0,1.0
667bd4c7-22f2-4947-b5c6-ad026c770b9e,math:Orz57K,901,2026-04-23T06:59:38.627400Z,2026-04-23T07:00:46.798832Z,68.171432,1,True,True,True,1.0,1.0,0.014668901190164233,0.014668901190164233,0.0,,1942,334,2276,67.46502883400535,67.46502883400535,,,2276.0,0.0,1.0,1.0
b0ef8da7-6fdc-4518-91ea-12a774fe30ba,math:Orz57K,902,2026-04-23T06:59:38.853771Z,2026-04-23T07:00:51.313085Z,72.459314,1,True,True,True,1.0,1.0,0.013800848293981916,0.013800848293981916,0.0,,1987,757,2744,71.73021500499453,71.73021500499453,,,2744.0,0.0,1.0,1.0
0006f463-ba7f-4635-ab63-93083cd841de,math:Orz57K,903,2026-04-23T06:59:42.624366Z,2026-04-23T07:02:16.101867Z,153.477501,1,True,True,False,0.0,0.0,0.006515612995288476,0.0,0.0,,4073,65,4138,150.85813759299344,150.85813759299344,,,4138.0,0.0,1.0,1.0
2c965034-8ea7-474c-a94f-955d72a567ae,math:Orz57K,904,2026-04-23T06:59:50.125246Z,2026-04-23T07:02:19.562371Z,149.437125,1,True,True,True,1.0,1.0,0.006691777561967951,0.006691777561967951,0.0,,4257,844,5101,146.8340590250009,146.8340590250009,,,5101.0,0.0,1.0,1.0
0b84806b-86a2-4977-8fc7-e58e3d04b8be,math:Orz57K,901,2026-04-23T06:59:52.054384Z,2026-04-23T07:00:55.180563Z,63.126179,1,True,True,True,1.0,1.0,0.01584128828706708,0.01584128828706708,0.0,,1942,334,2276,62.39587797099375,62.39587797099375,,,2276.0,0.0,1.0,1.0
8bfc1a18-699a-4761-a03f-158639f6f817,math:Orz57K,902,2026-04-23T06:59:52.230447Z,2026-04-23T07:00:59.658040Z,67.427593,1,True,True,True,1.0,1.0,0.014830723677174714,0.014830723677174714,0.0,,1987,757,2744,66.69072742499702,66.69072742499702,,,2744.0,0.0,1.0,1.0
7a56be0b-6416-4b38-b0ff-4e813ecc10e1,math:Orz57K,903,2026-04-23T06:59:54.366100Z,2026-04-23T07:02:26.252919Z,151.886819,1,True,True,False,0.0,0.0,0.006583849780934578,0.0,0.0,,4073,65,4138,149.2285852389905,149.2285852389905,,,4138.0,0.0,1.0,1.0
afbb0b74-1361-4bf4-8b52-1169898d5fb3,math:Orz57K,904,2026-04-23T06:59:58.090110Z,2026-04-23T07:02:29.622759Z,151.532649,1,True,True,True,1.0,1.0,0.0065992378975701805,0.0065992378975701805,0.0,,4257,844,5101,149.04326353798388,149.04326353798388,,,5101.0,0.0,1.0,1.0
3c3a1560-eba1-4917-aa13-3f963ee2bb79,math:Orz57K,905,2026-04-23T06:59:59.236430Z,2026-04-23T07:01:06.593532Z,67.357102,1,True,True,False,0.0,0.0,0.014846244424233098,0.0,0.0,,2153,847,3000,66.59833681600867,66.59833681600867,,,3000.0,0.0,1.0,1.0
804fa6d7-9dd5-40b9-bfb5-375c51deaec6,math:Orz57K,902,2026-04-23T06:59:59.468481Z,2026-04-23T07:01:10.967165Z,71.498684,1,True,True,True,1.0,1.0,0.013986271411652837,0.013986271411652837,0.0,,1987,757,2744,70.78216074600641,70.78216074600641,,,2744.0,0.0,1.0,1.0
f40e413d-58af-4d06-aff9-fa4bf520a6d5,math:Orz57K,903,2026-04-23T07:00:01.435769Z,2026-04-23T07:02:37.578724Z,156.142955,1,True,True,False,0.0,0.0,0.00640438756907092,0.0,0.0,,4073,65,4138,153.51521663099993,153.51521663099993,,,4138.0,0.0,1.0,1.0
5c0f4f05-630d-40eb-afeb-eb1d55b8fc13,math:Orz57K,904,2026-04-23T07:00:03.561061Z,2026-04-23T07:02:40.945822Z,157.384761,1,True,True,True,1.0,1.0,0.0063538553138572295,0.0063538553138572295,0.0,,4257,844,5101,154.9608073880081,154.9608073880081,,,5101.0,0.0,1.0,1.0
2da0c9dd-f700-4fb2-a27e-c9dc1fc3cb2d,math:Orz57K,905,2026-04-23T07:00:07.299453Z,2026-04-23T07:01:17.942339Z,70.642886,1,True,True,False,0.0,0.0,0.014155707058740493,0.0,0.0,,2153,847,3000,69.88543486098933,69.88543486098933,,,3000.0,0.0,1.0,1.0
52186424-5767-4e3b-af41-5bf3def96d1a,math:Orz57K,906,2026-04-23T07:00:07.511093Z,2026-04-23T07:01:22.689849Z,75.178756,1,True,True,True,1.0,1.0,0.013301630050914915,0.013301630050914915,0.0,,2033,804,2837,74.43116169900168,74.43116169900168,,,2837.0,0.0,1.0,1.0
cc771654-de7c-48e4-8b2f-ea5ddd2f22f3,math:Orz57K,903,2026-04-23T07:00:08.606205Z,2026-04-23T07:02:51.692067Z,163.085862,1,True,True,False,0.0,0.0,0.006131739365610981,0.0,0.0,,4073,65,4138,160.50985324100475,160.50985324100475,,,4138.0,0.0,1.0,1.0
41b83fbc-12d4-42a9-9a96-4f3c084fcb7e,math:Orz57K,904,2026-04-23T07:00:12.398984Z,2026-04-23T07:02:55.065671Z,162.666687,1,True,True,True,1.0,1.0,0.006147540215164031,0.006147540215164031,0.0,,4257,844,5101,160.22385087999282,160.22385087999282,,,5101.0,0.0,1.0,1.0
5aab60b8-8b0a-405b-bc9a-66068ff780fe,math:Orz57K,905,2026-04-23T07:00:16.186535Z,2026-04-23T07:01:29.758690Z,73.572155,1,True,True,False,0.0,0.0,0.013592098804228313,0.0,0.0,,2153,847,3000,72.81466998100223,72.81466998100223,,,3000.0,0.0,1.0,1.0
de11e557-0553-4a4b-8e22-b2dc7b23465f,math:Orz57K,906,2026-04-23T07:00:17.371335Z,2026-04-23T07:01:34.514583Z,77.143248,1,True,True,True,1.0,1.0,0.01296289728428339,0.01296289728428339,0.0,,2033,804,2837,76.4223201739951,76.4223201739951,,,2837.0,0.0,1.0,1.0
3d9d80b1-7837-4d11-bf0d-69dd572c014e,math:Orz57K,907,2026-04-23T07:00:20.920065Z,2026-04-23T07:01:38.668522Z,77.748457,1,True,True,False,0.0,0.0,0.012861991589106392,0.0,0.0,,2015,685,2700,76.98907330699149,76.98907330699149,,,2700.0,0.0,1.0,1.0
a5973e15-d04c-4bf1-9e0b-2e6171906a8f,math:Orz57K,904,2026-04-23T07:00:24.668055Z,2026-04-23T07:03:10.715874Z,166.047819,1,True,True,True,1.0,1.0,0.00602236154634467,0.00602236154634467,0.0,,4257,844,5101,163.50786992699432,163.50786992699432,,,5101.0,0.0,1.0,1.0
7e9c72a1-e791-4a47-a5ca-2d2cb661907b,math:Orz57K,905,2026-04-23T07:00:25.833968Z,2026-04-23T07:01:45.376942Z,79.542974,1,True,True,False,0.0,0.0,0.012571820611082507,0.0,0.0,,2153,847,3000,78.78662142799294,78.78662142799294,,,3000.0,0.0,1.0,1.0
8fbdfe5e-3392-4977-92e1-958d5247c356,math:Orz57K,906,2026-04-23T07:00:29.341823Z,2026-04-23T07:01:50.289272Z,80.947449,1,True,True,True,1.0,1.0,0.012353693814365909,0.012353693814365909,0.0,,2033,804,2837,80.20975868200185,80.20975868200185,,,2837.0,0.0,1.0,1.0
4f5a66a6-8919-4be0-bb16-2e24b459cdd7,math:Orz57K,907,2026-04-23T07:00:33.770197Z,2026-04-23T07:01:54.370680Z,80.600483,1,True,True,False,0.0,0.0,0.012406873541936467,0.0,0.0,,2015,685,2700,79.80591357700177,79.80591357700177,,,2700.0,0.0,1.0,1.0
8031f8e2-10cf-4b7d-ab3b-df17a28b1a96,math:Orz57K,908,2026-04-23T07:00:34.945278Z,2026-04-23T07:05:56.917462Z,321.972184,1,True,True,False,0.0,0.0,0.0031058583619757657,0.0,0.0,,11499,2164,13663,315.63025017899054,315.63025017899054,,,13663.0,0.0,1.0,1.0
b4555e89-1a6e-4c14-af5e-9ce13f12b802,math:Orz57K,905,2026-04-23T07:00:38.372111Z,2026-04-23T07:02:03.246916Z,84.874805,1,True,True,False,0.0,0.0,0.011782059469827353,0.0,0.0,,2153,847,3000,84.0918103060103,84.0918103060103,,,3000.0,0.0,1.0,1.0
6fe8b194-127a-4428-8871-655280ef8e6f,math:Orz57K,906,2026-04-23T07:00:42.921824Z,2026-04-23T07:02:07.943492Z,85.021668,1,True,True,True,1.0,1.0,0.011761707615522197,0.011761707615522197,0.0,,2033,804,2837,84.26184336599545,84.26184336599545,,,2837.0,0.0,1.0,1.0
e80bedd8-8112-4157-9c31-5d6bdce5aefb,math:Orz57K,907,2026-04-23T07:00:46.823255Z,2026-04-23T07:02:12.212425Z,85.38917,1,True,True,False,0.0,0.0,0.011711087014898963,0.0,0.0,,2015,685,2700,84.60505027300678,84.60505027300678,,,2700.0,0.0,1.0,1.0
03ad4dda-a57f-43b8-801b-251a93e204b7,math:Orz57K,908,2026-04-23T07:00:51.336009Z,2026-04-23T07:06:12.517289Z,321.18128,1,True,True,False,0.0,0.0,0.0031135064907892515,0.0,0.0,,11499,2164,13663,314.89785365300486,314.89785365300486,,,13663.0,0.0,1.0,1.0
53692c9c-1a44-4976-8768-aacc13958d3c,math:Orz57K,909,2026-04-23T07:00:55.204384Z,2026-04-23T07:02:21.287999Z,86.083615,1,True,True,False,0.0,0.0,0.01161661252260375,0.0,0.0,,1964,286,2250,85.33470305900846,85.33470305900846,,,2250.0,0.0,1.0,1.0
eeef171e-38fb-4f87-a910-c1222534ff09,math:Orz57K,906,2026-04-23T07:00:59.683402Z,2026-04-23T07:02:26.036263Z,86.352861,1,True,True,True,1.0,1.0,0.01158039222348406,0.01158039222348406,0.0,,2033,804,2837,85.61968920499203,85.61968920499203,,,2837.0,0.0,1.0,1.0
c176875c-ae26-407c-b1f4-3f5220faa010,math:Orz57K,907,2026-04-23T07:01:06.619614Z,2026-04-23T07:02:33.689480Z,87.069866,1,True,True,False,0.0,0.0,0.011485029734627132,0.0,0.0,,2015,685,2700,86.31403656800103,86.31403656800103,,,2700.0,0.0,1.0,1.0
b6c70eb1-91fc-4e19-b64c-8ea640d26f79,math:Orz57K,908,2026-04-23T07:01:10.993274Z,2026-04-23T07:06:28.638636Z,317.645362,1,True,True,False,0.0,0.0,0.0031481649651789977,0.0,0.0,,11499,2164,13663,311.2303605779889,311.2303605779889,,,13663.0,0.0,1.0,1.0
2ca75b47-aea2-4c09-be05-dab6a7e7c095,math:Orz57K,909,2026-04-23T07:01:17.966694Z,2026-04-23T07:02:42.662151Z,84.695457,1,True,True,False,0.0,0.0,0.011807008727752658,0.0,0.0,,1964,286,2250,83.93542757099203,83.93542757099203,,,2250.0,0.0,1.0,1.0
a8547de7-c630-4fde-a9f9-dafeeb12363e,math:Orz57K,910,2026-04-23T07:01:22.715246Z,2026-04-23T07:02:47.495789Z,84.780543,1,True,True,False,0.0,0.0,0.011795159179388602,0.0,0.0,,1975,826,2801,84.02684007800417,84.02684007800417,,,2801.0,0.0,1.0,1.0
0559e958-2c1a-49df-8203-4411bcf05f06,math:Orz57K,907,2026-04-23T07:01:23.267754Z,2026-04-23T07:02:51.532555Z,88.264801,1,True,True,False,0.0,0.0,0.011329544605215843,0.0,0.0,,2015,685,2700,87.49921659899701,87.49921659899701,,,2700.0,0.0,1.0,1.0
543474c7-77e4-42e7-be55-a73e895d902e,math:Orz57K,908,2026-04-23T07:01:29.782530Z,2026-04-23T07:06:53.324744Z,323.542214,1,True,True,False,0.0,0.0,0.003090786786790054,0.0,0.0,,11499,2164,13663,317.11251253001683,317.11251253001683,,,13663.0,0.0,1.0,1.0
9e59e565-739a-41de-a3c0-f223ac3e80e8,math:Orz57K,909,2026-04-23T07:01:34.539080Z,2026-04-23T07:03:00.547388Z,86.008308,1,True,True,False,0.0,0.0,0.011626783775353424,0.0,0.0,,1964,286,2250,85.23019875500177,85.23019875500177,,,2250.0,0.0,1.0,1.0
123f1587-1d08-4e4f-bf8f-fe0f181acd8d,math:Orz57K,910,2026-04-23T07:01:34.764750Z,2026-04-23T07:03:05.415268Z,90.650518,1,True,True,False,0.0,0.0,0.011031376566430651,0.0,0.0,,1975,826,2801,89.87495068000862,89.87495068000862,,,2801.0,0.0,1.0,1.0
48210ddc-5f36-4166-bbe1-b8a0257ecfb1,math:Orz57K,911,2026-04-23T07:01:38.693152Z,2026-04-23T07:03:07.279191Z,88.586039,1,True,True,False,0.0,0.0,0.011288460476260824,0.0,0.0,,1936,321,2257,87.82542894899962,87.82542894899962,,,2257.0,0.0,1.0,1.0
e778730a-f82f-4ea1-b5eb-9eefc1de0b33,math:Orz57K,908,2026-04-23T07:01:45.401239Z,2026-04-23T07:07:16.030566Z,330.629327,1,True,True,False,0.0,0.0,0.0030245350860844842,0.0,0.0,,11499,2164,13663,324.2660758099955,324.2660758099955,,,13663.0,0.0,1.0,1.0
343aa95d-19cf-4a5f-bad1-c18c5458b81e,math:Orz57K,909,2026-04-23T07:01:45.623257Z,2026-04-23T07:03:16.249426Z,90.626169,1,True,True,False,0.0,0.0,0.01103434042323912,0.0,0.0,,1964,286,2250,89.86577325199323,89.86577325199323,,,2250.0,0.0,1.0,1.0
a36a0062-602d-48bc-82c5-e224bf2c5b4e,math:Orz57K,910,2026-04-23T07:01:50.313526Z,2026-04-23T07:03:21.198920Z,90.885394,1,True,True,False,0.0,0.0,0.011002868073609276,0.0,0.0,,1975,826,2801,90.10084770199319,90.10084770199319,,,2801.0,0.0,1.0,1.0
aeeb1d23-ca9c-4384-8379-47a86af64fbc,math:Orz57K,911,2026-04-23T07:01:54.401654Z,2026-04-23T07:03:23.025317Z,88.623663,1,True,True,False,0.0,0.0,0.011283668110175045,0.0,0.0,,1936,321,2257,87.89215323700046,87.89215323700046,,,2257.0,0.0,1.0,1.0
b41d06ae-57d9-4a13-9385-d42b9f90f25b,math:Orz57K,912,2026-04-23T07:01:58.280217Z,2026-04-23T07:07:20.245870Z,321.965653,1,True,True,False,0.0,0.0,0.0031059213636058258,0.0,0.0,,9523,909,10432,316.1133527409984,316.1133527409984,,,10432.0,0.0,1.0,1.0
01c8daed-bf9b-4006-a338-565438ffe13b,math:Orz57K,909,2026-04-23T07:02:03.270592Z,2026-04-23T07:03:29.908705Z,86.638113,1,True,True,False,0.0,0.0,0.011542264315013416,0.0,0.0,,1964,286,2250,85.86061108399008,85.86061108399008,,,2250.0,0.0,1.0,1.0
9a93c94e-5007-4620-a4b6-0fde53c33fe6,math:Orz57K,910,2026-04-23T07:02:07.969866Z,2026-04-23T07:03:34.781431Z,86.811565,1,True,True,False,0.0,0.0,0.011519202539431238,0.0,0.0,,1975,826,2801,86.02041601500241,86.02041601500241,,,2801.0,0.0,1.0,1.0
6b697035-d2ac-4467-94b6-5fc52094f067,math:Orz57K,911,2026-04-23T07:02:08.169890Z,2026-04-23T07:03:36.571139Z,88.401249,1,True,True,False,0.0,0.0,0.011312057366972269,0.0,0.0,,1936,321,2257,87.68519697900047,87.68519697900047,,,2257.0,0.0,1.0,1.0
df01d9a0-7fc4-40fb-a4b9-8f8889e5c8e9,math:Orz57K,912,2026-04-23T07:02:08.265172Z,2026-04-23T07:07:33.259291Z,324.994119,1,True,True,False,0.0,0.0,0.0030769787560371207,0.0,0.0,,9523,909,10432,318.9798896269931,318.9798896269931,,,10432.0,0.0,1.0,1.0
d8a834ce-a116-4246-a20a-4ef9d6817865,math:Orz57K,913,2026-04-23T07:02:12.238226Z,2026-04-23T07:03:40.698631Z,88.460405,1,True,True,True,1.0,1.0,0.01130449267104305,0.01130449267104305,0.0,,1948,390,2338,87.75220474200614,87.75220474200614,,,2338.0,0.0,1.0,1.0
a2fc247d-e480-4f0a-99c2-0cf160143274,math:Orz57K,910,2026-04-23T07:02:16.126864Z,2026-04-23T07:03:45.692067Z,89.565203,1,True,True,False,0.0,0.0,0.011165050337685273,0.0,0.0,,1975,826,2801,88.77845147799235,88.77845147799235,,,2801.0,0.0,1.0,1.0
bf8a944b-f6c8-4037-a0c6-e8169956aa46,math:Orz57K,911,2026-04-23T07:02:19.587898Z,2026-04-23T07:03:50.912763Z,91.324865,1,True,True,False,0.0,0.0,0.010949920374916513,0.0,0.0,,1936,321,2257,90.58104193900363,90.58104193900363,,,2257.0,0.0,1.0,1.0
6eb91c38-7f56-4b18-b09c-3738f723500c,math:Orz57K,912,2026-04-23T07:02:21.311369Z,2026-04-23T07:08:10.465298Z,349.153929,1,True,True,False,0.0,0.0,0.0028640662955277812,0.0,0.0,,9523,909,10432,343.2328263530071,343.2328263530071,,,10432.0,0.0,1.0,1.0
abb5d053-76b3-44d5-b45e-694b6b9a3a79,math:Orz57K,913,2026-04-23T07:02:26.060948Z,2026-04-23T07:03:55.029937Z,88.968989,1,True,True,True,1.0,1.0,0.011239871456783667,0.011239871456783667,0.0,,1948,390,2338,88.2374344169948,88.2374344169948,,,2338.0,0.0,1.0,1.0
06c80adb-8803-4a3c-ad69-bd107149c657,math:Orz57K,914,2026-04-23T07:02:26.277280Z,2026-04-23T07:03:57.369263Z,91.091983,1,True,True,True,1.0,1.0,0.010977914488918305,0.010977914488918305,0.0,,1974,403,2377,90.37013353200746,90.37013353200746,,,2377.0,0.0,1.0,1.0
f95d6623-198b-4145-8218-11e3cd1e8804,math:Orz57K,911,2026-04-23T07:02:29.647447Z,2026-04-23T07:03:59.273410Z,89.625963,1,True,True,False,0.0,0.0,0.011157481231191905,0.0,0.0,,1936,321,2257,88.87669592100428,88.87669592100428,,,2257.0,0.0,1.0,1.0
1d15d929-d14c-42b3-8d4c-38b3b69991fd,math:Orz57K,912,2026-04-23T07:02:33.713710Z,2026-04-23T07:08:24.368612Z,350.654902,1,True,True,False,0.0,0.0,0.002851806703104353,0.0,0.0,,9523,909,10432,344.8090223650215,344.8090223650215,,,10432.0,0.0,1.0,1.0
56cbc706-b358-432b-a94a-b4aa8aa9ed57,math:Orz57K,913,2026-04-23T07:02:37.604262Z,2026-04-23T07:04:03.386747Z,85.782485,1,True,True,True,1.0,1.0,0.011657391366081318,0.011657391366081318,0.0,,1948,390,2338,85.07195866100665,85.07195866100665,,,2338.0,0.0,1.0,1.0
032bcf21-9801-4aac-91ce-13acb9c90bfd,math:Orz57K,914,2026-04-23T07:02:40.970342Z,2026-04-23T07:04:09.086680Z,88.116338,1,True,True,True,1.0,1.0,0.011348633212605817,0.011348633212605817,0.0,,1974,403,2377,87.39300305000506,87.39300305000506,,,2377.0,0.0,1.0,1.0
56056faa-a82c-4196-b92a-d0cbab4f6223,math:Orz57K,915,2026-04-23T07:02:42.686139Z,2026-04-23T07:04:12.530546Z,89.844407,1,True,True,True,1.0,1.0,0.011130353389721855,0.011130353389721855,0.0,,1984,587,2571,89.11713172501186,89.11713172501186,,,2571.0,0.0,1.0,1.0
20356b28-2a95-42ad-bead-63d7b47bedd4,math:Orz57K,912,2026-04-23T07:02:47.522136Z,2026-04-23T07:08:31.244976Z,343.72284,1,True,True,False,0.0,0.0,0.00290932077717035,0.0,0.0,,9523,909,10432,337.6616965280118,337.6616965280118,,,10432.0,0.0,1.0,1.0
adc7b03b-92dd-432d-8d25-74ef052c3971,math:Orz57K,913,2026-04-23T07:02:51.557394Z,2026-04-23T07:04:16.725156Z,85.167762,1,True,True,True,1.0,1.0,0.011741531966050723,0.011741531966050723,0.0,,1948,390,2338,84.42174658499425,84.42174658499425,,,2338.0,0.0,1.0,1.0
bb93d558-447d-43a4-96d1-5eeb8dcccf72,math:Orz57K,914,2026-04-23T07:02:51.715281Z,2026-04-23T07:04:19.089201Z,87.37392,1,True,True,True,1.0,1.0,0.011445062783036404,0.011445062783036404,0.0,,1974,403,2377,86.65133521500684,86.65133521500684,,,2377.0,0.0,1.0,1.0
f6e33134-edf0-4ce4-b16d-5f15abb5a042,math:Orz57K,915,2026-04-23T07:02:55.089272Z,2026-04-23T07:04:22.551483Z,87.462211,1,True,True,True,1.0,1.0,0.011433509267219416,0.011433509267219416,0.0,,1984,587,2571,86.73347476999334,86.73347476999334,,,2571.0,0.0,1.0,1.0
b0a7f3f6-3acf-4f4f-abfb-da2e2d4a944c,math:Orz57K,916,2026-04-23T07:03:00.573785Z,2026-04-23T07:05:35.646188Z,155.072403,1,True,True,False,0.0,0.0,0.006448600657848837,0.0,0.0,,4120,226,4346,152.5028547610127,152.5028547610127,,,4346.0,0.0,1.0,1.0
a2e8d45b-bc8c-4812-8e47-879cb23403e4,math:Orz57K,913,2026-04-23T07:03:05.439851Z,2026-04-23T07:04:29.254539Z,83.814688,1,True,True,True,1.0,1.0,0.011931083010175973,0.011931083010175973,0.0,,1948,390,2338,83.0824754810019,83.0824754810019,,,2338.0,0.0,1.0,1.0
2ad0e822-68a0-421d-a507-c1b947e1cce7,math:Orz57K,914,2026-04-23T07:03:07.303601Z,2026-04-23T07:04:31.617950Z,84.314349,1,True,True,True,1.0,1.0,0.011860377407409027,0.011860377407409027,0.0,,1974,403,2377,83.5662585060054,83.5662585060054,,,2377.0,0.0,1.0,1.0
c9521f8c-726a-4aac-a338-9a5ace186dcb,math:Orz57K,915,2026-04-23T07:03:10.740522Z,2026-04-23T07:04:34.935274Z,84.194752,1,True,True,True,1.0,1.0,0.011877224841757359,0.011877224841757359,0.0,,1984,587,2571,83.49333111899614,83.49333111899614,,,2571.0,0.0,1.0,1.0
04685240-32a5-4ac2-9d97-3c1dd3ed4db2,math:Orz57K,916,2026-04-23T07:03:16.273730Z,2026-04-23T07:05:49.351073Z,153.077343,1,True,True,False,0.0,0.0,0.006532645396125016,0.0,0.0,,4120,226,4346,150.3934629400028,150.3934629400028,,,4346.0,0.0,1.0,1.0
086061ee-7375-4eb4-a29b-4281d3e56877,math:Orz57K,917,2026-04-23T07:03:21.222301Z,2026-04-23T07:05:49.469094Z,148.246793,1,True,True,False,0.0,0.0,0.006745508484625364,0.0,0.0,,4420,156,4576,145.53353404700465,145.53353404700465,,,4576.0,0.0,1.0,1.0
52f5a687-1caa-42a0-8a47-bb4817f2b014,math:Orz57K,914,2026-04-23T07:03:23.050266Z,2026-04-23T07:04:42.606731Z,79.556465,1,True,True,True,1.0,1.0,0.012569688711030586,0.012569688711030586,0.0,,1974,403,2377,78.82249493199924,78.82249493199924,,,2377.0,0.0,1.0,1.0
ee57840d-a4bd-40e0-acdd-309e223817ac,math:Orz57K,915,2026-04-23T07:03:29.934294Z,2026-04-23T07:04:50.478126Z,80.543832,1,True,True,True,1.0,1.0,0.012415599992808885,0.012415599992808885,0.0,,1984,587,2571,79.80715037199843,79.80715037199843,,,2571.0,0.0,1.0,1.0
76369740-89d9-4ae4-bafa-68ff296cbf68,math:Orz57K,916,2026-04-23T07:03:34.805767Z,2026-04-23T07:05:59.032450Z,144.226683,1,True,True,False,0.0,0.0,0.006933529768551912,0.0,0.0,,4120,226,4346,141.68771454801026,141.68771454801026,,,4346.0,0.0,1.0,1.0
5fbb4943-88a8-49d3-a1e8-ba5f4f15826d,math:Orz57K,917,2026-04-23T07:03:36.596755Z,2026-04-23T07:05:59.145653Z,142.548898,1,True,True,False,0.0,0.0,0.007015136658580131,0.0,0.0,,4420,156,4576,139.95997541998804,139.95997541998804,,,4576.0,0.0,1.0,1.0
84705ab6-056a-466d-bb68-292a8bac1e64,math:Orz57K,918,2026-04-23T07:03:40.721277Z,2026-04-23T07:04:55.588807Z,74.86753,1,True,True,False,0.0,0.0,0.013356925225127636,0.0,0.0,,1962,313,2275,74.13635061199602,74.13635061199602,,,2275.0,0.0,1.0,1.0
6155b839-e21a-4633-8612-65ec2ee498ca,math:Orz57K,915,2026-04-23T07:03:45.716093Z,2026-04-23T07:04:58.987824Z,73.271731,1,True,True,True,1.0,1.0,0.013647828246339642,0.013647828246339642,0.0,,1984,587,2571,72.557474087007,72.557474087007,,,2571.0,0.0,1.0,1.0
de9d06ba-7a82-4ec8-9ed3-6f80158b985a,math:Orz57K,916,2026-04-23T07:03:50.937643Z,2026-04-23T07:06:12.772686Z,141.835043,1,True,True,False,0.0,0.0,0.007050443803228515,0.0,0.0,,4120,226,4346,139.33222381300584,139.33222381300584,,,4346.0,0.0,1.0,1.0
9166ebd5-a7d6-4baa-b87a-339ab14af605,math:Orz57K,917,2026-04-23T07:03:55.054326Z,2026-04-23T07:06:14.110269Z,139.055943,1,True,True,False,0.0,0.0,0.0071913503186267986,0.0,0.0,,4420,156,4576,136.58091176097514,136.58091176097514,,,4576.0,0.0,1.0,1.0
9be33720-5ed6-4dd9-ba60-0bc43ef903c2,math:Orz57K,918,2026-04-23T07:03:57.392613Z,2026-04-23T07:05:07.241027Z,69.848414,1,True,True,False,0.0,0.0,0.014316717341642145,0.0,0.0,,1962,313,2275,69.08785622900177,69.08785622900177,,,2275.0,0.0,1.0,1.0
dd730975-da3a-4282-8b6a-826684953c2f,math:Orz57K,919,2026-04-23T07:03:59.297344Z,2026-04-23T07:09:53.859930Z,354.562586,1,True,True,False,0.0,0.0,0.0028203765413646886,0.0,0.0,,16739,4263,21002,348.48508606098767,348.48508606098767,,,21002.0,0.0,1.0,1.0
98571ab3-b3fb-4af3-ae5a-4f37361236a1,math:Orz57K,916,2026-04-23T07:04:03.410348Z,2026-04-23T07:06:25.359832Z,141.949484,1,True,True,False,0.0,0.0,0.007044759669573719,0.0,0.0,,4120,226,4346,139.4677045139979,139.4677045139979,,,4346.0,0.0,1.0,1.0
2cab811e-a3e5-41bb-8a34-9d0ac95c8d99,math:Orz57K,917,2026-04-23T07:04:09.111624Z,2026-04-23T07:06:28.781272Z,139.669648,1,True,True,False,0.0,0.0,0.0071597517021020915,0.0,0.0,,4420,156,4576,137.10923224700673,137.10923224700673,,,4576.0,0.0,1.0,1.0
1bd4ec41-5c19-47ce-946e-4dcef07466bf,math:Orz57K,918,2026-04-23T07:04:12.554697Z,2026-04-23T07:05:21.549234Z,68.994537,1,True,True,False,0.0,0.0,0.014493901162058672,0.0,0.0,,1962,313,2275,68.26172921300167,68.26172921300167,,,2275.0,0.0,1.0,1.0
27a5e826-15d5-40e6-bfaf-e6f6d1de3ec7,math:Orz57K,919,2026-04-23T07:04:16.749623Z,2026-04-23T07:10:19.636524Z,362.886901,1,True,True,False,0.0,0.0,0.00275567951679799,0.0,0.0,,16739,4263,21002,356.7877154000016,356.7877154000016,,,21002.0,0.0,1.0,1.0
df6ff6ce-eea7-4085-ad9e-84f702197540,math:Orz57K,920,2026-04-23T07:04:19.113956Z,2026-04-23T07:05:31.346758Z,72.232802,1,True,True,True,1.0,1.0,0.013844125830810216,0.013844125830810216,0.0,,1954,446,2400,71.48450112000864,71.48450112000864,,,2400.0,0.0,1.0,1.0
62e25d33-83ed-4ee5-9200-ae645b1cf54b,math:Orz57K,917,2026-04-23T07:04:22.576570Z,2026-04-23T07:06:46.980697Z,144.404127,1,True,True,False,0.0,0.0,0.0069250098371496,0.0,0.0,,4420,156,4576,141.89933372499945,141.89933372499945,,,4576.0,0.0,1.0,1.0
54eaa810-f88d-4c5f-8115-250387689506,math:Orz57K,918,2026-04-23T07:04:29.277484Z,2026-04-23T07:05:37.468762Z,68.191278,1,True,True,False,0.0,0.0,0.014664632036959332,0.0,0.0,,1962,313,2275,67.45358186699741,67.45358186699741,,,2275.0,0.0,1.0,1.0
e2f56632-590d-4295-81f5-0951840a84ce,math:Orz57K,919,2026-04-23T07:04:31.642869Z,2026-04-23T07:10:39.947110Z,368.304241,1,True,True,False,0.0,0.0,0.0027151465790479453,0.0,0.0,,16508,4072,20580,362.07568700001866,362.07568700001866,,,20580.0,0.0,1.0,1.0
3385926a-7ffc-49d8-855f-e8ce4ed26b69,math:Orz57K,920,2026-04-23T07:04:34.959940Z,2026-04-23T07:05:45.905978Z,70.946038,1,True,True,True,1.0,1.0,0.014095219806354796,0.014095219806354796,0.0,,1954,446,2400,70.21287192999444,70.21287192999444,,,2400.0,0.0,1.0,1.0
158cc43d-4cfc-450c-9c27-148be6fb7c47,math:Orz57K,921,2026-04-23T07:04:42.631028Z,2026-04-23T07:05:52.305002Z,69.673974,1,True,True,False,0.0,0.0,0.014352561546152082,0.0,0.0,,1998,485,2483,68.96593757899245,68.96593757899245,,,2483.0,0.0,1.0,1.0
472fe0d8-ddf6-4953-9562-487440442747,math:Orz57K,918,2026-04-23T07:04:50.503600Z,2026-04-23T07:05:58.741082Z,68.237482,1,True,True,False,0.0,0.0,0.01465470252844324,0.0,0.0,,1962,313,2275,67.51939185299852,67.51939185299852,,,2275.0,0.0,1.0,1.0
1d99e534-3738-43ef-baf3-c02ed0b24fac,math:Orz57K,919,2026-04-23T07:04:55.613994Z,2026-04-23T07:06:06.888663Z,71.274669,1,True,True,False,0.0,0.0,0.014030230010608677,0.0,0.0,,2561,1047,3608,70.34044465399347,70.34044465399347,,,3608.0,0.0,1.0,1.0
c8368ca4-00c7-4c7f-b735-4d2954402f57,math:Orz57K,920,2026-04-23T07:04:59.012442Z,2026-04-23T07:06:09.253012Z,70.24057,1,True,True,True,1.0,1.0,0.014236786518104848,0.014236786518104848,0.0,,1954,446,2400,69.49592816499353,69.49592816499353,,,2400.0,0.0,1.0,1.0
b09c3a14-6dfe-4b14-a12f-befb4d005365,math:Orz57K,921,2026-04-23T07:05:07.265240Z,2026-04-23T07:06:16.692213Z,69.426973,1,True,True,False,0.0,0.0,0.014403623790425084,0.0,0.0,,1998,443,2441,68.71550724199915,68.71550724199915,,,2441.0,0.0,1.0,1.0
276d9d81-5a94-406a-94ed-6ddb581fe5bb,math:Orz57K,922,2026-04-23T07:05:21.575160Z,2026-04-23T07:06:33.262871Z,71.687711,1,True,True,False,0.0,0.0,0.013949392246601374,0.0,0.0,,1980,761,2741,70.92915228099446,70.92915228099446,,,2741.0,0.0,1.0,1.0
f288c96a-149a-4acb-81e0-37690d9410b5,math:Orz57K,919,2026-04-23T07:05:31.369598Z,2026-04-23T07:15:16.855594Z,585.485996,1,True,True,False,0.0,0.0,0.0017079827815386383,0.0,0.0,,15410,3493,18903,539.5207333589933,539.5207333589933,,,18903.0,0.0,1.0,1.0
3bcc8279-a0f4-4b12-99b4-b34bd6fbacd3,math:Orz57K,920,2026-04-23T07:05:35.669919Z,2026-04-23T07:06:50.059000Z,74.389081,1,True,True,True,1.0,1.0,0.013442833095357098,0.013442833095357098,0.0,,1954,520,2474,73.64322257701133,73.64322257701133,,,2474.0,0.0,1.0,1.0
9ec51a54-8d1c-4403-aa68-a573fff149e9,math:Orz57K,921,2026-04-23T07:05:37.493759Z,2026-04-23T07:06:56.249895Z,78.756136,1,True,True,False,0.0,0.0,0.01269742334743289,0.0,0.0,,1998,500,2498,78.04536692000693,78.04536692000693,,,2498.0,0.0,1.0,1.0
9417055b-034b-462a-8b97-87a588d97908,math:Orz57K,922,2026-04-23T07:05:45.937495Z,2026-04-23T07:07:06.592309Z,80.654814,1,True,True,False,0.0,0.0,0.012398515976988057,0.0,0.0,,1980,641,2621,79.90081734499836,79.90081734499836,,,2621.0,0.0,1.0,1.0
ef5b6601-b636-4db1-90a2-c2dd65b73621,math:Orz57K,923,2026-04-23T07:05:49.377577Z,2026-04-23T07:07:09.413187Z,80.03561,1,True,True,False,0.0,0.0,0.012494438413101367,0.0,0.0,,1959,479,2438,79.26864521000243,79.26864521000243,,,2438.0,0.0,1.0,1.0
614406b6-311d-417c-8dbc-0dd96f2eecc6,math:Orz57K,920,2026-04-23T07:05:49.493337Z,2026-04-23T07:09:02.679373Z,193.186036,1,True,True,True,1.0,1.0,0.005176357570689012,0.005176357570689012,0.0,,4542,638,5180,190.7169538439921,190.7169538439921,,,5180.0,0.0,1.0,1.0
269bc472-16a7-4038-b306-ac5bf073ae2e,math:Orz57K,921,2026-04-23T07:05:52.329325Z,2026-04-23T07:07:18.999503Z,86.670178,1,True,True,False,0.0,0.0,0.011537994072194012,0.0,0.0,,1998,500,2498,85.9191879699938,85.9191879699938,,,2498.0,0.0,1.0,1.0
f209c19d-d677-4ba4-b3c8-1cf1aa11068b,math:Orz57K,922,2026-04-23T07:05:56.941693Z,2026-04-23T07:07:24.053814Z,87.112121,1,True,True,False,0.0,0.0,0.011479458754080846,0.0,0.0,,1980,630,2610,86.36100127000827,86.36100127000827,,,2610.0,0.0,1.0,1.0
d38a91fe-e9f3-47c6-84a6-f19b403b26a1,math:Orz57K,923,2026-04-23T07:05:58.766675Z,2026-04-23T07:07:26.923348Z,88.156673,1,True,True,False,0.0,0.0,0.011343440785248328,0.0,0.0,,1959,490,2449,87.41938285400101,87.41938285400101,,,2449.0,0.0,1.0,1.0
1198129b-be00-4e67-a3d0-be9482aa13e1,math:Orz57K,924,2026-04-23T07:05:59.057535Z,2026-04-23T07:07:29.084616Z,90.027081,1,True,True,True,1.0,1.0,0.011107768783484162,0.011107768783484162,0.0,,1984,367,2351,89.28718749299878,89.28718749299878,,,2351.0,0.0,1.0,1.0
fdb58c2f-258b-40fc-8003-22d27bf69871,math:Orz57K,921,2026-04-23T07:05:59.169004Z,2026-04-23T07:07:32.031288Z,92.862284,1,True,True,False,0.0,0.0,0.010768634551353486,0.0,0.0,,1998,500,2498,92.12599369300005,92.12599369300005,,,2498.0,0.0,1.0,1.0
be499ece-643c-429a-8d5c-097ba96394c2,math:Orz57K,922,2026-04-23T07:06:06.914509Z,2026-04-23T07:07:37.029567Z,90.115058,1,True,True,False,0.0,0.0,0.011096924556160192,0.0,0.0,,1980,630,2610,89.34165277601278,89.34165277601278,,,2610.0,0.0,1.0,1.0
4dd0af7e-30bd-4412-bbdf-227659f25229,math:Orz57K,923,2026-04-23T07:06:09.276452Z,2026-04-23T07:07:39.864718Z,90.588266,1,True,True,False,0.0,0.0,0.011038957297184604,0.0,0.0,,1959,490,2449,89.8293165340001,89.8293165340001,,,2449.0,0.0,1.0,1.0
71b32d34-bb83-4a4b-9959-424e1424db7e,math:Orz57K,924,2026-04-23T07:06:12.542748Z,2026-04-23T07:07:41.926362Z,89.383614,1,True,True,True,1.0,1.0,0.01118773291041913,0.01118773291041913,0.0,,1984,367,2351,88.65125698001066,88.65125698001066,,,2351.0,0.0,1.0,1.0
e97670b1-2298-45e3-ae54-aac29bca7735,math:Orz57K,925,2026-04-23T07:06:12.795454Z,2026-04-23T07:07:43.809426Z,91.013972,1,True,True,True,1.0,1.0,0.010987324012185735,0.010987324012185735,0.0,,1975,317,2292,90.2823619099945,90.2823619099945,,,2292.0,0.0,1.0,1.0
eaadac77-1872-42d9-a174-882c38ea9a20,math:Orz57K,922,2026-04-23T07:06:14.135322Z,2026-04-23T07:08:09.272722Z,115.1374,1,True,True,False,0.0,0.0,0.008685275158202287,0.0,0.0,,1980,4096,6076,114.39106441898912,114.39106441898912,,,6076.0,0.0,1.0,1.0
4fef8da1-8d0b-43a2-a3a0-23de94f0c050,math:Orz57K,923,2026-04-23T07:06:16.717422Z,2026-04-23T07:08:13.346068Z,116.628646,1,True,True,False,0.0,0.0,0.008574222837157862,0.0,0.0,,1959,483,2442,115.86961167299887,115.86961167299887,,,2442.0,0.0,1.0,1.0
4aa6708e-097e-4ce3-812b-2e55824f8db4,math:Orz57K,924,2026-04-23T07:06:25.382917Z,2026-04-23T07:08:23.098691Z,117.715774,1,True,True,True,1.0,1.0,0.008495038226567666,0.008495038226567666,0.0,,1984,390,2374,116.97123914699478,116.97123914699478,,,2374.0,0.0,1.0,1.0
25b18bc0-43ea-4fe1-955c-1c2151df849a,math:Orz57K,925,2026-04-23T07:06:28.664757Z,2026-04-23T07:08:26.064776Z,117.400019,1,True,True,True,1.0,1.0,0.008517886185350617,0.008517886185350617,0.0,,1975,280,2255,116.67298009499791,116.67298009499791,,,2255.0,0.0,1.0,1.0
2b338307-1ad3-4283-93dd-fcdefe0c8487,math:Orz57K,926,2026-04-23T07:06:28.804332Z,2026-04-23T07:08:27.178014Z,118.373682,1,True,True,False,0.0,0.0,0.008447823731629805,0.0,0.0,,2021,185,2206,117.6269093100127,117.6269093100127,,,2206.0,0.0,1.0,1.0
9f2f6c12-2eb6-48c2-87b9-3829aeca60c2,math:Orz57K,923,2026-04-23T07:06:33.286125Z,2026-04-23T07:08:30.032130Z,116.746005,1,True,True,False,0.0,0.0,0.008565603593887432,0.0,0.0,,1959,482,2441,115.96963279900956,115.96963279900956,,,2441.0,0.0,1.0,1.0
d1ee3719-636a-4179-a7de-55b7c9b82e2f,math:Orz57K,924,2026-04-23T07:06:47.004313Z,2026-04-23T07:08:40.506694Z,113.502381,1,True,True,True,1.0,1.0,0.00881038786314095,0.00881038786314095,0.0,,1984,322,2306,112.77667820399802,112.77667820399802,,,2306.0,0.0,1.0,1.0
abe4ad30-f50b-40e8-a7a6-13da62a88744,math:Orz57K,925,2026-04-23T07:06:50.082874Z,2026-04-23T07:08:42.007744Z,111.92487,1,True,True,False,0.0,0.0,0.008934564766525974,0.0,0.0,,1975,261,2236,111.17641686899879,111.17641686899879,,,2236.0,0.0,1.0,1.0
a948e997-57ff-493f-94a7-07e5f2d30813,math:Orz57K,926,2026-04-23T07:06:53.347287Z,2026-04-23T07:08:43.160127Z,109.81284,1,True,True,False,0.0,0.0,0.009106403222064014,0.0,0.0,,2021,185,2206,109.02666367300844,109.02666367300844,,,2206.0,0.0,1.0,1.0
2b39b07c-6f67-49c4-bef3-bd4434b77e07,math:Orz57K,927,2026-04-23T07:06:56.273662Z,2026-04-23T07:08:46.275652Z,110.00199,1,True,True,True,1.0,1.0,0.0090907446310744,0.0090907446310744,0.0,,1974,531,2505,109.23558818700258,109.23558818700258,,,2505.0,0.0,1.0,1.0
623996a8-41af-4d68-930b-d8915e91347e,math:Orz57K,924,2026-04-23T07:07:06.618624Z,2026-04-23T07:09:00.641782Z,114.023158,1,True,True,True,1.0,1.0,0.008770148253567929,0.008770148253567929,0.0,,1984,322,2306,113.292458195996,113.292458195996,,,2306.0,0.0,1.0,1.0
f73119c1-6daf-4dc3-a1c4-5b9ed9e7be0a,math:Orz57K,925,2026-04-23T07:07:09.438228Z,2026-04-23T07:09:02.214739Z,112.776511,1,True,True,False,0.0,0.0,0.008867094673641747,0.0,0.0,,1975,261,2236,112.00190587100224,112.00190587100224,,,2236.0,0.0,1.0,1.0
4d2412b9-4a1f-4879-af02-5d0e3d9f7921,math:Orz57K,926,2026-04-23T07:07:16.056330Z,2026-04-23T07:09:03.759527Z,107.703197,1,True,True,False,0.0,0.0,0.009284775455644089,0.0,0.0,,2021,185,2206,106.93989090499235,106.93989090499235,,,2206.0,0.0,1.0,1.0
21dda814-9e35-4a83-9101-c9715c55edbb,math:Orz57K,927,2026-04-23T07:07:19.024405Z,2026-04-23T07:09:06.845566Z,107.821161,1,True,True,True,1.0,1.0,0.009274617252544703,0.009274617252544703,0.0,,1974,531,2505,107.06752389999747,107.06752389999747,,,2505.0,0.0,1.0,1.0
45ef77d1-8ffb-4c0b-b5ee-582cce466594,math:Orz57K,928,2026-04-23T07:07:20.271293Z,2026-04-23T07:09:11.545033Z,111.27374,1,True,True,True,1.0,1.0,0.008986846312526208,0.008986846312526208,0.0,,2011,816,2827,110.56115527500515,110.56115527500515,,,2827.0,0.0,1.0,1.0
aef78892-a1e9-424c-a508-ac99f6f2cfc2,math:Orz57K,925,2026-04-23T07:07:24.077092Z,2026-04-23T07:09:13.118761Z,109.041669,1,True,True,False,0.0,0.0,0.009170806070475683,0.0,0.0,,1975,261,2236,108.27037155500147,108.27037155500147,,,2236.0,0.0,1.0,1.0
2336efc9-e340-4139-b0b8-d711e7699e20,math:Orz57K,926,2026-04-23T07:07:26.947630Z,2026-04-23T07:09:14.183810Z,107.23618,1,True,True,False,0.0,0.0,0.00932521095025951,0.0,0.0,,2021,185,2206,106.49629570898833,106.49629570898833,,,2206.0,0.0,1.0,1.0
7dbe8c1f-397e-4232-bc79-36f73ee723fa,math:Orz57K,927,2026-04-23T07:07:29.107949Z,2026-04-23T07:09:17.315284Z,108.207335,1,True,True,True,1.0,1.0,0.009241517684545137,0.009241517684545137,0.0,,1974,531,2505,107.45177220700134,107.45177220700134,,,2505.0,0.0,1.0,1.0
24d4b88e-b92a-400f-a354-12190b7b4bda,math:Orz57K,928,2026-04-23T07:07:32.056922Z,2026-04-23T07:09:22.099367Z,110.042445,1,True,True,True,1.0,1.0,0.009087402592699571,0.009087402592699571,0.0,,2011,816,2827,109.30986048400518,109.30986048400518,,,2827.0,0.0,1.0,1.0
f9e960ca-fa14-4aa3-b890-75fb6f1294e0,math:Orz57K,929,2026-04-23T07:07:33.282621Z,2026-04-23T07:09:24.509909Z,111.227288,1,True,True,True,1.0,1.0,0.00899059950108646,0.00899059950108646,0.0,,1985,406,2391,110.48644805100048,110.48644805100048,,,2391.0,0.0,1.0,1.0
0a03bd0f-9554-4c4d-aeaf-a9d963b1d0fe,math:Orz57K,926,2026-04-23T07:07:37.054505Z,2026-04-23T07:09:25.635301Z,108.580796,1,True,True,False,0.0,0.0,0.009209731709832003,0.0,0.0,,2021,185,2206,107.80552434999845,107.80552434999845,,,2206.0,0.0,1.0,1.0
b1ab3867-a2a7-4978-b332-892ea1534475,math:Orz57K,927,2026-04-23T07:07:39.889329Z,2026-04-23T07:09:28.659818Z,108.770489,1,True,True,True,1.0,1.0,0.009193670169120965,0.009193670169120965,0.0,,1974,531,2505,108.05899439100176,108.05899439100176,,,2505.0,0.0,1.0,1.0
9ce3b8ea-806b-4f8d-928c-b671f6422a01,math:Orz57K,928,2026-04-23T07:07:41.952454Z,2026-04-23T07:09:33.492552Z,111.540098,1,True,True,True,1.0,1.0,0.008965385703713476,0.008965385703713476,0.0,,2011,816,2827,110.77964780099865,110.77964780099865,,,2827.0,0.0,1.0,1.0
c4992877-34ed-4258-b8f3-046ad19717a5,math:Orz57K,929,2026-04-23T07:07:43.834139Z,2026-04-23T07:09:35.847014Z,112.012875,1,True,True,True,1.0,1.0,0.008927545159429218,0.008927545159429218,0.0,,1985,406,2391,111.2684075970028,111.2684075970028,,,2391.0,0.0,1.0,1.0
05f911ef-2754-4f4a-bd70-520864577e68,math:Orz57K,930,2026-04-23T07:08:09.296495Z,2026-04-23T07:09:38.149606Z,88.853111,1,True,True,True,1.0,1.0,0.01125452996237802,0.01125452996237802,0.0,,1971,398,2369,88.11865529800707,88.11865529800707,,,2369.0,0.0,1.0,1.0
dc4b84bc-7b16-48f8-9355-78ba1688840a,math:Orz57K,927,2026-04-23T07:08:10.490604Z,2026-04-23T07:09:41.206389Z,90.715785,1,True,True,True,1.0,1.0,0.011023439856690872,0.011023439856690872,0.0,,1974,531,2505,90.00310682199779,90.00310682199779,,,2505.0,0.0,1.0,1.0
715bf52c-a840-42ba-874c-91e2974a3132,math:Orz57K,928,2026-04-23T07:08:13.370446Z,2026-04-23T07:09:46.006990Z,92.636544,1,True,True,True,1.0,1.0,0.010794875940104157,0.010794875940104157,0.0,,2011,816,2827,91.89568059401063,91.89568059401063,,,2827.0,0.0,1.0,1.0
8ccc3717-5a57-4b2a-a80d-4f2586c685d1,math:Orz57K,929,2026-04-23T07:08:23.123323Z,2026-04-23T07:09:57.111311Z,93.987988,1,True,True,False,0.0,0.0,0.010639657484741561,0.0,0.0,,1985,584,2569,93.28522918000817,93.28522918000817,,,2569.0,0.0,1.0,1.0
2ed49c2f-21c7-427f-a357-f9841cc587f1,math:Orz57K,930,2026-04-23T07:08:24.393410Z,2026-04-23T07:09:59.414888Z,95.021478,1,True,True,True,1.0,1.0,0.0105239364935999,0.0105239364935999,0.0,,1971,398,2369,94.31808384798933,94.31808384798933,,,2369.0,0.0,1.0,1.0
a79c20bd-acb2-48f3-ae07-020b9affa0c1,math:Orz57K,931,2026-04-23T07:08:26.089220Z,2026-04-23T07:10:02.382495Z,96.293275,1,True,True,True,1.0,1.0,0.010384941212145917,0.010384941212145917,0.0,,1986,505,2491,95.56157211199752,95.56157211199752,,,2491.0,0.0,1.0,1.0
37f5cd71-401a-4669-b5e5-b036e230f78a,math:Orz57K,928,2026-04-23T07:08:27.203257Z,2026-04-23T07:10:07.161505Z,99.958248,1,True,True,True,1.0,1.0,0.010004176943957641,0.010004176943957641,0.0,,2011,816,2827,99.20204439100053,99.20204439100053,,,2827.0,0.0,1.0,1.0
ce205312-344e-44dc-850c-acbf71b74660,math:Orz57K,929,2026-04-23T07:08:30.058011Z,2026-04-23T07:10:09.514277Z,99.456266,1,True,True,True,1.0,1.0,0.010054670662982662,0.010054670662982662,0.0,,1985,406,2391,98.70569341500232,98.70569341500232,,,2391.0,0.0,1.0,1.0
39faad87-8c98-4dd3-b207-f2ce33b69e42,math:Orz57K,930,2026-04-23T07:08:31.267761Z,2026-04-23T07:10:11.777992Z,100.510231,1,True,True,True,1.0,1.0,0.009949235914103112,0.009949235914103112,0.0,,1971,398,2369,99.78408307500649,99.78408307500649,,,2369.0,0.0,1.0,1.0
5020a049-64a8-4741-87fc-863bad0d7a12,math:Orz57K,931,2026-04-23T07:08:40.531182Z,2026-04-23T07:10:26.551280Z,106.020098,1,True,True,True,1.0,1.0,0.009432173888388596,0.009432173888388596,0.0,,1986,1186,3172,105.26306776399724,105.26306776399724,,,3172.0,0.0,1.0,1.0
e3f2b619-0458-4030-ba4f-cc94baf96edd,math:Orz57K,932,2026-04-23T07:08:42.032653Z,2026-04-23T07:10:27.799932Z,105.767279,1,True,True,True,1.0,1.0,0.00945471992335172,0.00945471992335172,0.0,,1941,214,2155,105.01777571400453,105.01777571400453,,,2155.0,0.0,1.0,1.0
7bb97e5f-2078-4699-a647-47515e245396,math:Orz57K,929,2026-04-23T07:08:43.183758Z,2026-04-23T07:10:30.143439Z,106.959681,1,True,True,True,1.0,1.0,0.009349317337623697,0.009349317337623697,0.0,,1985,406,2391,106.23645874799695,106.23645874799695,,,2391.0,0.0,1.0,1.0
8a62348e-99a8-434d-a71e-8805a05a72d2,math:Orz57K,930,2026-04-23T07:08:46.301811Z,2026-04-23T07:10:32.458635Z,106.156824,1,True,True,True,1.0,1.0,0.009420025602875987,0.009420025602875987,0.0,,1971,398,2369,105.44010541499301,105.44010541499301,,,2369.0,0.0,1.0,1.0
c3b24869-9a6e-463c-bef5-8579f2fb8666,math:Orz57K,931,2026-04-23T07:09:00.665559Z,2026-04-23T07:10:46.806908Z,106.141349,1,True,True,True,1.0,1.0,0.009421399006338236,0.009421399006338236,0.0,,1986,1186,3172,105.41343641700223,105.41343641700223,,,3172.0,0.0,1.0,1.0
5db2d5b3-0af9-46c2-8b6b-3602754f4752,math:Orz57K,932,2026-04-23T07:09:02.238524Z,2026-04-23T07:10:48.078373Z,105.839849,1,True,True,True,1.0,1.0,0.009448237213565941,0.009448237213565941,0.0,,1941,214,2155,105.10740676301066,105.10740676301066,,,2155.0,0.0,1.0,1.0
c501e1ea-7791-4c48-8ce8-bbc5053cbc50,math:Orz57K,933,2026-04-23T07:09:02.702689Z,2026-04-23T07:10:51.465901Z,108.763212,1,True,True,False,0.0,0.0,0.009194285288301343,0.0,0.0,,1983,569,2552,108.01719616599439,108.01719616599439,,,2552.0,0.0,1.0,1.0
39b55ab8-ecae-4467-966e-e5684052226e,math:Orz57K,930,2026-04-23T07:09:03.783293Z,2026-04-23T07:10:53.815301Z,110.032008,1,True,True,True,1.0,1.0,0.009088264571160057,0.009088264571160057,0.0,,1971,398,2369,109.31265873200027,109.31265873200027,,,2369.0,0.0,1.0,1.0
6f25653d-cb28-409b-a944-8d5a60300479,math:Orz57K,931,2026-04-23T07:09:06.867944Z,2026-04-23T07:11:02.603570Z,115.735626,1,True,True,True,1.0,1.0,0.008640381830223998,0.008640381830223998,0.0,,1986,505,2491,114.98997161400621,114.98997161400621,,,2491.0,0.0,1.0,1.0
45eaf6b1-119f-496d-a3b6-c5591ed1d3ab,math:Orz57K,932,2026-04-23T07:09:11.576941Z,2026-04-23T07:11:03.805798Z,112.228857,1,True,True,True,1.0,1.0,0.008910364292492081,0.008910364292492081,0.0,,1941,214,2155,111.52959425799781,111.52959425799781,,,2155.0,0.0,1.0,1.0
67c26e18-f3c1-4740-a7b4-d3a650a46c29,math:Orz57K,933,2026-04-23T07:09:13.144664Z,2026-04-23T07:11:07.185838Z,114.041174,1,True,True,False,0.0,0.0,0.008768762762824591,0.0,0.0,,1983,569,2552,113.28397027301253,113.28397027301253,,,2552.0,0.0,1.0,1.0
72d8e2bb-7034-4a48-926b-a76d3ac900e2,math:Orz57K,934,2026-04-23T07:09:14.207248Z,2026-04-23T07:11:09.579608Z,115.37236,1,True,True,True,1.0,1.0,0.008667587280003634,0.008667587280003634,0.0,,1967,417,2384,114.66246526301256,114.66246526301256,,,2384.0,0.0,1.0,1.0
87e427b7-56d6-42b6-a51c-92a83e2248a6,math:Orz57K,931,2026-04-23T07:09:17.339021Z,2026-04-23T07:11:12.520314Z,115.181293,1,True,True,True,1.0,1.0,0.008681965395196597,0.008681965395196597,0.0,,1986,505,2491,114.47020967099525,114.47020967099525,,,2491.0,0.0,1.0,1.0
e4e797b5-28f7-450e-8bb8-a53ddd72cc48,math:Orz57K,932,2026-04-23T07:09:22.121940Z,2026-04-23T07:11:13.794687Z,111.672747,1,True,True,True,1.0,1.0,0.008954736288523465,0.008954736288523465,0.0,,1941,214,2155,110.93970289600838,110.93970289600838,,,2155.0,0.0,1.0,1.0
ef67c97e-29f8-49d2-b6d4-e567eadd8fc4,math:Orz57K,933,2026-04-23T07:09:24.534593Z,2026-04-23T07:11:17.231494Z,112.696901,1,True,True,False,0.0,0.0,0.008873358460850668,0.0,0.0,,1983,569,2552,111.91946039999311,111.91946039999311,,,2552.0,0.0,1.0,1.0
51b4c4db-6ca4-48fd-a1c0-d763ff3b389a,math:Orz57K,934,2026-04-23T07:09:25.661788Z,2026-04-23T07:11:19.660556Z,113.998768,1,True,True,True,1.0,1.0,0.00877202462398541,0.00877202462398541,0.0,,1967,417,2384,113.25020196300466,113.25020196300466,,,2384.0,0.0,1.0,1.0
efdf4cd4-dffc-43fe-ae4c-90fba25b47ff,math:Orz57K,935,2026-04-23T07:09:28.684700Z,2026-04-23T07:11:25.491117Z,116.806417,1,True,True,True,1.0,1.0,0.008561173484158838,0.008561173484158838,0.0,,1964,980,2944,116.09236844400584,116.09236844400584,,,2944.0,0.0,1.0,1.0
b2e05368-beaa-4d29-9207-083d9f58807f,math:Orz57K,932,2026-04-23T07:09:33.517117Z,2026-04-23T07:11:26.763295Z,113.246178,1,True,True,True,1.0,1.0,0.00883032008373828,0.00883032008373828,0.0,,1941,214,2155,112.51789713799371,112.51789713799371,,,2155.0,0.0,1.0,1.0
a8a608ac-7ed5-4c10-8474-36f76055b12a,math:Orz57K,933,2026-04-23T07:09:35.872787Z,2026-04-23T07:11:30.099994Z,114.227207,1,True,True,False,0.0,0.0,0.008754481758448318,0.0,0.0,,1983,569,2552,113.46768078599416,113.46768078599416,,,2552.0,0.0,1.0,1.0
9d283904-7972-4302-b53b-1c13b5142198,math:Orz57K,934,2026-04-23T07:09:38.174036Z,2026-04-23T07:11:32.545545Z,114.371509,1,True,True,True,1.0,1.0,0.008743436269604521,0.008743436269604521,0.0,,1967,417,2384,113.64105484900938,113.64105484900938,,,2384.0,0.0,1.0,1.0
59f94a26-ede8-49ed-8053-b30d56adb655,math:Orz57K,935,2026-04-23T07:09:41.230870Z,2026-04-23T07:11:38.305811Z,117.074941,1,True,True,True,1.0,1.0,0.008541537509722086,0.008541537509722086,0.0,,1964,980,2944,116.3323548949993,116.3323548949993,,,2944.0,0.0,1.0,1.0
ff11c95d-0725-4464-8e0a-6e275119a44b,math:Orz57K,936,2026-04-23T07:09:46.032321Z,2026-04-23T07:11:41.121682Z,115.089361,1,True,True,False,0.0,0.0,0.008688900444933395,0.0,0.0,,1939,478,2417,114.32023086800473,114.32023086800473,,,2417.0,0.0,1.0,1.0
1d1f6565-4101-431f-80ab-acb57db17949,math:Orz57K,933,2026-04-23T07:09:53.884462Z,2026-04-23T07:11:44.411683Z,110.527221,1,True,True,False,0.0,0.0,0.009047544948225923,0.0,0.0,,1983,569,2552,109.76918605199899,109.76918605199899,,,2552.0,0.0,1.0,1.0
9cae7802-3ca2-4727-9c28-17dfb8fb18dc,math:Orz57K,934,2026-04-23T07:09:57.134952Z,2026-04-23T07:11:46.874436Z,109.739484,1,True,True,True,1.0,1.0,0.009112490450565633,0.009112490450565633,0.0,,1967,417,2384,108.99529452598654,108.99529452598654,,,2384.0,0.0,1.0,1.0
c633e3d8-0881-40d6-868f-4f477e06105a,math:Orz57K,935,2026-04-23T07:09:59.437996Z,2026-04-23T07:11:52.712057Z,113.274061,1,True,True,True,1.0,1.0,0.008828146454464982,0.008828146454464982,0.0,,1964,980,2944,112.52588827,112.52588827,,,2944.0,0.0,1.0,1.0
3f8c32ba-5788-4a1c-ad8e-fa7361fde9b4,math:Orz57K,936,2026-04-23T07:10:02.407317Z,2026-04-23T07:11:55.551553Z,113.144236,1,True,True,False,0.0,0.0,0.008838276127473253,0.0,0.0,,1939,478,2417,112.3492458940018,112.3492458940018,,,2417.0,0.0,1.0,1.0
09a5eedb-edd5-4197-9109-668288467414,math:Orz57K,937,2026-04-23T07:10:07.185955Z,2026-04-23T07:12:20.942166Z,133.756211,1,True,True,False,0.0,0.0,0.0074762883347525445,0.0,0.0,,2029,4096,6125,133.05943748599384,133.05943748599384,,,6125.0,0.0,1.0,1.0
439bf368-23b5-45a9-9fea-16d079430473,math:Orz57K,934,2026-04-23T07:10:09.538970Z,2026-04-23T07:12:23.499349Z,133.960379,1,True,True,True,1.0,1.0,0.007464893780272151,0.007464893780272151,0.0,,1967,417,2384,133.21477335300006,133.21477335300006,,,2384.0,0.0,1.0,1.0
72df194c-d14d-40db-8cf8-d15e17398618,math:Orz57K,935,2026-04-23T07:10:11.803417Z,2026-04-23T07:12:29.306875Z,137.503458,1,True,True,True,1.0,1.0,0.007272544374847649,0.007272544374847649,0.0,,1964,980,2944,136.7688957890059,136.7688957890059,,,2944.0,0.0,1.0,1.0
fb044a62-7760-4256-800b-50f01306d1e8,math:Orz57K,936,2026-04-23T07:10:19.661985Z,2026-04-23T07:12:32.134725Z,132.47274,1,True,True,False,0.0,0.0,0.007548722854226463,0.0,0.0,,1939,478,2417,131.6923539970012,131.6923539970012,,,2417.0,0.0,1.0,1.0
2ebfdbe3-d5a1-48cd-8086-47e8b5054fc3,math:Orz57K,937,2026-04-23T07:10:26.574594Z,2026-04-23T07:12:57.640412Z,151.065818,1,True,True,False,0.0,0.0,0.00661963118618932,0.0,0.0,,2029,4096,6125,150.3331189629971,150.3331189629971,,,6125.0,0.0,1.0,1.0
e3341111-f00c-4911-b086-7f8a68a2a75c,math:Orz57K,938,2026-04-23T07:10:27.824206Z,2026-04-23T07:13:04.495915Z,156.671709,1,True,True,True,1.0,1.0,0.006382773293166797,0.006382773293166797,0.0,,2019,1150,3169,155.92747458000667,155.92747458000667,,,3169.0,0.0,1.0,1.0
fd058da0-ad43-4975-9b3d-a2b9aed91c46,math:Orz57K,935,2026-04-23T07:10:30.167362Z,2026-04-23T07:13:10.251477Z,160.084115,1,True,True,True,1.0,1.0,0.006246715984281139,0.006246715984281139,0.0,,1964,980,2944,159.3330797640083,159.3330797640083,,,2944.0,0.0,1.0,1.0
06fff485-1240-496c-9ba1-7f1c01abe63e,math:Orz57K,936,2026-04-23T07:10:32.483152Z,2026-04-23T07:13:13.151195Z,160.668043,1,True,True,False,0.0,0.0,0.0062240130727178895,0.0,0.0,,1939,478,2417,159.84462548101146,159.84462548101146,,,2417.0,0.0,1.0,1.0
59c0f10a-ece4-42de-a32c-7ef0204e7166,math:Orz57K,937,2026-04-23T07:10:39.972238Z,2026-04-23T07:13:38.642124Z,178.669886,1,True,True,False,0.0,0.0,0.005596914076499719,0.0,0.0,,2029,4096,6125,177.9328789600113,177.9328789600113,,,6125.0,0.0,1.0,1.0
d2ac2327-ee5f-4298-8b77-7b46b22c2fe9,math:Orz57K,938,2026-04-23T07:10:46.831006Z,2026-04-23T07:13:45.419603Z,178.588597,1,True,True,True,1.0,1.0,0.005599461649838707,0.005599461649838707,0.0,,2019,1150,3169,177.8597517619928,177.8597517619928,,,3169.0,0.0,1.0,1.0
9b2346b7-f9c7-49f2-aa87-19ef8d20290e,math:Orz57K,939,2026-04-23T07:10:48.105767Z,2026-04-23T07:13:50.923755Z,182.817988,1,True,True,False,0.0,0.0,0.005469921263984154,0.0,0.0,,2024,917,2941,182.08372638499714,182.08372638499714,,,2941.0,0.0,1.0,1.0
a95431ca-edc3-4390-be66-e24ea289b5e8,math:Orz57K,936,2026-04-23T07:10:51.491246Z,2026-04-23T07:13:53.808344Z,182.317098,1,True,True,False,0.0,0.0,0.005484949085795563,0.0,0.0,,1939,478,2417,181.55172446000506,181.55172446000506,,,2417.0,0.0,1.0,1.0
660224b7-c510-44c3-9ef4-2f4205fb5f86,math:Orz57K,937,2026-04-23T07:10:53.839179Z,2026-04-23T07:14:19.299501Z,205.460322,1,True,True,False,0.0,0.0,0.0048671197935726005,0.0,0.0,,2029,4096,6125,204.73212974399212,204.73212974399212,,,6125.0,0.0,1.0,1.0
46a9a420-c388-477e-b4d9-d65855e92265,math:Orz57K,938,2026-04-23T07:11:02.626837Z,2026-04-23T07:14:26.190423Z,203.563586,1,True,True,True,1.0,1.0,0.004912469954228454,0.004912469954228454,0.0,,2019,1150,3169,202.83461890899343,202.83461890899343,,,3169.0,0.0,1.0,1.0
ee54ffbe-a864-4261-a012-a5d699fe67cc,math:Orz57K,939,2026-04-23T07:11:03.828203Z,2026-04-23T07:14:31.670067Z,207.841864,1,True,True,False,0.0,0.0,0.004811350229230046,0.0,0.0,,2024,917,2941,207.10041258500132,207.10041258500132,,,2941.0,0.0,1.0,1.0
43d804cf-1c5c-424b-b833-0573ca753c5a,math:Orz57K,940,2026-04-23T07:11:07.210508Z,2026-04-23T07:14:32.988627Z,205.778119,1,True,True,False,0.0,0.0,0.004859603172871844,0.0,0.0,,1953,232,2185,205.0716730520071,205.0716730520071,,,2185.0,0.0,1.0,1.0
01552c01-b783-4e24-b2e6-2cf8c19ba032,math:Orz57K,937,2026-04-23T07:11:09.604778Z,2026-04-23T07:14:58.548649Z,228.943871,1,True,True,False,0.0,0.0,0.004367882816133567,0.0,0.0,,2029,4096,6125,228.23302337100904,228.23302337100904,,,6125.0,0.0,1.0,1.0
dd9863b5-793e-49ea-8a98-71b71cb8cb22,math:Orz57K,938,2026-04-23T07:11:12.543781Z,2026-04-23T07:15:05.368251Z,232.82447,1,True,True,True,1.0,1.0,0.004295081182832715,0.004295081182832715,0.0,,2019,1150,3169,232.10865226500027,232.10865226500027,,,3169.0,0.0,1.0,1.0
a3fa4bdb-2c5c-4068-8b66-d44ebc775b6e,math:Orz57K,939,2026-04-23T07:11:13.817326Z,2026-04-23T07:15:10.862598Z,237.045272,1,True,True,False,0.0,0.0,0.004218603440443225,0.0,0.0,,2024,917,2941,236.2579438899993,236.2579438899993,,,2941.0,0.0,1.0,1.0
e020e874-93c7-4479-ba76-e4a2be113bca,math:Orz57K,940,2026-04-23T07:11:17.257605Z,2026-04-23T07:15:18.118295Z,240.86069,1,True,True,False,0.0,0.0,0.004151777527499402,0.0,0.0,,1953,236,2189,240.15405500499764,240.15405500499764,,,2189.0,0.0,1.0,1.0
32794d4b-e5d8-4005-8109-f650c3f41746,math:Orz57K,941,2026-04-23T07:11:19.686667Z,2026-04-23T07:18:02.481413Z,402.794746,1,True,True,True,1.0,1.0,0.0024826540314406187,0.0024826540314406187,0.0,,4323,3983,8306,396.7817421140062,396.7817421140062,,,8306.0,0.0,1.0,1.0
7fd4eb5b-eba3-48a6-8313-92238cd3f2a5,math:Orz57K,938,2026-04-23T07:11:25.515521Z,2026-04-23T07:15:22.844055Z,237.328534,1,True,True,False,0.0,0.0,0.004213568352467892,0.0,0.0,,2019,572,2591,236.54936508600076,236.54936508600076,,,2591.0,0.0,1.0,1.0
270abc26-f105-429b-962d-b72626660542,math:Orz57K,939,2026-04-23T07:11:26.788575Z,2026-04-23T07:15:28.317865Z,241.52929,1,True,True,False,0.0,0.0,0.00414028460067928,0.0,0.0,,2024,924,2948,240.7797353349888,240.7797353349888,,,2948.0,0.0,1.0,1.0
4c37efc3-d7ee-408a-af92-6e09a62d3ba4,math:Orz57K,940,2026-04-23T07:11:30.124774Z,2026-04-23T07:15:29.676565Z,239.551791,1,True,True,False,0.0,0.0,0.004174462632174601,0.0,0.0,,1953,236,2189,238.8335897700017,238.8335897700017,,,2189.0,0.0,1.0,1.0
2ec11d81-0bcd-40be-bd46-40ea0df631fd,math:Orz57K,941,2026-04-23T07:11:32.570475Z,2026-04-23T07:18:55.510661Z,442.940186,1,True,True,True,1.0,1.0,0.002257641170539446,0.002257641170539446,0.0,,4323,3983,8306,436.92428974600625,436.92428974600625,,,8306.0,0.0,1.0,1.0
c2e184a8-3bcb-4603-b9f9-d6eb875a84f9,math:Orz57K,942,2026-04-23T07:11:38.330169Z,2026-04-23T07:18:31.844221Z,413.514052,1,True,True,True,1.0,1.0,0.0024182975044340213,0.0024182975044340213,0.0,,4392,540,4932,411.05139183699794,411.05139183699794,,,4932.0,0.0,1.0,1.0
fe9f9006-eaf7-4ca1-98d0-61731c60a31d,math:Orz57K,939,2026-04-23T07:11:41.146853Z,2026-04-23T07:15:39.188781Z,238.041928,1,True,True,False,0.0,0.0,0.00420094060068275,0.0,0.0,,2024,917,2941,237.24403770100616,237.24403770100616,,,2941.0,0.0,1.0,1.0
5ce468d9-a710-44b3-aa98-8b490d5b9a75,math:Orz57K,940,2026-04-23T07:11:44.435044Z,2026-04-23T07:15:40.496504Z,236.06146,1,True,True,False,0.0,0.0,0.00423618493251715,0.0,0.0,,1953,236,2189,235.31960456600063,235.31960456600063,,,2189.0,0.0,1.0,1.0
a3468123-0d72-4287-bcca-22135ff6c1af,math:Orz57K,941,2026-04-23T07:11:46.899416Z,2026-04-23T07:19:54.259124Z,487.359708,1,True,True,True,1.0,1.0,0.0020518725360037355,0.0020518725360037355,0.0,,4323,3983,8306,481.23125884498586,481.23125884498586,,,8306.0,0.0,1.0,1.0
421e77de-2932-428e-a813-4410207a3ae6,math:Orz57K,942,2026-04-23T07:11:52.736799Z,2026-04-23T07:19:04.861064Z,432.124265,1,True,True,True,1.0,1.0,0.002314149148740814,0.002314149148740814,0.0,,4392,540,4932,429.602807371004,429.602807371004,,,4932.0,0.0,1.0,1.0
a38c77a9-67db-4b26-bdfc-d0aa8df88a71,math:Orz57K,943,2026-04-23T07:11:55.576018Z,2026-04-23T07:15:46.166323Z,230.590305,1,True,True,True,1.0,1.0,0.004336695768714127,0.004336695768714127,0.0,,1940,297,2237,229.87644248400466,229.87644248400466,,,2237.0,0.0,1.0,1.0
965c3c74-60ab-4d77-b4e5-2ed4557214d6,math:Orz57K,940,2026-04-23T07:12:20.965661Z,2026-04-23T07:15:47.605074Z,206.639413,1,True,True,False,0.0,0.0,0.0048393478547095956,0.0,0.0,,1953,236,2189,205.89488506400085,205.89488506400085,,,2189.0,0.0,1.0,1.0
953e5863-b03a-446e-82ef-b5f80b411527,math:Orz57K,941,2026-04-23T07:12:23.523515Z,2026-04-23T07:20:25.637618Z,482.114103,1,True,True,True,1.0,1.0,0.0020741977755419447,0.0020741977755419447,0.0,,4323,3983,8306,475.9468993860064,475.9468993860064,,,8306.0,0.0,1.0,1.0
8e90ac86-90c6-4003-9574-24e69c89b882,math:Orz57K,942,2026-04-23T07:12:29.329303Z,2026-04-23T07:19:57.908340Z,448.579037,1,True,True,True,1.0,1.0,0.0022292615515156137,0.0022292615515156137,0.0,,4392,540,4932,446.0840829689987,446.0840829689987,,,4932.0,0.0,1.0,1.0
99ed502b-e60d-4562-b279-a289d9272c9d,math:Orz57K,943,2026-04-23T07:12:32.159701Z,2026-04-23T07:15:53.426264Z,201.266563,1,True,True,True,1.0,1.0,0.0049685351858470405,0.0049685351858470405,0.0,,1940,297,2237,200.55593852700258,200.55593852700258,,,2237.0,0.0,1.0,1.0
9fa04fc5-ffad-49c9-8a6e-d2a34b369ad0,math:Orz57K,944,2026-04-23T07:12:57.664946Z,2026-04-23T07:15:58.460672Z,180.795726,1,True,True,False,0.0,0.0,0.005531104203204449,0.0,0.0,,2113,829,2942,180.0282511359983,180.0282511359983,,,2942.0,0.0,1.0,1.0
343ddaa1-8e41-4cd9-b2b9-fe8042863ad6,math:Orz57K,941,2026-04-23T07:13:04.522567Z,2026-04-23T07:21:18.230230Z,493.707663,1,True,True,True,1.0,1.0,0.0020254901330142004,0.0020254901330142004,0.0,,4323,3983,8306,487.58205580498907,487.58205580498907,,,8306.0,0.0,1.0,1.0
8ff2ce40-1048-4e36-96cb-31d7adfb2c5b,math:Orz57K,942,2026-04-23T07:13:10.274386Z,2026-04-23T07:20:28.833735Z,438.559349,1,True,True,True,1.0,1.0,0.002280193096510639,0.002280193096510639,0.0,,4392,540,4932,436.0994978790113,436.0994978790113,,,4932.0,0.0,1.0,1.0
ce7fd375-a471-4078-a5c9-3eee48103bf9,math:Orz57K,943,2026-04-23T07:13:13.177021Z,2026-04-23T07:16:04.142695Z,170.965674,1,True,True,True,1.0,1.0,0.005849127351727926,0.005849127351727926,0.0,,1940,297,2237,170.2441898029938,170.2441898029938,,,2237.0,0.0,1.0,1.0
1acf4c03-99ce-4ae7-abd0-31ae95581531,math:Orz57K,944,2026-04-23T07:13:38.666573Z,2026-04-23T07:16:09.141207Z,150.474634,1,True,True,False,0.0,0.0,0.0066456383605491935,0.0,0.0,,2113,829,2942,149.68627278399072,149.68627278399072,,,2942.0,0.0,1.0,1.0
1359812f-143e-4648-9fd4-63ed7b10b3a5,math:Orz57K,945,2026-04-23T07:13:45.442650Z,2026-04-23T07:16:12.753861Z,147.311211,1,True,True,True,1.0,1.0,0.006788349598185029,0.006788349598185029,0.0,,1960,607,2567,146.44578192400513,146.44578192400513,,,2567.0,0.0,1.0,1.0
aee3ea8f-b894-49ed-9205-0dfbaaa20dec,math:Orz57K,942,2026-04-23T07:13:50.948011Z,2026-04-23T07:21:25.994615Z,455.046604,1,True,True,True,1.0,1.0,0.0021975771079482662,0.0021975771079482662,0.0,,4392,540,4932,452.5655250639975,452.5655250639975,,,4932.0,0.0,1.0,1.0
0db6b328-54c5-464e-9d90-bed04385d5d2,math:Orz57K,943,2026-04-23T07:13:53.839850Z,2026-04-23T07:16:17.072848Z,143.232998,1,True,True,True,1.0,1.0,0.006981631425462448,0.006981631425462448,0.0,,1940,297,2237,142.50446156300313,142.50446156300313,,,2237.0,0.0,1.0,1.0
824b8d43-194e-47e0-9485-26b07d9886d2,math:Orz57K,944,2026-04-23T07:14:19.323344Z,2026-04-23T07:16:22.087529Z,122.764185,1,True,True,False,0.0,0.0,0.00814569819365477,0.0,0.0,,2113,829,2942,122.00870056099666,122.00870056099666,,,2942.0,0.0,1.0,1.0
0bd588fd-ea84-489c-95cb-397b37159ee6,math:Orz57K,945,2026-04-23T07:14:26.214874Z,2026-04-23T07:16:25.760975Z,119.546101,1,True,True,True,1.0,1.0,0.008364973776936482,0.008364973776936482,0.0,,1960,607,2567,118.70816265400208,118.70816265400208,,,2567.0,0.0,1.0,1.0
26de81b8-140d-405f-b41d-032bb966c2a3,math:Orz57K,946,2026-04-23T07:14:31.695323Z,2026-04-23T07:16:51.343239Z,139.647916,1,True,True,False,0.0,0.0,0.0071608659022165426,0.0,0.0,,2258,4096,6354,138.914012231995,138.914012231995,,,6354.0,0.0,1.0,1.0
930991d6-73e5-4172-a1f1-5a07c8614a0f,math:Orz57K,943,2026-04-23T07:14:33.012669Z,2026-04-23T07:16:53.093113Z,140.080444,1,True,True,True,1.0,1.0,0.007138755214111114,0.007138755214111114,0.0,,1940,297,2237,139.3448998699896,139.3448998699896,,,2237.0,0.0,1.0,1.0
16c12947-90c0-457b-b234-fc5949c89289,math:Orz57K,944,2026-04-23T07:14:58.574448Z,2026-04-23T07:16:58.088926Z,119.514478,1,True,True,False,0.0,0.0,0.00836718711184096,0.0,0.0,,2113,829,2942,118.75624262700148,118.75624262700148,,,2942.0,0.0,1.0,1.0
df072f67-3ed5-4395-aca5-69483ddc06aa,math:Orz57K,945,2026-04-23T07:15:05.392907Z,2026-04-23T07:17:01.734325Z,116.341418,1,True,True,True,1.0,1.0,0.008595391195936773,0.008595391195936773,0.0,,1960,607,2567,115.48620082600974,115.48620082600974,,,2567.0,0.0,1.0,1.0
6940360e-660e-4ddf-80e6-1a5612bed352,math:Orz57K,946,2026-04-23T07:15:10.888717Z,2026-04-23T07:17:27.264373Z,136.375656,1,True,True,False,0.0,0.0,0.00733268700097032,0.0,0.0,,2258,4096,6354,135.62524804699933,135.62524804699933,,,6354.0,0.0,1.0,1.0
149539c8-687c-4c6d-ace3-7807530232e4,math:Orz57K,947,2026-04-23T07:15:16.881715Z,2026-04-23T07:17:30.332377Z,133.450662,1,True,True,True,1.0,1.0,0.007493406064932072,0.007493406064932072,0.0,,1946,531,2477,132.72529217800184,132.72529217800184,,,2477.0,0.0,1.0,1.0
40213ab9-ba52-4fe1-88c3-b63d41e980a7,math:Orz57K,944,2026-04-23T07:15:18.144909Z,2026-04-23T07:17:35.302020Z,137.157111,1,True,True,False,0.0,0.0,0.00729090889060794,0.0,0.0,,2113,829,2942,136.3849322599999,136.3849322599999,,,2942.0,0.0,1.0,1.0
207892bc-fd0d-4834-8d0f-5626ac01e8dd,math:Orz57K,945,2026-04-23T07:15:22.867305Z,2026-04-23T07:17:38.874367Z,136.007062,1,True,True,True,1.0,1.0,0.007352559384011987,0.007352559384011987,0.0,,1960,607,2567,135.19464187399717,135.19464187399717,,,2567.0,0.0,1.0,1.0
80d6ab30-d7f3-486f-84ce-8f1b1a16483c,math:Orz57K,946,2026-04-23T07:15:28.344064Z,2026-04-23T07:18:28.265158Z,179.921094,1,True,True,False,0.0,0.0,0.005557991993979316,0.0,0.0,,2258,4096,6354,179.18869048799388,179.18869048799388,,,6354.0,0.0,1.0,1.0
26350111-7fc3-44ce-af54-bc47bd3a547c,math:Orz57K,947,2026-04-23T07:15:29.701233Z,2026-04-23T07:18:31.378805Z,181.677572,1,True,True,True,1.0,1.0,0.005504256738966106,0.005504256738966106,0.0,,1946,531,2477,180.94575121799426,180.94575121799426,,,2477.0,0.0,1.0,1.0
651b1de6-c489-4145-9874-3aba78a05900,math:Orz57K,948,2026-04-23T07:15:39.214776Z,2026-04-23T07:18:59.673696Z,200.45892,1,True,True,True,1.0,1.0,0.0049885532656765786,0.0049885532656765786,0.0,,1983,693,2676,199.65148373000557,199.65148373000557,,,2676.0,0.0,1.0,1.0
5ea8658c-86d4-4eb3-8e44-91494f9db0ff,math:Orz57K,945,2026-04-23T07:15:40.522954Z,2026-04-23T07:19:04.407834Z,203.88488,1,True,True,True,1.0,1.0,0.0049047285899768535,0.0049047285899768535,0.0,,1960,805,2765,203.06584995299636,203.06584995299636,,,2765.0,0.0,1.0,1.0
db4df220-44f0-4524-bf07-3e13053df2a7,math:Orz57K,946,2026-04-23T07:15:46.191659Z,2026-04-23T07:19:30.650608Z,224.458949,1,True,True,False,0.0,0.0,0.004455157633300689,0.0,0.0,,2258,4096,6354,223.72814053100592,223.72814053100592,,,6354.0,0.0,1.0,1.0
295be1a4-2aed-4ff0-abbc-f83ba0a50360,math:Orz57K,947,2026-04-23T07:15:47.630757Z,2026-04-23T07:19:57.395417Z,249.76466,1,True,True,True,1.0,1.0,0.0040037689879745195,0.0040037689879745195,0.0,,1946,531,2477,249.05157777899876,249.05157777899876,,,2477.0,0.0,1.0,1.0
dc51e21e-b31f-406b-944b-14856f279bf2,math:Orz57K,948,2026-04-23T07:15:53.447827Z,2026-04-23T07:20:02.091833Z,248.644006,1,True,True,True,1.0,1.0,0.004021814223826494,0.004021814223826494,0.0,,1983,693,2676,247.83111664099852,247.83111664099852,,,2676.0,0.0,1.0,1.0
26738946-b91e-4de7-a73f-9e97d452be5d,math:Orz57K,949,2026-04-23T07:15:58.486170Z,2026-04-23T07:20:28.379824Z,269.893654,1,True,True,True,1.0,1.0,0.003705163071377736,0.003705163071377736,0.0,,1977,460,2437,269.11506391900184,269.11506391900184,,,2437.0,0.0,1.0,1.0
f71d666b-0610-4611-8420-ee45c372643f,math:Orz57K,946,2026-04-23T07:16:04.166434Z,2026-04-23T07:20:54.570130Z,290.403696,1,True,True,False,0.0,0.0,0.003443482344659966,0.0,0.0,,2258,4096,6354,289.66583791500307,289.66583791500307,,,6354.0,0.0,1.0,1.0
501d5d6d-e896-4748-86f1-804074381570,math:Orz57K,947,2026-04-23T07:16:09.167219Z,2026-04-23T07:21:21.386386Z,312.219167,1,True,True,True,1.0,1.0,0.003202878316564082,0.003202878316564082,0.0,,1946,531,2477,311.49591361999046,311.49591361999046,,,2477.0,0.0,1.0,1.0
061e0de5-a3f0-45f1-a42f-fb85723f2e1c,math:Orz57K,948,2026-04-23T07:16:12.778286Z,2026-04-23T07:21:25.605158Z,312.826872,1,True,True,True,1.0,1.0,0.0031966563281686368,0.0031966563281686368,0.0,,1983,693,2676,311.995158153004,311.995158153004,,,2676.0,0.0,1.0,1.0
3beb32a9-b051-4e41-b2a2-4f719faa9f58,math:Orz57K,949,2026-04-23T07:16:17.097632Z,2026-04-23T07:21:28.737908Z,311.640276,1,True,True,True,1.0,1.0,0.0032088278602345997,0.0032088278602345997,0.0,,1977,460,2437,310.8998884399916,310.8998884399916,,,2437.0,0.0,1.0,1.0
86a2bb53-ca44-4b08-a0de-75a953f54cec,math:Orz57K,950,2026-04-23T07:16:22.112404Z,2026-04-23T07:21:31.659871Z,309.547467,1,True,True,False,0.0,0.0,0.003230522315984579,0.0,0.0,,2011,483,2494,308.7673938280059,308.7673938280059,,,2494.0,0.0,1.0,1.0
41328fe4-5b05-4da3-9a8e-1b697bcc8f3f,math:Orz57K,947,2026-04-23T07:16:25.786624Z,2026-04-23T07:21:34.718014Z,308.93139,1,True,True,True,1.0,1.0,0.003236964686560339,0.003236964686560339,0.0,,1946,531,2477,308.2111759440013,308.2111759440013,,,2477.0,0.0,1.0,1.0
d5ae708b-81d4-46e7-92b3-8331e72d3d17,math:Orz57K,948,2026-04-23T07:16:51.366992Z,2026-04-23T07:21:38.846037Z,287.479045,1,True,True,True,1.0,1.0,0.003478514407893626,0.003478514407893626,0.0,,1983,693,2676,286.68013562499254,286.68013562499254,,,2676.0,0.0,1.0,1.0
c6ec7557-9fa2-49f7-8164-d2810f70e166,math:Orz57K,949,2026-04-23T07:16:53.118339Z,2026-04-23T07:21:41.508432Z,288.390093,1,True,True,True,1.0,1.0,0.003467525495059222,0.003467525495059222,0.0,,1977,460,2437,287.61430896299134,287.61430896299134,,,2437.0,0.0,1.0,1.0
5603fe71-2fdf-45b2-9a47-282ff7c72e4c,math:Orz57K,950,2026-04-23T07:16:58.114020Z,2026-04-23T07:21:44.330540Z,286.21652,1,True,True,False,0.0,0.0,0.003493858425781992,0.0,0.0,,2011,483,2494,285.4504081490013,285.4504081490013,,,2494.0,0.0,1.0,1.0
0007443f-a993-4bc8-b528-5229a0c38339,math:Orz57K,951,2026-04-23T07:17:01.758800Z,2026-04-23T07:21:48.947503Z,287.188703,1,True,True,True,1.0,1.0,0.003482031115966285,0.003482031115966285,0.0,,1982,797,2779,286.4736415540101,286.4736415540101,,,2779.0,0.0,1.0,1.0
8dec134f-efa3-44e1-8b5c-46893397868b,math:Orz57K,948,2026-04-23T07:17:27.289906Z,2026-04-23T07:21:53.222116Z,265.93221,1,True,True,True,1.0,1.0,0.00376035682176296,0.00376035682176296,0.0,,1983,693,2676,265.1086769190006,265.1086769190006,,,2676.0,0.0,1.0,1.0
63baa6bc-0028-411c-942e-02fb193485be,math:Orz57K,949,2026-04-23T07:17:30.355960Z,2026-04-23T07:21:55.925979Z,265.570019,1,True,True,True,1.0,1.0,0.0037654852899641506,0.0037654852899641506,0.0,,1977,460,2437,264.78869884600863,264.78869884600863,,,2437.0,0.0,1.0,1.0
be5c4be2-aa59-4010-a0da-5eee36d34774,math:Orz57K,950,2026-04-23T07:17:35.327862Z,2026-04-23T07:21:58.799810Z,263.471948,1,True,True,False,0.0,0.0,0.0037954704764243063,0.0,0.0,,2011,483,2494,262.68504951799696,262.68504951799696,,,2494.0,0.0,1.0,1.0
6f1793e5-0ed0-4c6f-8479-65296cae68d1,math:Orz57K,951,2026-04-23T07:17:38.900185Z,2026-04-23T07:22:03.489196Z,264.589011,1,True,True,True,1.0,1.0,0.0037794464563004845,0.0037794464563004845,0.0,,1982,797,2779,263.83168327299063,263.83168327299063,,,2779.0,0.0,1.0,1.0
533622d6-8ced-4d68-8fca-c42d6c754b24,math:Orz57K,952,2026-04-23T07:18:02.506011Z,2026-04-23T07:29:37.489159Z,694.983148,1,True,True,True,1.0,1.0,0.0014388838101726173,0.0014388838101726173,0.0,,11658,2588,14246,689.0904017119901,689.0904017119901,,,14246.0,0.0,1.0,1.0
5e3941b7-046a-4f73-b6f4-b606aa927ad8,math:Orz57K,949,2026-04-23T07:18:28.292664Z,2026-04-23T07:22:09.810392Z,221.517728,1,True,True,True,1.0,1.0,0.00451431137827488,0.00451431137827488,0.0,,1977,460,2437,220.77403642999707,220.77403642999707,,,2437.0,0.0,1.0,1.0
de878193-2653-4253-8a7e-298758fcf7cb,math:Orz57K,950,2026-04-23T07:18:31.403002Z,2026-04-23T07:22:12.665051Z,221.262049,1,True,True,False,0.0,0.0,0.004519527883428396,0.0,0.0,,2011,483,2494,220.4998801210022,220.4998801210022,,,2494.0,0.0,1.0,1.0
6cb27ae9-6739-4f59-83f8-f1e680fab720,math:Orz57K,951,2026-04-23T07:18:31.869720Z,2026-04-23T07:22:17.305400Z,225.43568,1,True,True,True,1.0,1.0,0.004435855051871115,0.004435855051871115,0.0,,1982,797,2779,224.7225811380049,224.7225811380049,,,2779.0,0.0,1.0,1.0
b20e400d-a2ee-4fc2-9547-0f31257ff964,math:Orz57K,952,2026-04-23T07:18:55.534111Z,2026-04-23T07:29:48.622016Z,653.087905,1,True,True,True,1.0,1.0,0.0015311874440547173,0.0015311874440547173,0.0,,11658,2588,14246,647.2129576269945,647.2129576269945,,,14246.0,0.0,1.0,1.0
196d21d1-fad8-4a0f-b5d4-db23407be7e6,math:Orz57K,953,2026-04-23T07:18:59.699165Z,2026-04-23T07:22:23.934662Z,204.235497,1,True,True,False,0.0,0.0,0.004896308500182023,0.0,0.0,,2022,497,2519,203.46422993399028,203.46422993399028,,,2519.0,0.0,1.0,1.0
1527d656-36a7-4eb4-a9d9-01fe3da94b4f,math:Orz57K,950,2026-04-23T07:19:04.432431Z,2026-04-23T07:22:26.829049Z,202.396618,1,True,True,False,0.0,0.0,0.004940794020579929,0.0,0.0,,2011,483,2494,201.60842527399655,201.60842527399655,,,2494.0,0.0,1.0,1.0
9d91b807-3c53-4bc3-98e9-d79e8307ab93,math:Orz57K,951,2026-04-23T07:19:04.886257Z,2026-04-23T07:22:31.486392Z,206.600135,1,True,True,True,1.0,1.0,0.004840267892370932,0.004840267892370932,0.0,,1982,797,2779,205.88286431400047,205.88286431400047,,,2779.0,0.0,1.0,1.0
287a1bb7-cbbf-4f0e-9467-be681dbb735d,math:Orz57K,952,2026-04-23T07:19:30.675296Z,2026-04-23T07:30:26.485647Z,655.810351,1,True,True,True,1.0,1.0,0.0015248310711704518,0.0015248310711704518,0.0,,11658,2588,14246,649.9257851170114,649.9257851170114,,,14246.0,0.0,1.0,1.0
283fcb55-5045-4478-b7b1-d744a4f69732,math:Orz57K,953,2026-04-23T07:19:54.286520Z,2026-04-23T07:22:38.097967Z,163.811447,1,True,True,False,0.0,0.0,0.006104579492543034,0.0,0.0,,2022,497,2519,163.0356391509995,163.0356391509995,,,2519.0,0.0,1.0,1.0
ebc1aeed-d7e9-4e5f-ad0e-ec49da2e0e6c,math:Orz57K,954,2026-04-23T07:19:57.419152Z,2026-04-23T07:30:37.613398Z,640.194246,1,True,True,False,0.0,0.0,0.0015620259104921726,0.0,0.0,,17198,5094,22292,634.1743744379928,634.1743744379928,,,22292.0,0.0,1.0,1.0
f34fe1e1-442a-4a41-902d-29e8ff203bc8,math:Orz57K,951,2026-04-23T07:19:57.933647Z,2026-04-23T07:22:49.053470Z,171.119823,1,True,True,True,1.0,1.0,0.0058438583120787825,0.0058438583120787825,0.0,,1982,797,2779,170.39917527299258,170.39917527299258,,,2779.0,0.0,1.0,1.0
0b039456-6cee-43cf-8123-dfa0a5d13636,math:Orz57K,952,2026-04-23T07:20:02.118329Z,2026-04-23T07:30:43.150587Z,641.032258,1,True,True,True,1.0,1.0,0.001559983897097422,0.001559983897097422,0.0,,11658,2588,14246,635.0839315429912,635.0839315429912,,,14246.0,0.0,1.0,1.0
c8e165f2-96be-40eb-b3af-673528d5df0d,math:Orz57K,953,2026-04-23T07:20:25.661325Z,2026-04-23T07:22:55.702306Z,150.040981,1,True,True,False,0.0,0.0,0.0066648457863655265,0.0,0.0,,2022,497,2519,149.31208034500014,149.31208034500014,,,2519.0,0.0,1.0,1.0
0351d9bd-3d8d-4ca3-8203-6ae1971af913,math:Orz57K,954,2026-04-23T07:20:28.405972Z,2026-04-23T07:30:57.322039Z,628.916067,1,True,True,False,0.0,0.0,0.0015900372918919244,0.0,0.0,,17198,5094,22292,622.9076397859899,622.9076397859899,,,22292.0,0.0,1.0,1.0
5a4b4a7a-2c0a-442c-8ae6-4f462f8808c9,math:Orz57K,955,2026-04-23T07:20:28.859354Z,2026-04-23T07:26:38.939316Z,370.079962,1,True,True,True,1.0,1.0,0.0027021187383282318,0.0027021187383282318,0.0,,4345,244,4589,367.66263512699516,367.66263512699516,,,4589.0,0.0,1.0,1.0
c436dbc7-e6bb-408e-907b-bc2e8e480031,math:Orz57K,952,2026-04-23T07:20:54.596379Z,2026-04-23T07:31:05.699053Z,611.102674,1,True,True,True,1.0,1.0,0.0016363862286094333,0.0016363862286094333,0.0,,11658,2588,14246,605.2358114609815,605.2358114609815,,,14246.0,0.0,1.0,1.0
f8d5510f-7e80-44f7-8d01-f694a12d4c8c,math:Orz57K,953,2026-04-23T07:21:18.257215Z,2026-04-23T07:23:10.128524Z,111.871309,1,True,True,False,0.0,0.0,0.008938842397919918,0.0,0.0,,2022,497,2519,111.09926468800404,111.09926468800404,,,2519.0,0.0,1.0,1.0
658447a8-7efd-44f1-b0a2-5983d7364c77,math:Orz57K,954,2026-04-23T07:21:21.410252Z,2026-04-23T07:31:16.842494Z,595.432242,1,True,True,False,0.0,0.0,0.0016794522188470944,0.0,0.0,,17198,5094,22292,589.3869208310061,589.3869208310061,,,22292.0,0.0,1.0,1.0
972d0f8a-0716-4310-ac51-7989843fd9fd,math:Orz57K,955,2026-04-23T07:21:25.631394Z,2026-04-23T07:26:53.027098Z,327.395704,1,True,True,True,1.0,1.0,0.0030544078244838543,0.0030544078244838543,0.0,,4345,244,4589,324.9097179399978,324.9097179399978,,,4589.0,0.0,1.0,1.0
22f7efd7-aca2-457a-a107-9d012f93ecb8,math:Orz57K,956,2026-04-23T07:21:26.019106Z,2026-04-23T07:23:43.589825Z,137.570719,1,True,True,False,0.0,0.0,0.0072689886864660495,0.0,0.0,,1985,4096,6081,136.84103620999667,136.84103620999667,,,6081.0,0.0,1.0,1.0
0ecc787c-1051-4979-b962-df988f13ec90,math:Orz57K,953,2026-04-23T07:21:28.770172Z,2026-04-23T07:23:46.565119Z,137.794947,1,True,True,False,0.0,0.0,0.007257160162774328,0.0,0.0,,2022,497,2519,137.04555470700143,137.04555470700143,,,2519.0,0.0,1.0,1.0
059922e1-f4ec-4d7b-86a6-b1e5ed7d2a5b,math:Orz57K,954,2026-04-23T07:21:31.685785Z,2026-04-23T07:31:30.821585Z,599.1358,1,True,True,False,0.0,0.0,0.0016690706848096874,0.0,0.0,,17198,5094,22292,593.0378464079986,593.0378464079986,,,22292.0,0.0,1.0,1.0
9a9a3825-a014-4abe-bea4-a63e6838fe5d,math:Orz57K,955,2026-04-23T07:21:34.742511Z,2026-04-23T07:27:06.503867Z,331.761356,1,True,True,True,1.0,1.0,0.0030142148321819617,0.0030142148321819617,0.0,,4345,244,4589,329.29464287799783,329.29464287799783,,,4589.0,0.0,1.0,1.0
8eedef06-d37e-4b75-b41e-75b5afde9c57,math:Orz57K,956,2026-04-23T07:21:38.871994Z,2026-04-23T07:24:20.103103Z,161.231109,1,True,True,False,0.0,0.0,0.006202277005984,0.0,0.0,,1985,4096,6081,160.49823187499715,160.49823187499715,,,6081.0,0.0,1.0,1.0
0b27fe22-4e13-447d-8c4b-40bce3831bc7,math:Orz57K,957,2026-04-23T07:21:41.533598Z,2026-04-23T07:27:09.791563Z,328.257965,1,True,True,True,1.0,1.0,0.003046384571353813,0.003046384571353813,0.0,,4222,287,4509,325.71049764000054,325.71049764000054,,,4509.0,0.0,1.0,1.0
06cd9221-6b39-4d6f-ae9a-39f66daf557c,math:Orz57K,954,2026-04-23T07:21:44.356785Z,2026-04-23T07:31:47.130804Z,602.774019,1,True,True,False,0.0,0.0,0.00165899652021996,0.0,0.0,,17198,5094,22292,596.6063605650124,596.6063605650124,,,22292.0,0.0,1.0,1.0
29b9d064-db0a-4671-9638-dd2ae1067a1b,math:Orz57K,955,2026-04-23T07:21:48.971797Z,2026-04-23T07:27:18.473085Z,329.501288,1,True,True,True,1.0,1.0,0.0030348895024653135,0.0030348895024653135,0.0,,4345,244,4589,327.03008929401403,327.03008929401403,,,4589.0,0.0,1.0,1.0
8f925dbe-afe3-4c89-aae9-defb60b1484b,math:Orz57K,956,2026-04-23T07:21:53.246352Z,2026-04-23T07:24:55.169070Z,181.922718,1,True,True,False,0.0,0.0,0.005496839597570216,0.0,0.0,,1985,4096,6081,181.1840011500026,181.1840011500026,,,6081.0,0.0,1.0,1.0
5aec7452-5658-47a1-bbbc-a4b055a84b0e,math:Orz57K,957,2026-04-23T07:21:55.950767Z,2026-04-23T07:27:21.066528Z,325.115761,1,True,True,True,1.0,1.0,0.0030758275050221263,0.0030758275050221263,0.0,,4222,287,4509,322.5754831529921,322.5754831529921,,,4509.0,0.0,1.0,1.0
435e6e4f-8a34-4fdb-824d-0ff089b1290f,math:Orz57K,958,2026-04-23T07:21:58.825863Z,2026-04-23T07:24:58.396608Z,179.570745,1,True,True,True,1.0,1.0,0.0055688358368174064,0.0055688358368174064,0.0,,1959,304,2263,178.81539097700443,178.81539097700443,,,2263.0,0.0,1.0,1.0
1490769f-7531-4aa8-af15-fdfd16f8d5c3,math:Orz57K,955,2026-04-23T07:22:03.512319Z,2026-04-23T07:27:23.025050Z,319.512731,1,True,True,True,1.0,1.0,0.0031297657431997605,0.0031297657431997605,0.0,,4345,244,4589,316.9233037919912,316.9233037919912,,,4589.0,0.0,1.0,1.0
6c8c86d0-463a-42f5-9268-9b5aae8f96e0,math:Orz57K,956,2026-04-23T07:22:09.832935Z,2026-04-23T07:25:29.479782Z,199.646847,1,True,True,False,0.0,0.0,0.005008844442206493,0.0,0.0,,1985,4096,6081,198.9373563209956,198.9373563209956,,,6081.0,0.0,1.0,1.0
755c6b2b-b1de-43ab-9772-20351b1d5bfd,math:Orz57K,957,2026-04-23T07:22:12.688152Z,2026-04-23T07:27:29.807542Z,317.11939,1,True,True,True,1.0,1.0,0.003153386489548936,0.003153386489548936,0.0,,4222,287,4509,314.6130433230137,314.6130433230137,,,4509.0,0.0,1.0,1.0
dacdc303-9f9e-4ff4-be03-a3f5332f87a6,math:Orz57K,958,2026-04-23T07:22:17.330806Z,2026-04-23T07:25:32.706017Z,195.375211,1,True,True,True,1.0,1.0,0.005118356596426146,0.005118356596426146,0.0,,1959,304,2263,194.655804746988,194.655804746988,,,2263.0,0.0,1.0,1.0
29bbf26a-bf81-460a-b91c-70e0375ad762,math:Orz57K,959,2026-04-23T07:22:23.959855Z,2026-04-23T07:25:38.900543Z,194.940688,1,True,True,True,1.0,1.0,0.005129765418700072,0.005129765418700072,0.0,,2088,364,2452,194.22140521799156,194.22140521799156,,,2452.0,0.0,1.0,1.0
77a3dade-6480-4fd7-bbeb-0ce22bd6ac54,math:Orz57K,956,2026-04-23T07:22:26.853331Z,2026-04-23T07:26:04.391177Z,217.537846,1,True,True,False,0.0,0.0,0.0045969012674695695,0.0,0.0,,1985,4096,6081,216.82732185600617,216.82732185600617,,,6081.0,0.0,1.0,1.0
d9276b06-0ce5-4095-9c51-45967e597639,math:Orz57K,957,2026-04-23T07:22:31.509725Z,2026-04-23T07:27:43.897496Z,312.387771,1,True,True,True,1.0,1.0,0.003201149637832654,0.003201149637832654,0.0,,4222,287,4509,309.7702977049921,309.7702977049921,,,4509.0,0.0,1.0,1.0
9993ebbd-3e1b-43cd-8976-5cf2c19eec62,math:Orz57K,958,2026-04-23T07:22:38.124005Z,2026-04-23T07:26:11.606827Z,213.482822,1,True,True,True,1.0,1.0,0.0046842176369581625,0.0046842176369581625,0.0,,1959,304,2263,212.76018678299442,212.76018678299442,,,2263.0,0.0,1.0,1.0
f2e0629b-4bcc-4fcb-aeea-469d8980e6e7,math:Orz57K,959,2026-04-23T07:22:49.078971Z,2026-04-23T07:26:23.119898Z,214.040927,1,True,True,True,1.0,1.0,0.00467200368647254,0.00467200368647254,0.0,,2088,496,2584,213.31597283099836,213.31597283099836,,,2584.0,0.0,1.0,1.0
b150a0cc-ffe8-4478-8eae-23e73f965d2e,math:Orz57K,960,2026-04-23T07:22:55.726677Z,2026-04-23T07:28:07.965421Z,312.238744,1,True,True,False,0.0,0.0,0.003202677499881309,0.0,0.0,,4447,709,5156,309.74261196800217,309.74261196800217,,,5156.0,0.0,1.0,1.0
e476bbb9-a3d1-4464-943d-98594f0fad42,math:Orz57K,957,2026-04-23T07:23:10.152780Z,2026-04-23T07:28:23.862382Z,313.709602,1,True,True,True,1.0,1.0,0.0031876614347303273,0.0031876614347303273,0.0,,4222,287,4509,311.1254561449896,311.1254561449896,,,4509.0,0.0,1.0,1.0
e41bb6aa-2811-4017-914e-bd6f0cffe509,math:Orz57K,958,2026-04-23T07:23:43.617392Z,2026-04-23T07:26:54.848891Z,191.231499,1,True,True,True,1.0,1.0,0.0052292640345825035,0.0052292640345825035,0.0,,1959,304,2263,190.4838821819867,190.4838821819867,,,2263.0,0.0,1.0,1.0
52c8654b-907b-43a7-be51-fdf4809ca99e,math:Orz57K,959,2026-04-23T07:23:46.592525Z,2026-04-23T07:26:57.779298Z,191.186773,1,True,True,True,1.0,1.0,0.005230487362219352,0.005230487362219352,0.0,,2088,496,2584,190.4554971299949,190.4554971299949,,,2584.0,0.0,1.0,1.0
2a567ff0-2374-4d72-960a-850e32a67374,math:Orz57K,960,2026-04-23T07:24:20.128354Z,2026-04-23T07:29:03.106696Z,282.978342,1,True,True,False,0.0,0.0,0.003533839349443923,0.0,0.0,,4447,709,5156,280.5112535209919,280.5112535209919,,,5156.0,0.0,1.0,1.0
b2781e3f-d4b2-482c-b100-e4999365d6b1,math:Orz57K,961,2026-04-23T07:24:55.194209Z,2026-04-23T07:27:20.748400Z,145.554191,1,True,True,False,0.0,0.0,0.006870293415323232,0.0,0.0,,1981,381,2362,144.78514729399467,144.78514729399467,,,2362.0,0.0,1.0,1.0
57fb9514-6a01-465f-9858-0bfb121235fc,math:Orz57K,958,2026-04-23T07:24:58.420713Z,2026-04-23T07:27:22.882120Z,144.461407,1,True,True,True,1.0,1.0,0.006922264020313743,0.006922264020313743,0.0,,1959,304,2263,143.7559470970009,143.7559470970009,,,2263.0,0.0,1.0,1.0
d52f1cd0-84f4-44a4-8c52-d504154800e7,math:Orz57K,959,2026-04-23T07:25:29.503731Z,2026-04-23T07:27:29.457342Z,119.953611,1,True,True,True,1.0,1.0,0.008336556037483523,0.008336556037483523,0.0,,2088,364,2452,119.22506682299718,119.22506682299718,,,2452.0,0.0,1.0,1.0
ef6bed75-18ac-4f97-95d9-67fb6daff7c3,math:Orz57K,960,2026-04-23T07:25:32.732043Z,2026-04-23T07:29:44.419718Z,251.687675,1,True,True,False,0.0,0.0,0.003973178265483202,0.0,0.0,,4447,709,5156,249.17518422698777,249.17518422698777,,,5156.0,0.0,1.0,1.0
bc30e80d-74c4-4f6b-9a82-6a8f16e5b338,math:Orz57K,961,2026-04-23T07:25:38.924822Z,2026-04-23T07:27:39.277334Z,120.352512,1,True,True,False,0.0,0.0,0.008308925035150076,0.0,0.0,,1981,381,2362,119.62006874701183,119.62006874701183,,,2362.0,0.0,1.0,1.0
bb09b0b6-af8f-4cce-b2a7-977e05f4a82e,math:Orz57K,962,2026-04-23T07:26:04.415862Z,2026-04-23T07:27:43.614559Z,99.198697,1,True,True,False,0.0,0.0,0.010080777573116711,0.0,0.0,,1985,719,2704,98.38609492201067,98.38609492201067,,,2704.0,0.0,1.0,1.0
d24e544f-ff88-4408-854f-3b3fca766761,math:Orz57K,959,2026-04-23T07:26:11.630491Z,2026-04-23T07:27:50.229970Z,98.599479,1,True,True,True,1.0,1.0,0.010142041419914602,0.010142041419914602,0.0,,2088,364,2452,97.87114190700231,97.87114190700231,,,2452.0,0.0,1.0,1.0
9525628d-2a4a-43ab-b1a6-f33f179b38ba,math:Orz57K,960,2026-04-23T07:26:23.144240Z,2026-04-23T07:30:38.905679Z,255.761439,1,True,True,False,0.0,0.0,0.003909893547322433,0.0,0.0,,4447,712,5159,253.09782011299103,253.09782011299103,,,5159.0,0.0,1.0,1.0
c99facf8-a573-46e4-927d-221a7479c05b,math:Orz57K,961,2026-04-23T07:26:38.963887Z,2026-04-23T07:28:10.237471Z,91.273584,1,True,True,False,0.0,0.0,0.010956072460132605,0.0,0.0,,1981,381,2362,90.53436492799665,90.53436492799665,,,2362.0,0.0,1.0,1.0
90431ccc-e59a-4280-b95e-810672eef1e8,math:Orz57K,962,2026-04-23T07:26:53.051495Z,2026-04-23T07:28:28.275705Z,95.22421,1,True,True,False,0.0,0.0,0.010501531070722455,0.0,0.0,,1985,719,2704,94.40702262498962,94.40702262498962,,,2704.0,0.0,1.0,1.0
ca6991fe-a823-401e-89b6-00b43fe06c91,math:Orz57K,963,2026-04-23T07:26:54.873726Z,2026-04-23T07:28:43.208724Z,108.334998,1,True,True,False,0.0,0.0,0.009230627391528636,0.0,0.0,,2014,990,3004,107.58557132999704,107.58557132999704,,,3004.0,0.0,1.0,1.0
79965a2f-7453-42c4-970c-90a33b53d65d,math:Orz57K,960,2026-04-23T07:26:57.804402Z,2026-04-23T07:31:18.803733Z,260.999331,1,True,True,False,0.0,0.0,0.003831427445306364,0.0,0.0,,4447,709,5156,258.4640458729991,258.4640458729991,,,5156.0,0.0,1.0,1.0
bd40b8f7-f3d6-4580-8bd9-3460c4aeb950,math:Orz57K,961,2026-04-23T07:27:06.528298Z,2026-04-23T07:28:48.445307Z,101.917009,1,True,True,False,0.0,0.0,0.009811904899995644,0.0,0.0,,1981,381,2362,101.14492010300455,101.14492010300455,,,2362.0,0.0,1.0,1.0
e6f713b5-c745-4070-8461-9506fde977d8,math:Orz57K,962,2026-04-23T07:27:09.817215Z,2026-04-23T07:29:01.882952Z,112.065737,1,True,True,False,0.0,0.0,0.008923333989228127,0.0,0.0,,1985,719,2704,111.24209438600519,111.24209438600519,,,2704.0,0.0,1.0,1.0
227713de-94ec-42b3-9b09-3c304516d432,math:Orz57K,963,2026-04-23T07:27:18.497781Z,2026-04-23T07:29:08.969630Z,110.471849,1,True,True,False,0.0,0.0,0.009052079865160942,0.0,0.0,,2014,990,3004,109.70941887599474,109.70941887599474,,,3004.0,0.0,1.0,1.0
aa59e292-edd8-49b2-965f-d4c0f152d024,math:Orz57K,964,2026-04-23T07:27:20.773579Z,2026-04-23T07:29:20.853645Z,120.080066,1,True,True,False,0.0,0.0,0.008327776901788179,0.0,0.0,,2015,486,2501,119.32905274099903,119.32905274099903,,,2501.0,0.0,1.0,1.0
31cb56fd-d4b5-4f83-aba3-827e1db1f6c6,math:Orz57K,961,2026-04-23T07:27:21.090550Z,2026-04-23T07:29:23.059820Z,121.96927,1,True,True,False,0.0,0.0,0.008198786464820196,0.0,0.0,,1981,381,2362,121.22668948399951,121.22668948399951,,,2362.0,0.0,1.0,1.0
0b297038-4f16-4f6b-8575-a37d1a952264,math:Orz57K,962,2026-04-23T07:27:22.904963Z,2026-04-23T07:29:27.368200Z,124.463237,1,True,True,False,0.0,0.0,0.008034500982808281,0.0,0.0,,1985,719,2704,123.65052648099663,123.65052648099663,,,2704.0,0.0,1.0,1.0
c387cfcf-c9f0-42f0-a16d-78772b739bde,math:Orz57K,963,2026-04-23T07:27:23.049189Z,2026-04-23T07:29:33.234042Z,130.184853,1,True,True,False,0.0,0.0,0.0076813851762001836,0.0,0.0,,2014,990,3004,129.42942412599223,129.42942412599223,,,3004.0,0.0,1.0,1.0
6d97ae63-de4d-44fe-a867-00253a6c9c59,math:Orz57K,964,2026-04-23T07:27:29.480686Z,2026-04-23T07:29:41.606633Z,132.125947,1,True,True,False,0.0,0.0,0.007568536102904905,0.0,0.0,,2015,694,2709,131.3812900660123,131.3812900660123,,,2709.0,0.0,1.0,1.0
9b99b563-50c9-436b-a411-6777b7b6d33e,math:Orz57K,965,2026-04-23T07:27:29.832185Z,2026-04-23T07:29:43.111994Z,133.279809,1,True,True,False,0.0,0.0,0.007503011952845761,0.0,0.0,,1953,252,2205,132.51662825400126,132.51662825400126,,,2205.0,0.0,1.0,1.0
567985a5-4605-4b15-ac4c-f74f47ce9a20,math:Orz57K,962,2026-04-23T07:27:39.303227Z,2026-04-23T07:29:52.943015Z,133.639788,1,True,True,False,0.0,0.0,0.0074828014543094,0.0,0.0,,1985,719,2704,132.79758084000787,132.79758084000787,,,2704.0,0.0,1.0,1.0
b94ff1f5-eb63-41fd-a8c0-67635c42fe40,math:Orz57K,963,2026-04-23T07:27:43.638801Z,2026-04-23T07:29:56.671538Z,133.032737,1,True,True,False,0.0,0.0,0.007516946749731234,0.0,0.0,,2014,644,2658,132.2870328400022,132.2870328400022,,,2658.0,0.0,1.0,1.0
c3b3f70b-1040-4d6f-b6bb-fc29742df362,math:Orz57K,964,2026-04-23T07:27:43.920527Z,2026-04-23T07:30:22.186043Z,158.265516,1,True,True,False,0.0,0.0,0.006318495811810325,0.0,0.0,,2015,4096,6111,157.52853978700296,157.52853978700296,,,6111.0,0.0,1.0,1.0
83ad3775-5a05-47b7-b276-e9f2bc7312ca,math:Orz57K,965,2026-04-23T07:27:50.253765Z,2026-04-23T07:30:28.048581Z,157.794816,1,True,True,False,0.0,0.0,0.006337343807289588,0.0,0.0,,1953,252,2205,157.0196787169989,157.0196787169989,,,2205.0,0.0,1.0,1.0
555c305c-ba9e-48fe-8c37-9e25303a0a96,math:Orz57K,966,2026-04-23T07:28:07.989978Z,2026-04-23T07:34:45.704292Z,397.714314,1,True,True,False,0.0,0.0,0.0025143676372683934,0.0,0.0,,6488,255,6743,393.33127845100535,393.33127845100535,,,6743.0,0.0,1.0,1.0
33355ac5-1575-4835-bf7c-e98881562621,math:Orz57K,963,2026-04-23T07:28:10.261403Z,2026-04-23T07:30:47.729841Z,157.468438,1,True,True,False,0.0,0.0,0.006350478944866399,0.0,0.0,,2014,644,2658,156.7279676689941,156.7279676689941,,,2658.0,0.0,1.0,1.0
0a825c7f-da85-4c4d-8988-174e45ca4431,math:Orz57K,964,2026-04-23T07:28:23.887459Z,2026-04-23T07:31:01.438592Z,157.551133,1,True,True,False,0.0,0.0,0.006347145723160239,0.0,0.0,,2015,694,2709,156.78236666700104,156.78236666700104,,,2709.0,0.0,1.0,1.0
f4f511f7-3729-4cae-b1f8-7ac1970a0be2,math:Orz57K,965,2026-04-23T07:28:28.299073Z,2026-04-23T07:31:07.260323Z,158.96125,1,True,True,False,0.0,0.0,0.006290841321391219,0.0,0.0,,1953,252,2205,158.20215110300342,158.20215110300342,,,2205.0,0.0,1.0,1.0
9c618ba0-9faa-4be5-9c92-23e492aa1172,math:Orz57K,966,2026-04-23T07:28:43.234479Z,2026-04-23T07:34:58.976767Z,375.742288,1,True,True,False,0.0,0.0,0.002661398602012026,0.0,0.0,,6488,255,6743,371.24280434100365,371.24280434100365,,,6743.0,0.0,1.0,1.0
efdb85e2-c751-4599-b96e-a3746b181785,math:Orz57K,967,2026-04-23T07:28:48.470484Z,2026-04-23T07:31:21.187388Z,152.716904,1,True,True,True,1.0,1.0,0.006548063598774894,0.006548063598774894,0.0,,1959,411,2370,151.9765314660035,151.9765314660035,,,2370.0,0.0,1.0,1.0
59fa5f6a-a541-4324-a937-2d69500c4a71,math:Orz57K,964,2026-04-23T07:29:01.907591Z,2026-04-23T07:31:34.982233Z,153.074642,1,True,True,False,0.0,0.0,0.006532760664565199,0.0,0.0,,2015,694,2709,152.2936583499977,152.2936583499977,,,2709.0,0.0,1.0,1.0
038c1a73-6915-4ac8-8c83-45c909affd39,math:Orz57K,965,2026-04-23T07:29:03.132724Z,2026-04-23T07:31:36.469161Z,153.336437,1,True,True,False,0.0,0.0,0.006521607124600137,0.0,0.0,,1953,252,2205,152.55196222200175,152.55196222200175,,,2205.0,0.0,1.0,1.0
6196ad95-3dae-418c-b2d0-de12874cbe2b,math:Orz57K,966,2026-04-23T07:29:08.993563Z,2026-04-23T07:35:10.469740Z,361.476177,1,True,True,False,0.0,0.0,0.0027664340380583363,0.0,0.0,,6762,437,7199,356.9038821760041,356.9038821760041,,,7199.0,0.0,1.0,1.0
4c5a52b2-7c87-4eb3-8752-b14805109e3a,math:Orz57K,967,2026-04-23T07:29:20.878807Z,2026-04-23T07:31:50.077920Z,149.199113,1,True,True,False,0.0,0.0,0.006702452714983633,0.0,0.0,,1959,491,2450,148.3575868600019,148.3575868600019,,,2450.0,0.0,1.0,1.0
8340b850-657e-4a2e-b7b8-dde8365fe3b8,math:Orz57K,968,2026-04-23T07:29:23.083958Z,2026-04-23T07:31:54.625573Z,151.541615,1,True,True,True,1.0,1.0,0.006598847451902898,0.006598847451902898,0.0,,1983,799,2782,150.81198530900292,150.81198530900292,,,2782.0,0.0,1.0,1.0
74b8b91b-46ce-4459-96d3-1c6ad036202d,math:Orz57K,965,2026-04-23T07:29:27.392770Z,2026-04-23T07:31:56.279461Z,148.886691,1,True,True,False,0.0,0.0,0.006716517059271603,0.0,0.0,,1953,279,2232,148.1635343389935,148.1635343389935,,,2232.0,0.0,1.0,1.0
578a3c69-9eec-4b23-8915-ce75d821b65d,math:Orz57K,966,2026-04-23T07:29:33.257059Z,2026-04-23T07:35:19.531758Z,346.274699,1,True,True,False,0.0,0.0,0.002887880641836902,0.0,0.0,,6488,255,6743,341.8760984679975,341.8760984679975,,,6743.0,0.0,1.0,1.0
7a43227e-452a-45cc-b154-22707fe56fde,math:Orz57K,967,2026-04-23T07:29:37.512367Z,2026-04-23T07:31:59.532666Z,142.020299,1,True,True,True,1.0,1.0,0.0070412469699137874,0.0070412469699137874,0.0,,1959,435,2394,141.3028356260038,141.3028356260038,,,2394.0,0.0,1.0,1.0
00cb114e-70fa-4a6f-bd7b-54bab7272e93,math:Orz57K,968,2026-04-23T07:29:41.631193Z,2026-04-23T07:32:04.256725Z,142.625532,1,True,True,True,1.0,1.0,0.007011367361630595,0.007011367361630595,0.0,,1983,799,2782,141.91668436600594,141.91668436600594,,,2782.0,0.0,1.0,1.0
631cd5bc-106c-400a-b6a4-4f77cc8a3a95,math:Orz57K,969,2026-04-23T07:29:43.136435Z,2026-04-23T07:34:18.767638Z,275.631203,1,True,True,True,1.0,1.0,0.003628036264094526,0.003628036264094526,0.0,,4128,243,4371,273.06737971899565,273.06737971899565,,,4371.0,0.0,1.0,1.0
dca9cd66-fa89-41a3-aa3b-217a6e59ce83,math:Orz57K,966,2026-04-23T07:29:44.443836Z,2026-04-23T07:35:28.520319Z,344.076483,1,True,True,False,0.0,0.0,0.002906330567207059,0.0,0.0,,6488,255,6743,339.56001711999124,339.56001711999124,,,6743.0,0.0,1.0,1.0
13355c1c-b7cf-4d7f-b6dc-b890962ed008,math:Orz57K,967,2026-04-23T07:29:48.645167Z,2026-04-23T07:32:08.647478Z,140.002311,1,True,True,True,1.0,1.0,0.007142739236640173,0.007142739236640173,0.0,,1959,435,2394,139.27392221000628,139.27392221000628,,,2394.0,0.0,1.0,1.0
54b484ea-e74d-4c9e-8872-c81cf20c5238,math:Orz57K,968,2026-04-23T07:29:52.968224Z,2026-04-23T07:32:13.321599Z,140.353375,1,True,True,True,1.0,1.0,0.0071248731995222775,0.0071248731995222775,0.0,,1983,799,2782,139.63497661000292,139.63497661000292,,,2782.0,0.0,1.0,1.0
8ad01498-f1b0-4422-9aac-a1565a1ade40,math:Orz57K,969,2026-04-23T07:29:56.696802Z,2026-04-23T07:34:28.975106Z,272.278304,1,True,True,True,1.0,1.0,0.0036727127549611885,0.0036727127549611885,0.0,,4128,243,4371,269.7804923510121,269.7804923510121,,,4371.0,0.0,1.0,1.0
8896eea6-0e87-47b0-aaba-e03b73e57228,math:Orz57K,970,2026-04-23T07:30:22.209313Z,2026-04-23T07:32:17.737367Z,115.528054,1,True,True,True,1.0,1.0,0.008655906209586115,0.008655906209586115,0.0,,1958,572,2530,114.81035093500395,114.81035093500395,,,2530.0,0.0,1.0,1.0
4e3ba634-9a78-45d9-897b-7e22056429b5,math:Orz57K,967,2026-04-23T07:30:26.509721Z,2026-04-23T07:32:20.331848Z,113.822127,1,True,True,True,1.0,1.0,0.008785637962994666,0.008785637962994666,0.0,,1959,435,2394,113.05463034998684,113.05463034998684,,,2394.0,0.0,1.0,1.0
c4b69c62-a999-4389-abaf-51bee7613ff3,math:Orz57K,968,2026-04-23T07:30:28.075177Z,2026-04-23T07:32:24.949012Z,116.873835,1,True,True,True,1.0,1.0,0.00855623502043892,0.00855623502043892,0.0,,1983,799,2782,116.16399886200088,116.16399886200088,,,2782.0,0.0,1.0,1.0
efa47ec6-3faf-485f-a06c-2a5b3744d5c7,math:Orz57K,969,2026-04-23T07:30:37.637336Z,2026-04-23T07:34:42.192310Z,244.554974,1,True,True,True,1.0,1.0,0.004089060155447912,0.004089060155447912,0.0,,4128,243,4371,242.06884693900065,242.06884693900065,,,4371.0,0.0,1.0,1.0
00446e96-2faf-44ee-8a95-0078270584c0,math:Orz57K,970,2026-04-23T07:30:38.929496Z,2026-04-23T07:32:29.445840Z,110.516344,1,True,True,True,1.0,1.0,0.009048435406078942,0.009048435406078942,0.0,,1958,572,2530,109.79007555700082,109.79007555700082,,,2530.0,0.0,1.0,1.0
f2440400-4617-46d5-95f3-ba251f0b3714,math:Orz57K,971,2026-04-23T07:30:43.176394Z,2026-04-23T07:32:39.375031Z,116.198637,1,True,True,False,0.0,0.0,0.008605952925248168,0.0,0.0,,1964,1659,3623,115.4383955020021,115.4383955020021,,,3623.0,0.0,1.0,1.0
1e389ad0-0bfb-4ca9-a6df-5fd61ccc2a62,math:Orz57K,968,2026-04-23T07:30:47.754554Z,2026-04-23T07:32:44.790133Z,117.035579,1,True,True,True,1.0,1.0,0.008544410242974062,0.008544410242974062,0.0,,1983,799,2782,116.28310367400991,116.28310367400991,,,2782.0,0.0,1.0,1.0
eb152009-f07f-4698-a21b-2dc75a820757,math:Orz57K,969,2026-04-23T07:30:57.345490Z,2026-04-23T07:34:48.633738Z,231.288248,1,True,True,True,1.0,1.0,0.004323609213382947,0.004323609213382947,0.0,,4128,243,4371,228.80371140500938,228.80371140500938,,,4371.0,0.0,1.0,1.0
43c84347-7bef-425d-bbd7-d1c1ed685b7a,math:Orz57K,970,2026-04-23T07:31:01.462990Z,2026-04-23T07:32:49.283990Z,107.821,1,True,True,True,1.0,1.0,0.009274631101547937,0.009274631101547937,0.0,,1958,572,2530,107.06267072100309,107.06267072100309,,,2530.0,0.0,1.0,1.0
9b221463-7d94-4f6d-ac42-58f4d1ce33b2,math:Orz57K,971,2026-04-23T07:31:05.724137Z,2026-04-23T07:32:59.180048Z,113.455911,1,True,True,False,0.0,0.0,0.008813996478332451,0.0,0.0,,1964,1659,3623,112.68136478999804,112.68136478999804,,,3623.0,0.0,1.0,1.0
184e4549-63f4-4b5a-a6f0-ba5b2df3b613,math:Orz57K,972,2026-04-23T07:31:07.285567Z,2026-04-23T07:33:05.015926Z,117.730359,1,True,True,True,1.0,1.0,0.008493985820598746,0.008493985820598746,0.0,,2012,981,2993,116.98274727800163,116.98274727800163,,,2993.0,0.0,1.0,1.0
fffe6654-8b06-48de-8c76-834d4b0a2104,math:Orz57K,969,2026-04-23T07:31:16.865576Z,2026-04-23T07:34:58.629863Z,221.764287,1,True,True,True,1.0,1.0,0.00450929233704794,0.00450929233704794,0.0,,4128,243,4371,219.30204210299416,219.30204210299416,,,4371.0,0.0,1.0,1.0
f86cb508-7377-49a5-a813-3525202ec28a,math:Orz57K,970,2026-04-23T07:31:18.827264Z,2026-04-23T07:33:10.243216Z,111.415952,1,True,True,True,1.0,1.0,0.008975375447135253,0.008975375447135253,0.0,,1958,572,2530,110.67673129899777,110.67673129899777,,,2530.0,0.0,1.0,1.0
58d51f22-a3a5-4f2f-a859-54a63bc05c1e,math:Orz57K,971,2026-04-23T07:31:21.212139Z,2026-04-23T07:33:20.122033Z,118.909894,1,True,True,False,0.0,0.0,0.008409729134902769,0.0,0.0,,1964,1659,3623,118.16697535499407,118.16697535499407,,,3623.0,0.0,1.0,1.0
291651bc-e1ac-4849-b99b-cfb44cd91ffd,math:Orz57K,972,2026-04-23T07:31:30.845990Z,2026-04-23T07:33:25.876412Z,115.030422,1,True,True,True,1.0,1.0,0.00869335244201747,0.00869335244201747,0.0,,2012,981,2993,114.3104703840072,114.3104703840072,,,2993.0,0.0,1.0,1.0
0b142966-3b10-4362-bb2e-953936de34ae,math:Orz57K,973,2026-04-23T07:31:35.006063Z,2026-04-23T07:33:32.349376Z,117.343313,1,True,True,True,1.0,1.0,0.008522002442525208,0.008522002442525208,0.0,,1959,1083,3042,116.59781245999329,116.59781245999329,,,3042.0,0.0,1.0,1.0
f43940fc-f04b-4b61-a5d5-6374e5913e47,math:Orz57K,970,2026-04-23T07:31:36.494731Z,2026-04-23T07:33:35.726571Z,119.23184,1,True,True,True,1.0,1.0,0.008387021453329915,0.008387021453329915,0.0,,1958,572,2530,118.51004026499868,118.51004026499868,,,2530.0,0.0,1.0,1.0
ea3ce6c6-17db-4d74-b0b8-c61c4adbdb0f,math:Orz57K,971,2026-04-23T07:31:47.155695Z,2026-04-23T07:33:46.980826Z,119.825131,1,True,True,False,0.0,0.0,0.008345494735991568,0.0,0.0,,1964,1659,3623,119.03440390600008,119.03440390600008,,,3623.0,0.0,1.0,1.0
3c2fef85-8e21-491c-849f-ab7171e368cd,math:Orz57K,972,2026-04-23T07:31:50.104295Z,2026-04-23T07:33:52.675775Z,122.57148,1,True,True,True,1.0,1.0,0.008158504735359319,0.008158504735359319,0.0,,2012,981,2993,121.83956593900803,121.83956593900803,,,2993.0,0.0,1.0,1.0
e6c89d68-2bf6-4721-b4d4-86cf438d9a00,math:Orz57K,973,2026-04-23T07:31:54.650024Z,2026-04-23T07:33:59.138872Z,124.488848,1,True,True,True,1.0,1.0,0.008032848050774796,0.008032848050774796,0.0,,1959,1083,3042,123.72613999999885,123.72613999999885,,,3042.0,0.0,1.0,1.0
c5895031-1279-4176-96f1-a5c2f00d95c1,math:Orz57K,974,2026-04-23T07:31:56.303599Z,2026-04-23T07:34:01.895350Z,125.591751,1,True,True,True,1.0,1.0,0.00796230637790853,0.00796230637790853,0.0,,1973,457,2430,124.84212016500533,124.84212016500533,,,2430.0,0.0,1.0,1.0
f94eb4d6-6688-4da3-970e-fb258d0ccccb,math:Orz57K,971,2026-04-23T07:31:59.556928Z,2026-04-23T07:34:12.639780Z,133.082852,1,True,True,False,0.0,0.0,0.007514116093634663,0.0,0.0,,1964,1659,3623,132.328959956998,132.328959956998,,,3623.0,0.0,1.0,1.0
00fbcedf-7330-426a-83d4-460e3178709e,math:Orz57K,972,2026-04-23T07:32:04.280499Z,2026-04-23T07:34:18.439443Z,134.158944,1,True,True,True,1.0,1.0,0.007453845194249592,0.007453845194249592,0.0,,2012,981,2993,133.40955976799887,133.40955976799887,,,2993.0,0.0,1.0,1.0
f3840bef-500c-41fe-bc6d-687e940f0176,math:Orz57K,973,2026-04-23T07:32:08.672776Z,2026-04-23T07:34:25.913022Z,137.240246,1,True,True,True,1.0,1.0,0.007286492331119837,0.007286492331119837,0.0,,1959,1083,3042,136.50367906600877,136.50367906600877,,,3042.0,0.0,1.0,1.0
1a8bcb34-6bf0-47fa-ab77-87a152cacabe,math:Orz57K,974,2026-04-23T07:32:13.344681Z,2026-04-23T07:34:28.605871Z,135.26119,1,True,True,True,1.0,1.0,0.007393103668539364,0.007393103668539364,0.0,,1973,457,2430,134.54147699600435,134.54147699600435,,,2430.0,0.0,1.0,1.0
d42ac053-835f-405d-a053-4b8721a6c34e,math:Orz57K,975,2026-04-23T07:32:17.761745Z,2026-04-23T07:35:46.656673Z,208.894928,1,True,True,False,0.0,0.0,0.004787095644562514,0.0,0.0,,4093,611,4704,193.10835720000614,193.10835720000614,,,4704.0,0.0,1.0,1.0
8efc53dd-4098-4b3f-b483-83d136e24127,math:Orz57K,972,2026-04-23T07:32:20.357231Z,2026-04-23T07:34:35.486268Z,135.129037,1,True,True,True,1.0,1.0,0.007400333948949847,0.007400333948949847,0.0,,2012,981,2993,134.35762574200635,134.35762574200635,,,2993.0,0.0,1.0,1.0
79ea5539-82ad-43ef-b02f-3dd93d652fc6,math:Orz57K,973,2026-04-23T07:32:24.973921Z,2026-04-23T07:34:41.843210Z,136.869289,1,True,True,True,1.0,1.0,0.007306240920123432,0.007306240920123432,0.0,,1959,1083,3042,136.1045270409959,136.1045270409959,,,3042.0,0.0,1.0,1.0
e3a5677f-4c45-4dff-a86d-3e74d2dbc7f4,math:Orz57K,974,2026-04-23T07:32:29.471764Z,2026-04-23T07:34:44.813280Z,135.341516,1,True,True,True,1.0,1.0,0.007388715817251521,0.007388715817251521,0.0,,1973,457,2430,134.6297312509996,134.6297312509996,,,2430.0,0.0,1.0,1.0
1bad203a-2691-4acc-a08f-650546f482dd,math:Orz57K,975,2026-04-23T07:32:39.401078Z,2026-04-23T07:36:12.229621Z,212.828543,1,True,True,False,0.0,0.0,0.004698617891680064,0.0,0.0,,4093,611,4704,197.017881673004,197.017881673004,,,4704.0,0.0,1.0,1.0
358acb02-7f23-49bd-8fa2-2444537dfd0f,math:Orz57K,976,2026-04-23T07:32:44.813705Z,2026-04-23T07:34:48.264527Z,123.450822,1,True,True,True,1.0,1.0,0.008100391587510044,0.008100391587510044,0.0,,1948,461,2409,122.72706569700676,122.72706569700676,,,2409.0,0.0,1.0,1.0
0e13c21e-b093-4e82-9cd4-386cc830cd37,math:Orz57K,973,2026-04-23T07:32:49.309086Z,2026-04-23T07:34:54.948092Z,125.639006,1,True,True,True,1.0,1.0,0.007959311616967106,0.007959311616967106,0.0,,1959,1083,3042,124.93134438400739,124.93134438400739,,,3042.0,0.0,1.0,1.0
5b49a177-2ef3-4791-9090-8fce78e652fd,math:Orz57K,974,2026-04-23T07:32:59.205644Z,2026-04-23T07:34:57.661135Z,118.455491,1,True,True,True,1.0,1.0,0.008441989405117574,0.008441989405117574,0.0,,1973,457,2430,117.74104091599293,117.74104091599293,,,2430.0,0.0,1.0,1.0
4699c57b-4a96-4a10-812f-cd13b9a6a89b,math:Orz57K,975,2026-04-23T07:33:05.041661Z,2026-04-23T07:36:33.154726Z,208.113065,1,True,True,False,0.0,0.0,0.004805080353797105,0.0,0.0,,4093,611,4704,192.29396890899807,192.29396890899807,,,4704.0,0.0,1.0,1.0
b74efbd8-e743-41e5-a1e1-bf3154bedaa3,math:Orz57K,976,2026-04-23T07:33:10.266075Z,2026-04-23T07:35:01.562106Z,111.296031,1,True,True,True,1.0,1.0,0.008985046376002392,0.008985046376002392,0.0,,1948,461,2409,110.55286709799839,110.55286709799839,,,2409.0,0.0,1.0,1.0
37af1d00-a4dd-4b67-b499-8df7130093bf,math:Orz57K,977,2026-04-23T07:33:20.146097Z,2026-04-23T07:35:04.188698Z,104.042601,1,True,True,False,0.0,0.0,0.009611447526191698,0.0,0.0,,1976,419,2395,103.17304222298844,103.17304222298844,,,2395.0,0.0,1.0,1.0
c2c279f7-fcf4-4d8f-a373-091466262910,math:Orz57K,974,2026-04-23T07:33:25.910246Z,2026-04-23T07:35:06.797861Z,100.887615,1,True,True,True,1.0,1.0,0.009912019428747523,0.009912019428747523,0.0,,1973,457,2430,100.1427430180047,100.1427430180047,,,2430.0,0.0,1.0,1.0
3ce10680-950d-4478-b979-b032d261f829,math:Orz57K,975,2026-04-23T07:33:32.374324Z,2026-04-23T07:36:49.167504Z,196.79318,1,True,True,False,0.0,0.0,0.005081476908905075,0.0,0.0,,4093,611,4704,181.01148815000488,181.01148815000488,,,4704.0,0.0,1.0,1.0
f862e793-d4bd-4038-a08f-b8ec3b99bfef,math:Orz57K,976,2026-04-23T07:33:35.750098Z,2026-04-23T07:35:10.144738Z,94.39464,1,True,True,True,1.0,1.0,0.010593821852596715,0.010593821852596715,0.0,,1948,461,2409,93.57915587100433,93.57915587100433,,,2409.0,0.0,1.0,1.0
b2b30ec0-12b0-4b13-a0fb-9b3927f00d7d,math:Orz57K,977,2026-04-23T07:33:47.006467Z,2026-04-23T07:35:12.829391Z,85.822924,1,True,True,False,0.0,0.0,0.011651898506743955,0.0,0.0,,1976,419,2395,84.96879273100058,84.96879273100058,,,2395.0,0.0,1.0,1.0
70ef2a95-af4c-487f-96ec-498f89f0f4e5,math:Orz57K,978,2026-04-23T07:33:52.699813Z,2026-04-23T07:35:15.994623Z,83.29481,1,True,True,False,0.0,0.0,0.012005549925619616,0.0,0.0,,1982,549,2531,82.49875996100309,82.49875996100309,,,2531.0,0.0,1.0,1.0
e7bb34a1-0d17-4c03-bcf0-e760d33efe23,math:Orz57K,975,2026-04-23T07:33:59.162740Z,2026-04-23T07:37:07.407832Z,188.245092,1,True,True,False,0.0,0.0,0.005312223492126955,0.0,0.0,,4093,611,4704,172.4190978000115,172.4190978000115,,,4704.0,0.0,1.0,1.0
ddf711c6-5ce2-4bca-a360-f43ba2206ea5,math:Orz57K,976,2026-04-23T07:34:01.919766Z,2026-04-23T07:35:19.231565Z,77.311799,1,True,True,True,1.0,1.0,0.012934636277187135,0.012934636277187135,0.0,,1948,461,2409,76.53313406200323,76.53313406200323,,,2409.0,0.0,1.0,1.0
da9a6e01-9c28-484c-884c-d40067d8a54e,math:Orz57K,977,2026-04-23T07:34:12.665062Z,2026-04-23T07:35:21.943029Z,69.277967,1,True,True,False,0.0,0.0,0.014434603717513823,0.0,0.0,,1976,419,2395,68.42226079601096,68.42226079601096,,,2395.0,0.0,1.0,1.0
f7c9dcff-662f-4744-86bf-c4a52be6040c,math:Orz57K,978,2026-04-23T07:34:18.465532Z,2026-04-23T07:35:25.057867Z,66.592335,1,True,True,False,0.0,0.0,0.015016743293353505,0.0,0.0,,1982,549,2531,65.79313765700499,65.79313765700499,,,2531.0,0.0,1.0,1.0
4d3f4f94-450b-4a83-9a2d-a5ee52e71072,math:Orz57K,979,2026-04-23T07:34:18.790138Z,2026-04-23T07:35:28.217695Z,69.427557,1,True,True,True,1.0,1.0,0.014403502632247309,0.014403502632247309,0.0,,1949,542,2491,68.70069598199916,68.70069598199916,,,2491.0,0.0,1.0,1.0
bc6236d8-b196-456d-afe1-c6d8b4bd8584,math:Orz57K,976,2026-04-23T07:34:25.937745Z,2026-04-23T07:35:31.166509Z,65.228764,1,True,True,True,1.0,1.0,0.015330659952409953,0.015330659952409953,0.0,,1948,461,2409,64.4653678140021,64.4653678140021,,,2409.0,0.0,1.0,1.0
f48834b7-7e96-4d8a-8581-02315482b226,math:Orz57K,977,2026-04-23T07:34:28.631450Z,2026-04-23T07:35:33.787518Z,65.156068,1,True,True,False,0.0,0.0,0.015347764693228572,0.0,0.0,,1976,419,2395,64.2581220639986,64.2581220639986,,,2395.0,0.0,1.0,1.0
212e7ca5-b310-45d7-80a7-99f625052468,math:Orz57K,978,2026-04-23T07:34:28.998269Z,2026-04-23T07:35:36.970243Z,67.971974,1,True,True,False,0.0,0.0,0.014711945838147939,0.0,0.0,,1982,549,2531,67.15562598100223,67.15562598100223,,,2531.0,0.0,1.0,1.0
1e68152d-31ec-49e7-9ed4-8b4d638ced96,math:Orz57K,979,2026-04-23T07:34:35.508554Z,2026-04-23T07:35:40.029849Z,64.521295,1,True,True,True,1.0,1.0,0.015498758975621925,0.015498758975621925,0.0,,1949,542,2491,63.80724660900887,63.80724660900887,,,2491.0,0.0,1.0,1.0
5cdd064a-853d-49a8-9d2d-e62164191472,math:Orz57K,980,2026-04-23T07:34:41.866921Z,2026-04-23T07:37:26.143229Z,164.276308,1,True,True,True,1.0,1.0,0.0060873050543599995,0.0060873050543599995,0.0,,4845,599,5444,161.80722017399967,161.80722017399967,,,5444.0,0.0,1.0,1.0
f51ecff6-da9e-4da3-84d3-d261158cf6f0,math:Orz57K,977,2026-04-23T07:34:42.215649Z,2026-04-23T07:35:43.688108Z,61.472459,1,True,True,False,0.0,0.0,0.01626744750848506,0.0,0.0,,1976,419,2395,60.61620740700164,60.61620740700164,,,2395.0,0.0,1.0,1.0
235c2ed2-846f-4292-92d4-ea2cf5739025,math:Orz57K,978,2026-04-23T07:34:44.839709Z,2026-04-23T07:35:49.910267Z,65.070558,1,True,True,False,0.0,0.0,0.01536793337472225,0.0,0.0,,1982,549,2531,64.26540818800277,64.26540818800277,,,2531.0,0.0,1.0,1.0
a83c57dd-81e8-4013-bc3a-6c207d9fab1f,math:Orz57K,979,2026-04-23T07:34:45.730317Z,2026-04-23T07:35:53.032491Z,67.302174,1,True,True,True,1.0,1.0,0.014858361038976246,0.014858361038976246,0.0,,1949,542,2491,66.54676974100585,66.54676974100585,,,2491.0,0.0,1.0,1.0
ff0da31b-5c8e-4abd-b45e-46065931803f,math:Orz57K,980,2026-04-23T07:34:48.294083Z,2026-04-23T07:37:41.632854Z,173.338771,1,True,True,True,1.0,1.0,0.00576904978748234,0.00576904978748234,0.0,,4845,599,5444,170.78906973100675,170.78906973100675,,,5444.0,0.0,1.0,1.0
2ee20f0b-226d-42a1-9ee3-cd2f4b2ebf1c,math:Orz57K,981,2026-04-23T07:34:48.656408Z,2026-04-23T07:35:57.761567Z,69.105159,1,True,True,True,1.0,1.0,0.014470699647764358,0.014470699647764358,0.0,,2015,634,2649,68.38633619100437,68.38633619100437,,,2649.0,0.0,1.0,1.0
e5fa9494-cb58-4344-935b-537f59d1bf54,math:Orz57K,978,2026-04-23T07:34:54.971818Z,2026-04-23T07:36:01.120564Z,66.148746,1,True,True,False,0.0,0.0,0.015117444554428892,0.0,0.0,,1982,549,2531,65.33019925899862,65.33019925899862,,,2531.0,0.0,1.0,1.0
bf8f448c-8f99-43bc-b9ef-f1ac680b0d37,math:Orz57K,979,2026-04-23T07:34:57.682582Z,2026-04-23T07:36:04.268527Z,66.585945,1,True,True,True,1.0,1.0,0.015018184393117797,0.015018184393117797,0.0,,1949,542,2491,65.86531530600041,65.86531530600041,,,2491.0,0.0,1.0,1.0
b805ee29-5eda-4222-8da4-aaba9eb234ba,math:Orz57K,980,2026-04-23T07:34:58.654980Z,2026-04-23T07:37:55.343839Z,176.688859,1,True,True,True,1.0,1.0,0.005659666408282143,0.005659666408282143,0.0,,4845,599,5444,174.14675857701513,174.14675857701513,,,5444.0,0.0,1.0,1.0
94ae9f28-0fb3-442b-8d4b-281eee0cd2d5,math:Orz57K,981,2026-04-23T07:34:59.008250Z,2026-04-23T07:36:09.111544Z,70.103294,1,True,True,True,1.0,1.0,0.014264664938569076,0.014264664938569076,0.0,,2015,634,2649,69.35126024199417,69.35126024199417,,,2649.0,0.0,1.0,1.0
8f2d5c16-65d6-4beb-bf9f-47b2a01e4659,math:Orz57K,982,2026-04-23T07:35:01.584916Z,2026-04-23T07:36:17.206495Z,75.621579,1,True,True,False,0.0,0.0,0.01322373868971977,0.0,0.0,,2051,859,2910,74.90890150298947,74.90890150298947,,,2910.0,0.0,1.0,1.0
e7377c5b-c4a8-4255-98e9-60167ed08307,math:Orz57K,979,2026-04-23T07:35:04.212469Z,2026-04-23T07:36:20.384523Z,76.172054,1,True,True,True,1.0,1.0,0.013128174277668814,0.013128174277668814,0.0,,1949,542,2491,75.44836600299459,75.44836600299459,,,2491.0,0.0,1.0,1.0
476445ac-99e3-4dba-b8cc-16be2cce6371,math:Orz57K,980,2026-04-23T07:35:06.822128Z,2026-04-23T07:38:54.679189Z,227.857061,1,True,True,True,1.0,1.0,0.004388716310178336,0.004388716310178336,0.0,,4845,599,5444,225.3310975360073,225.3310975360073,,,5444.0,0.0,1.0,1.0
7b3decd3-152d-45af-99b7-491f306f4c92,math:Orz57K,981,2026-04-23T07:35:10.170043Z,2026-04-23T07:36:25.166379Z,74.996336,1,True,True,True,1.0,1.0,0.013333984742934641,0.013333984742934641,0.0,,2015,634,2649,74.23680633600452,74.23680633600452,,,2649.0,0.0,1.0,1.0
2b7235c5-f7cb-4316-b5db-63b4b35c08cf,math:Orz57K,982,2026-04-23T07:35:10.494835Z,2026-04-23T07:36:30.013027Z,79.518192,1,True,True,False,0.0,0.0,0.012575738643554673,0.0,0.0,,2051,808,2859,78.7620463570056,78.7620463570056,,,2859.0,0.0,1.0,1.0
894fdbe9-a6b2-4372-a6bd-6d536bd1abba,math:Orz57K,983,2026-04-23T07:35:12.852688Z,2026-04-23T07:36:36.602525Z,83.749837,1,True,True,False,0.0,0.0,0.011940321746536652,0.0,0.0,,2080,568,2648,82.92534476000583,82.92534476000583,,,2648.0,0.0,1.0,1.0
61111d86-79c9-43bc-a618-d241581383b7,math:Orz57K,980,2026-04-23T07:35:16.019803Z,2026-04-23T07:39:52.890186Z,276.870383,1,True,True,True,1.0,1.0,0.00361179837714892,0.00361179837714892,0.0,,4845,599,5444,274.3647654020024,274.3647654020024,,,5444.0,0.0,1.0,1.0
311a6319-42ab-4f8d-8f70-b7c9afec2f7f,math:Orz57K,981,2026-04-23T07:35:19.255169Z,2026-04-23T07:36:41.327465Z,82.072296,1,True,True,True,1.0,1.0,0.012184379489030015,0.012184379489030015,0.0,,2015,634,2649,81.33523456999683,81.33523456999683,,,2649.0,0.0,1.0,1.0
729fd2fa-9d20-4fcc-a910-ecc498ea668e,math:Orz57K,982,2026-04-23T07:35:19.553989Z,2026-04-23T07:36:46.100902Z,86.546913,1,True,True,False,0.0,0.0,0.011554427134795668,0.0,0.0,,2051,808,2859,85.7968456929957,85.7968456929957,,,2859.0,0.0,1.0,1.0
c2b338a2-7107-41a2-a551-01f0a0ae496d,math:Orz57K,983,2026-04-23T07:35:21.966584Z,2026-04-23T07:36:52.606854Z,90.64027,1,True,True,False,0.0,0.0,0.011032623799553994,0.0,0.0,,2080,568,2648,89.78384526699665,89.78384526699665,,,2648.0,0.0,1.0,1.0
28a47724-b8cb-426d-9b7b-f986bf7442cc,math:Orz57K,984,2026-04-23T07:35:25.082349Z,2026-04-23T07:36:55.633527Z,90.551178,1,True,True,True,1.0,1.0,0.011043478639228747,0.011043478639228747,0.0,,1971,549,2520,89.83296614199935,89.83296614199935,,,2520.0,0.0,1.0,1.0
86fd60dc-3f41-42e0-bee0-356efb255bd6,math:Orz57K,981,2026-04-23T07:35:28.243679Z,2026-04-23T07:36:59.434110Z,91.190431,1,True,True,True,1.0,1.0,0.01096606287561027,0.01096606287561027,0.0,,2015,634,2649,90.44039821899787,90.44039821899787,,,2649.0,0.0,1.0,1.0
ac7e2328-27ae-4ad0-b83d-ea14422a578d,math:Orz57K,982,2026-04-23T07:35:28.545974Z,2026-04-23T07:37:04.245921Z,95.699947,1,True,True,False,0.0,0.0,0.010449326581131754,0.0,0.0,,2051,808,2859,94.97247152900673,94.97247152900673,,,2859.0,0.0,1.0,1.0
bb787cf6-0689-468d-9c40-e98671503b62,math:Orz57K,983,2026-04-23T07:35:31.192361Z,2026-04-23T07:37:10.842996Z,99.650635,1,True,True,False,0.0,0.0,0.01003505898381882,0.0,0.0,,2080,568,2648,98.78153130300052,98.78153130300052,,,2648.0,0.0,1.0,1.0
da244726-d089-4b4e-b723-ee89e867ffa8,math:Orz57K,984,2026-04-23T07:35:33.812818Z,2026-04-23T07:37:13.939589Z,100.126771,1,True,True,True,1.0,1.0,0.009987338950539012,0.009987338950539012,0.0,,1971,549,2520,99.3941312070092,99.3941312070092,,,2520.0,0.0,1.0,1.0
45277835-9c22-4eb6-831a-bd2131c634ea,math:Orz57K,985,2026-04-23T07:35:36.994364Z,2026-04-23T07:37:18.591654Z,101.59729,1,True,True,False,0.0,0.0,0.00984278222381719,0.0,0.0,,1966,778,2744,100.75788744300371,100.75788744300371,,,2744.0,0.0,1.0,1.0
4fab4a98-7b50-478a-99de-e3678aac1393,math:Orz57K,982,2026-04-23T07:35:40.054662Z,2026-04-23T07:37:23.537606Z,103.482944,1,True,True,False,0.0,0.0,0.00966342820706763,0.0,0.0,,2051,859,2910,102.77514436599449,102.77514436599449,,,2910.0,0.0,1.0,1.0
214d2044-8715-4816-a214-311bf5ef907e,math:Orz57K,983,2026-04-23T07:35:43.712984Z,2026-04-23T07:37:29.671898Z,105.958914,1,True,True,False,0.0,0.0,0.00943762032140118,0.0,0.0,,2080,568,2648,105.09827724800562,105.09827724800562,,,2648.0,0.0,1.0,1.0
c5e31263-9a0e-475b-9fd3-5e29ea26754c,math:Orz57K,984,2026-04-23T07:35:46.682672Z,2026-04-23T07:37:32.826581Z,106.143909,1,True,True,True,1.0,1.0,0.009421171779155035,0.009421171779155035,0.0,,1971,549,2520,105.3974033419945,105.3974033419945,,,2520.0,0.0,1.0,1.0
0aa898db-09d7-4dfc-9e2c-e86a9e83da3d,math:Orz57K,985,2026-04-23T07:35:49.935991Z,2026-04-23T07:37:37.551380Z,107.615389,1,True,True,False,0.0,0.0,0.00929235130116939,0.0,0.0,,1966,778,2744,106.77783862299111,106.77783862299111,,,2744.0,0.0,1.0,1.0
1f0ece85-22cd-42e9-b265-1d3484beead1,math:Orz57K,986,2026-04-23T07:35:53.057422Z,2026-04-23T07:37:38.950396Z,105.892974,1,True,True,False,0.0,0.0,0.0094434971672436,0.0,0.0,,1956,257,2213,105.18030232100864,105.18030232100864,,,2213.0,0.0,1.0,1.0
9941a2a0-dcad-47a6-81c9-eeea36af8c83,math:Orz57K,983,2026-04-23T07:35:57.784579Z,2026-04-23T07:37:45.087082Z,107.302503,1,True,True,False,0.0,0.0,0.009319447096215454,0.0,0.0,,2080,568,2648,106.45592733300873,106.45592733300873,,,2648.0,0.0,1.0,1.0
81de40b6-a45a-4351-992d-425219d1d358,math:Orz57K,984,2026-04-23T07:36:01.145501Z,2026-04-23T07:37:48.188849Z,107.043348,1,True,True,True,1.0,1.0,0.009342009743566691,0.009342009743566691,0.0,,1971,549,2520,106.30766867300554,106.30766867300554,,,2520.0,0.0,1.0,1.0
7b5ad531-38cb-4eb1-93b6-d3a4763c44d6,math:Orz57K,985,2026-04-23T07:36:04.293043Z,2026-04-23T07:37:52.827820Z,108.534777,1,True,True,False,0.0,0.0,0.009213636657677013,0.0,0.0,,1966,778,2744,107.71762808899803,107.71762808899803,,,2744.0,0.0,1.0,1.0
f27ca80f-0b71-407b-a2bc-6e8dc91b3e5d,math:Orz57K,986,2026-04-23T07:36:09.136707Z,2026-04-23T07:38:20.140303Z,131.003596,1,True,True,False,0.0,0.0,0.007633378247113156,0.0,0.0,,1956,3974,5930,130.27742185800162,130.27742185800162,,,5930.0,0.0,1.0,1.0
fba25acd-2eb5-4588-8a5c-b42873fc7d71,math:Orz57K,987,2026-04-23T07:36:12.254561Z,2026-04-23T07:38:44.172540Z,151.917979,1,True,True,False,0.0,0.0,0.0065824993630279926,0.0,0.0,,2031,3857,5888,151.18977425900812,151.18977425900812,,,5888.0,0.0,1.0,1.0
147cdc40-56ed-4c03-a3dc-805f16cbbeb4,math:Orz57K,984,2026-04-23T07:36:17.230795Z,2026-04-23T07:38:47.407927Z,150.177132,1,True,True,True,1.0,1.0,0.006658803418885373,0.006658803418885373,0.0,,1971,549,2520,149.4518841370009,149.4518841370009,,,2520.0,0.0,1.0,1.0
7ad7ec98-edac-4518-bae9-cf265ba12808,math:Orz57K,985,2026-04-23T07:36:20.410016Z,2026-04-23T07:38:52.083567Z,151.673551,1,True,True,False,0.0,0.0,0.006593107324295453,0.0,0.0,,1966,778,2744,150.85344483400695,150.85344483400695,,,2744.0,0.0,1.0,1.0
716aa781-edff-4009-8e3b-16c7124ff27f,math:Orz57K,986,2026-04-23T07:36:25.191275Z,2026-04-23T07:39:19.489152Z,174.297877,1,True,True,False,0.0,0.0,0.005737304534122352,0.0,0.0,,1956,3974,5930,173.5344697089895,173.5344697089895,,,5930.0,0.0,1.0,1.0
e8c68d72-6d2e-4344-9e0b-d24805fa9d00,math:Orz57K,987,2026-04-23T07:36:30.038601Z,2026-04-23T07:39:43.468269Z,193.429668,1,True,True,False,0.0,0.0,0.005169837752086718,0.0,0.0,,2031,3857,5888,192.7133459530014,192.7133459530014,,,5888.0,0.0,1.0,1.0
25abc9ad-c6d9-4b2c-9a2d-fca2017a6039,math:Orz57K,988,2026-04-23T07:36:33.180609Z,2026-04-23T07:39:45.671775Z,192.491166,1,True,True,True,1.0,1.0,0.0051950436000787695,0.0051950436000787695,0.0,,1975,368,2343,191.73983806199976,191.73983806199976,,,2343.0,0.0,1.0,1.0
8bac11b4-50fa-46f6-9c92-e5ed95bd7a74,math:Orz57K,985,2026-04-23T07:36:36.630642Z,2026-04-23T07:39:50.313626Z,193.682984,1,True,True,False,0.0,0.0,0.005163076174001946,0.0,0.0,,1966,778,2744,192.86413027600793,192.86413027600793,,,2744.0,0.0,1.0,1.0
be506f1f-5680-431f-b86c-b94d1233afc2,math:Orz57K,986,2026-04-23T07:36:41.354500Z,2026-04-23T07:40:17.623754Z,216.269254,1,True,True,False,0.0,0.0,0.00462386576688335,0.0,0.0,,1956,3974,5930,215.54276354500325,215.54276354500325,,,5930.0,0.0,1.0,1.0
f6470421-1eb1-4ef0-80fc-e9834a7eb590,math:Orz57K,987,2026-04-23T07:36:46.125335Z,2026-04-23T07:40:41.675753Z,235.550418,1,True,True,False,0.0,0.0,0.004245375612112053,0.0,0.0,,2031,3857,5888,234.84459099899686,234.84459099899686,,,5888.0,0.0,1.0,1.0
5667eb36-610a-4504-89eb-dd5795c482db,math:Orz57K,988,2026-04-23T07:36:49.198997Z,2026-04-23T07:40:43.836976Z,234.637979,1,True,True,True,1.0,1.0,0.00426188464570776,0.00426188464570776,0.0,,1975,368,2343,233.92923357700056,233.92923357700056,,,2343.0,0.0,1.0,1.0
a9d0f5f1-1b0a-4f47-aa4d-33321d913c60,math:Orz57K,989,2026-04-23T07:36:52.633504Z,2026-04-23T07:40:46.267325Z,233.633821,1,True,True,False,0.0,0.0,0.00428020222294785,0.0,0.0,,1999,405,2404,232.88327156299783,232.88327156299783,,,2404.0,0.0,1.0,1.0
1505f58a-b2d8-4955-b81a-8a6027414025,math:Orz57K,986,2026-04-23T07:36:55.656540Z,2026-04-23T07:41:11.095253Z,255.438713,1,True,True,False,0.0,0.0,0.0039148333792301876,0.0,0.0,,1956,3974,5930,254.68715780699858,254.68715780699858,,,5930.0,0.0,1.0,1.0
8d10a951-78a4-4464-b2c4-07be7b5a74ac,math:Orz57K,987,2026-04-23T07:36:59.458235Z,2026-04-23T07:41:35.086847Z,275.628612,1,True,True,False,0.0,0.0,0.0036280703688338425,0.0,0.0,,2031,3857,5888,274.9100451020058,274.9100451020058,,,5888.0,0.0,1.0,1.0
240cc9f2-fc30-49d8-bcd1-7c78a3ae4901,math:Orz57K,988,2026-04-23T07:37:04.270846Z,2026-04-23T07:41:37.287776Z,273.01693,1,True,True,True,1.0,1.0,0.003662776517192542,0.003662776517192542,0.0,,1975,368,2343,272.27632407000056,272.27632407000056,,,2343.0,0.0,1.0,1.0
cbaf4765-1ffc-44b4-b601-79949d1cfba5,math:Orz57K,989,2026-04-23T07:37:07.433079Z,2026-04-23T07:41:39.692101Z,272.259022,1,True,True,False,0.0,0.0,0.0036729728647890317,0.0,0.0,,1999,405,2404,271.54069400799926,271.54069400799926,,,2404.0,0.0,1.0,1.0
745f5266-94fb-46b6-8955-b5c0105c1ff2,math:Orz57K,990,2026-04-23T07:37:10.868014Z,2026-04-23T07:41:41.720486Z,270.852472,1,True,True,False,0.0,0.0,0.0036920467906971883,0.0,0.0,,1955,337,2292,270.0959002289892,270.0959002289892,,,2292.0,0.0,1.0,1.0
72ad7ed9-b7f1-41a1-94db-d41b56187cb7,math:Orz57K,987,2026-04-23T07:37:13.965010Z,2026-04-23T07:42:05.746147Z,291.781137,1,True,True,False,0.0,0.0,0.003427226346026611,0.0,0.0,,2031,3857,5888,291.0272678510082,291.0272678510082,,,5888.0,0.0,1.0,1.0
f62c6a42-fd71-4d3f-8521-d87999bb5011,math:Orz57K,988,2026-04-23T07:37:18.617467Z,2026-04-23T07:42:07.907084Z,289.289617,1,True,True,True,1.0,1.0,0.003456743488999814,0.003456743488999814,0.0,,1975,368,2343,288.57024556399847,288.57024556399847,,,2343.0,0.0,1.0,1.0
6bbb3123-5e07-420c-9b6b-ee9f8ae79abf,math:Orz57K,989,2026-04-23T07:37:23.561591Z,2026-04-23T07:42:10.302153Z,286.740562,1,True,True,False,0.0,0.0,0.0034874731116694957,0.0,0.0,,1999,405,2404,286.0301879139879,286.0301879139879,,,2404.0,0.0,1.0,1.0
9645ae8d-54f2-420e-a73f-2d19d28e6e20,math:Orz57K,990,2026-04-23T07:37:26.166923Z,2026-04-23T07:42:12.287732Z,286.120809,1,True,True,False,0.0,0.0,0.0034950271652559183,0.0,0.0,,1955,337,2292,285.3811200919881,285.3811200919881,,,2292.0,0.0,1.0,1.0
280907ee-5763-46c9-ae87-4fbd5a785dad,math:Orz57K,991,2026-04-23T07:37:29.695274Z,2026-04-23T07:42:16.038751Z,286.343477,1,True,True,True,1.0,1.0,0.0034923093428805433,0.0034923093428805433,0.0,,1998,638,2636,285.6143291190092,285.6143291190092,,,2636.0,0.0,1.0,1.0
e89c6fe9-646f-413c-b8d6-a462f3e1950e,math:Orz57K,988,2026-04-23T07:37:32.852824Z,2026-04-23T07:42:18.184014Z,285.33119,1,True,True,True,1.0,1.0,0.0035046992233831852,0.0035046992233831852,0.0,,1975,368,2343,284.6194293190056,284.6194293190056,,,2343.0,0.0,1.0,1.0
e876163a-7f3a-4316-a8a2-5a1e1256fbf7,math:Orz57K,989,2026-04-23T07:37:37.575708Z,2026-04-23T07:42:20.541395Z,282.965687,1,True,True,False,0.0,0.0,0.003533997392411752,0.0,0.0,,1999,405,2404,282.2724668370065,282.2724668370065,,,2404.0,0.0,1.0,1.0
f79f8d4b-dc6a-4d5f-9673-dfc1c0337ce9,math:Orz57K,990,2026-04-23T07:37:38.976149Z,2026-04-23T07:42:22.560036Z,283.583887,1,True,True,False,0.0,0.0,0.00352629343852671,0.0,0.0,,1955,337,2292,282.836722920998,282.836722920998,,,2292.0,0.0,1.0,1.0
6732bf94-106f-4398-b39c-c23f7cbed426,math:Orz57K,991,2026-04-23T07:37:41.656292Z,2026-04-23T07:42:26.302742Z,284.64645,1,True,True,True,1.0,1.0,0.003513130060114925,0.003513130060114925,0.0,,1998,638,2636,283.9144723969948,283.9144723969948,,,2636.0,0.0,1.0,1.0
5161980f-83ef-4f6e-8087-8bd1b0c2b003,math:Orz57K,992,2026-04-23T07:37:45.111626Z,2026-04-23T07:42:27.900651Z,282.789025,1,True,True,False,0.0,0.0,0.003536205126772512,0.0,0.0,,1965,282,2247,282.0748607830028,282.0748607830028,,,2247.0,0.0,1.0,1.0
de18aa77-2596-4b45-a22b-c02f075a036e,math:Orz57K,989,2026-04-23T07:37:48.213854Z,2026-04-23T07:42:30.290702Z,282.076848,1,True,True,False,0.0,0.0,0.003545133204267796,0.0,0.0,,1999,405,2404,281.3702292520029,281.3702292520029,,,2404.0,0.0,1.0,1.0
76c7b8dc-6e06-4135-b86e-0dcaa13faa22,math:Orz57K,990,2026-04-23T07:37:52.852867Z,2026-04-23T07:42:32.377143Z,279.524276,1,True,True,False,0.0,0.0,0.0035775068066002257,0.0,0.0,,1955,337,2292,278.74295889500354,278.74295889500354,,,2292.0,0.0,1.0,1.0
2f373ba3-2da8-48de-9ead-191d0e253ba6,math:Orz57K,991,2026-04-23T07:37:55.369762Z,2026-04-23T07:42:36.136003Z,280.766241,1,True,True,True,1.0,1.0,0.0035616817621602877,0.0035616817621602877,0.0,,1998,638,2636,280.0413250290003,280.0413250290003,,,2636.0,0.0,1.0,1.0
ace221ec-3610-4a2f-b1ee-abe54e05da38,math:Orz57K,992,2026-04-23T07:38:20.164970Z,2026-04-23T07:42:37.832545Z,257.667575,1,True,True,False,0.0,0.0,0.003880969501110103,0.0,0.0,,1965,282,2247,256.9337714759895,256.9337714759895,,,2247.0,0.0,1.0,1.0
63211ee6-19e8-45a1-925b-88500b7a3d2b,math:Orz57K,993,2026-04-23T07:38:44.195494Z,2026-04-23T07:42:40.505660Z,236.310166,1,True,True,False,0.0,0.0,0.004231726535201198,0.0,0.0,,2044,446,2490,235.56930206700054,235.56930206700054,,,2490.0,0.0,1.0,1.0
4e61cd46-8181-4649-b81d-b8dbd5cdbd38,math:Orz57K,990,2026-04-23T07:38:47.432876Z,2026-04-23T07:42:42.494875Z,235.061999,1,True,True,False,0.0,0.0,0.004254196783206971,0.0,0.0,,1955,337,2292,234.27521404500294,234.27521404500294,,,2292.0,0.0,1.0,1.0
340fdaf5-5c7d-4ecf-80f8-01b3ce993f9b,math:Orz57K,991,2026-04-23T07:38:52.108967Z,2026-04-23T07:42:46.185565Z,234.076598,1,True,True,True,1.0,1.0,0.004272105834347439,0.004272105834347439,0.0,,1998,638,2636,233.34857827299857,233.34857827299857,,,2636.0,0.0,1.0,1.0
c7004491-2988-4a25-bf8c-cd46e8d4c835,math:Orz57K,992,2026-04-23T07:38:54.702366Z,2026-04-23T07:42:47.820123Z,233.117757,1,True,True,False,0.0,0.0,0.004289677512640103,0.0,0.0,,1965,282,2247,232.3953620849934,232.3953620849934,,,2247.0,0.0,1.0,1.0
0c9470a3-f5e3-44ff-8b6f-8f15e98ba2ec,math:Orz57K,993,2026-04-23T07:39:19.513171Z,2026-04-23T07:42:50.442558Z,210.929387,1,True,True,False,0.0,0.0,0.004740923084368514,0.0,0.0,,2044,446,2490,210.2341362129955,210.2341362129955,,,2490.0,0.0,1.0,1.0
74b71e89-7735-4fb0-9ece-80e6fbc7e78d,math:Orz57K,994,2026-04-23T07:39:43.493232Z,2026-04-23T07:48:33.675763Z,530.182531,1,True,True,False,0.0,0.0,0.0018861428687849391,0.0,0.0,,6489,269,6758,525.867422241965,525.867422241965,,,6758.0,0.0,1.0,1.0
e92c240b-5256-490e-8ca4-060aec50c5e0,math:Orz57K,991,2026-04-23T07:39:45.694892Z,2026-04-23T07:42:55.049775Z,189.354883,1,True,True,True,1.0,1.0,0.00528108905435515,0.00528108905435515,0.0,,1998,638,2636,188.61631289900106,188.61631289900106,,,2636.0,0.0,1.0,1.0
f894a6d4-aba6-427d-ac6a-8bf1146a9ee3,math:Orz57K,992,2026-04-23T07:39:50.339486Z,2026-04-23T07:42:56.667252Z,186.327766,1,True,True,False,0.0,0.0,0.005366886650699177,0.0,0.0,,1965,282,2247,185.60902649800119,185.60902649800119,,,2247.0,0.0,1.0,1.0
4ebecbeb-cb15-404d-b6cb-4b32edda85eb,math:Orz57K,993,2026-04-23T07:39:52.914270Z,2026-04-23T07:42:59.295026Z,186.380756,1,True,True,False,0.0,0.0,0.005365360788642793,0.0,0.0,,2044,446,2490,185.64080883898714,185.64080883898714,,,2490.0,0.0,1.0,1.0
de9988e8-efc6-4e5e-b5d8-e91a18f202c4,math:Orz57K,994,2026-04-23T07:40:17.648483Z,2026-04-23T07:48:35.380673Z,497.73219,1,True,True,False,0.0,0.0,0.0020091125711600047,0.0,0.0,,6489,269,6758,493.4064294519776,493.4064294519776,,,6758.0,0.0,1.0,1.0
22944e06-1295-420a-b78d-0ca075ff56dd,math:Orz57K,995,2026-04-23T07:40:41.698417Z,2026-04-23T07:43:03.884839Z,142.186422,1,True,True,False,0.0,0.0,0.0070330203540813485,0.0,0.0,,1934,635,2569,141.4344900589931,141.4344900589931,,,2569.0,0.0,1.0,1.0
32614ba3-bc7b-48e0-b69b-f31d4d34b78a,math:Orz57K,992,2026-04-23T07:40:43.860698Z,2026-04-23T07:43:05.546084Z,141.685386,1,True,True,False,0.0,0.0,0.00705789092461519,0.0,0.0,,1965,282,2247,140.94775549798214,140.94775549798214,,,2247.0,0.0,1.0,1.0
f1a7a39e-7a6c-4157-8938-e091bb01cecf,math:Orz57K,993,2026-04-23T07:40:46.291268Z,2026-04-23T07:43:08.209305Z,141.918037,1,True,True,False,0.0,0.0,0.0070463206872005985,0.0,0.0,,2044,446,2490,141.19098459200177,141.19098459200177,,,2490.0,0.0,1.0,1.0
d819b0c4-7f28-4e68-8022-1a0556552421,math:Orz57K,994,2026-04-23T07:41:11.120778Z,2026-04-23T07:48:46.723750Z,455.602972,1,True,True,False,0.0,0.0,0.002194893495997651,0.0,0.0,,6489,269,6758,451.2583625660045,451.2583625660045,,,6758.0,0.0,1.0,1.0
cabe6611-5d5c-45ee-9ed9-6761ab5b4729,math:Orz57K,995,2026-04-23T07:41:35.111829Z,2026-04-23T07:43:12.759811Z,97.647982,1,True,True,False,0.0,0.0,0.010240867036043818,0.0,0.0,,1934,635,2569,96.88957245500933,96.88957245500933,,,2569.0,0.0,1.0,1.0
6a92ba5b-2d3e-4967-8818-d7ec2143f31a,math:Orz57K,996,2026-04-23T07:41:37.312732Z,2026-04-23T07:48:53.053698Z,435.740966,1,True,True,True,1.0,1.0,0.0022949414400481225,0.0022949414400481225,0.0,,17625,7341,24966,431.5099743989995,431.5099743989995,,,24966.0,0.0,1.0,1.0
c509671c-3e71-453a-94b7-918f61d0e71d,math:Orz57K,993,2026-04-23T07:41:39.715311Z,2026-04-23T07:43:41.006676Z,121.291365,1,True,True,False,0.0,0.0,0.00824460999346491,0.0,0.0,,2044,446,2490,120.55823965699528,120.55823965699528,,,2490.0,0.0,1.0,1.0
2332179c-7cfa-4bf0-a857-31f991d6cd7b,math:Orz57K,994,2026-04-23T07:41:41.743328Z,2026-04-23T07:48:54.725603Z,432.982275,1,True,True,False,0.0,0.0,0.002309563364920654,0.0,0.0,,6489,269,6758,428.7421283229778,428.7421283229778,,,6758.0,0.0,1.0,1.0
2adde055-1b6c-4b89-8f93-72fa549895f6,math:Orz57K,995,2026-04-23T07:42:05.768820Z,2026-04-23T07:43:45.515362Z,99.746542,1,True,True,False,0.0,0.0,0.010025410204195348,0.0,0.0,,1934,635,2569,98.99190113299119,98.99190113299119,,,2569.0,0.0,1.0,1.0
dd5e124b-fcc4-4ac1-88aa-a372ecd5e363,math:Orz57K,996,2026-04-23T07:42:07.931152Z,2026-04-23T07:48:56.739399Z,408.808247,1,True,True,True,1.0,1.0,0.002446134605498798,0.002446134605498798,0.0,,17625,7341,24966,404.4720126740285,404.4720126740285,,,24966.0,0.0,1.0,1.0
da277ac1-de3e-43c9-895d-46479c7fd537,math:Orz57K,997,2026-04-23T07:42:10.326372Z,2026-04-23T07:44:13.039661Z,122.713289,1,True,True,True,1.0,1.0,0.00814907666601618,0.00814907666601618,0.0,,1932,332,2264,121.99979326600442,121.99979326600442,,,2264.0,0.0,1.0,1.0
1ba578ea-c26e-4c2a-8ea5-4ad2de6f8c98,math:Orz57K,994,2026-04-23T07:42:12.311815Z,2026-04-23T07:48:57.045776Z,404.733961,1,True,True,False,0.0,0.0,0.0024707588103781582,0.0,0.0,,6489,269,6758,400.43061731301714,400.43061731301714,,,6758.0,0.0,1.0,1.0
2e6440e1-73f5-4a97-b632-6af919cf2d39,math:Orz57K,995,2026-04-23T07:42:16.063870Z,2026-04-23T07:44:17.573590Z,121.50972,1,True,True,False,0.0,0.0,0.008229794291353811,0.0,0.0,,1934,635,2569,120.77150856298977,120.77150856298977,,,2569.0,0.0,1.0,1.0
139af8ac-dd54-45d4-a170-43ee2f7285fa,math:Orz57K,996,2026-04-23T07:42:18.206489Z,2026-04-23T07:49:08.341569Z,410.13508,1,True,True,True,1.0,1.0,0.0024382210855994077,0.0024382210855994077,0.0,,17625,7341,24966,405.69172700401396,405.69172700401396,,,24966.0,0.0,1.0,1.0
31a97052-901e-4af6-8831-b36c46108651,math:Orz57K,997,2026-04-23T07:42:20.564467Z,2026-04-23T07:44:45.101926Z,144.537459,1,True,True,True,1.0,1.0,0.006918621697922612,0.006918621697922612,0.0,,1932,332,2264,143.81413850499666,143.81413850499666,,,2264.0,0.0,1.0,1.0
5d825658-f54b-40dc-8f88-029c60430bbd,math:Orz57K,998,2026-04-23T07:42:22.584003Z,2026-04-23T07:50:21.868552Z,479.284549,1,True,True,False,0.0,0.0,0.002086443224774183,0.0,0.0,,8494,208,8702,473.37511392003216,473.37511392003216,,,8702.0,0.0,1.0,1.0
3d4acfe4-01db-439d-a3b6-6d0c01a0dce6,math:Orz57K,995,2026-04-23T07:42:26.326457Z,2026-04-23T07:44:49.200506Z,142.874049,1,True,True,False,0.0,0.0,0.006999171697023858,0.0,0.0,,1934,635,2569,142.12037280699587,142.12037280699587,,,2569.0,0.0,1.0,1.0
fe2bd0ff-770a-4b8a-b69c-b0f3817b3ee3,math:Orz57K,996,2026-04-23T07:42:27.922992Z,2026-04-23T07:49:13.862664Z,405.939672,1,True,True,True,1.0,1.0,0.002463420229595101,0.002463420229595101,0.0,,17625,7341,24966,401.589967049993,401.589967049993,,,24966.0,0.0,1.0,1.0
cc8fc94c-0b6b-4c2a-a914-257066ca09f2,math:Orz57K,997,2026-04-23T07:42:30.315425Z,2026-04-23T07:45:16.694044Z,166.378619,1,True,True,True,1.0,1.0,0.006010387668862668,0.006010387668862668,0.0,,1932,332,2264,165.65457545300887,165.65457545300887,,,2264.0,0.0,1.0,1.0
a1ca9e73-3505-4965-98e3-64aad04782bb,math:Orz57K,998,2026-04-23T07:42:32.401707Z,2026-04-23T07:50:31.742809Z,479.341102,1,True,True,False,0.0,0.0,0.002086197064736585,0.0,0.0,,8494,208,8702,473.17891306898673,473.17891306898673,,,8702.0,0.0,1.0,1.0
789a191b-e9d3-4fc7-9a9e-3f67ce66207c,math:Orz57K,999,2026-04-23T07:42:36.161093Z,2026-04-23T07:48:01.931300Z,325.770207,1,True,True,True,1.0,1.0,0.0030696484163145092,0.0030696484163145092,0.0,,4454,518,4972,323.19083323999075,323.19083323999075,,,4972.0,0.0,1.0,1.0
6cc9d24e-f82b-4b1e-bf2b-cf40a7c8ece4,math:Orz57K,996,2026-04-23T07:42:37.855560Z,2026-04-23T07:49:16.230493Z,398.374933,1,True,True,True,1.0,1.0,0.0025101981002404084,0.0025101981002404084,0.0,,17625,7341,24966,394.05617031599104,394.05617031599104,,,24966.0,0.0,1.0,1.0
7d8d0e99-c54c-42fe-846c-5e1920825b5d,math:Orz57K,997,2026-04-23T07:42:40.530629Z,2026-04-23T07:45:47.488495Z,186.957866,1,True,True,True,1.0,1.0,0.005348798750195405,0.005348798750195405,0.0,,1932,332,2264,186.23525775202143,186.23525775202143,,,2264.0,0.0,1.0,1.0
3a463b80-8c29-4acb-bf7c-ee468944c2c9,math:Orz57K,998,2026-04-23T07:42:42.519626Z,2026-04-23T07:50:36.952589Z,474.432963,1,True,True,False,0.0,0.0,0.002107779345003058,0.0,0.0,,8494,208,8702,468.4075627479906,468.4075627479906,,,8702.0,0.0,1.0,1.0
a6f3cad2-0d90-4d50-8912-20ab51437765,math:Orz57K,999,2026-04-23T07:42:46.209029Z,2026-04-23T07:48:26.547315Z,340.338286,1,True,True,True,1.0,1.0,0.0029382530298104636,0.0029382530298104636,0.0,,4454,518,4972,337.89654682598484,337.89654682598484,,,4972.0,0.0,1.0,1.0
644fec5b-a419-4c0b-be01-8a7f1123d840,math:Orz57K,1000,2026-04-23T07:42:47.844341Z,2026-04-23T07:45:51.903066Z,184.058725,1,True,True,True,1.0,1.0,0.005433048609893391,0.005433048609893391,0.0,,2036,210,2246,183.32835186700686,183.32835186700686,,,2246.0,0.0,1.0,1.0
82434065-08f2-477f-a856-2fb8e41f471f,math:Orz57K,997,2026-04-23T07:42:50.466895Z,2026-04-23T07:45:53.882851Z,183.415956,1,True,True,True,1.0,1.0,0.005452088366837616,0.005452088366837616,0.0,,1932,332,2264,182.68724506201397,182.68724506201397,,,2264.0,0.0,1.0,1.0
bb62516e-e559-4b14-9786-c8eeb3a00e32,math:Orz57K,998,2026-04-23T07:42:55.081993Z,2026-04-23T07:50:49.252378Z,474.170385,1,True,True,False,0.0,0.0,0.0021089465551502123,0.0,0.0,,8494,208,8702,468.1495124169742,468.1495124169742,,,8702.0,0.0,1.0,1.0
e114b48d-fdb8-4234-9f6d-e62e42158016,math:Orz57K,999,2026-04-23T07:42:56.691957Z,2026-04-23T07:48:34.277981Z,337.586024,1,True,True,True,1.0,1.0,0.002962207937849939,0.002962207937849939,0.0,,4454,518,4972,335.0014691940014,335.0014691940014,,,4972.0,0.0,1.0,1.0
c3bed660-8d2b-43e6-b9c5-6df0f7b10ba3,math:Orz57K,1000,2026-04-23T07:42:59.319804Z,2026-04-23T07:45:59.084959Z,179.765155,1,True,True,True,1.0,1.0,0.005562813327199034,0.005562813327199034,0.0,,2036,210,2246,179.01153656601673,179.01153656601673,,,2246.0,0.0,1.0,1.0
e0b6ff70-9163-41a1-8021-c066a4f77b3e,math:Orz57K,1001,2026-04-23T07:43:03.909238Z,2026-04-23T07:46:05.434882Z,181.525644,1,True,True,False,0.0,0.0,0.005508863530047578,0.0,0.0,,2000,905,2905,180.75700693399995,180.75700693399995,,,2905.0,0.0,1.0,1.0
8a74bd41-df51-4c0c-9e08-2abdc757028e,math:Orz57K,998,2026-04-23T07:43:05.570277Z,2026-04-23T07:51:03.611245Z,478.040968,1,True,True,False,0.0,0.0,0.0020918709209876755,0.0,0.0,,8494,208,8702,472.11040435702307,472.11040435702307,,,8702.0,0.0,1.0,1.0
178f7275-da45-4513-b440-1968381dddf6,math:Orz57K,999,2026-04-23T07:43:08.236401Z,2026-04-23T07:48:46.569316Z,338.332915,1,True,True,True,1.0,1.0,0.0029556686791765443,0.0029556686791765443,0.0,,4454,518,4972,335.8694298299961,335.8694298299961,,,4972.0,0.0,1.0,1.0
fa2e7455-9b8f-407f-8abb-5a3980b75303,math:Orz57K,1000,2026-04-23T07:43:12.784081Z,2026-04-23T07:46:10.791898Z,178.007817,1,True,True,True,1.0,1.0,0.005617730821338032,0.005617730821338032,0.0,,2036,210,2246,177.24500496999826,177.24500496999826,,,2246.0,0.0,1.0,1.0
fe74e69c-a859-45f1-ad8a-f314b7b7b207,math:Orz57K,1001,2026-04-23T07:43:41.032118Z,2026-04-23T07:46:37.970604Z,176.938486,1,True,True,False,0.0,0.0,0.005651681681056093,0.0,0.0,,2000,771,2771,176.18934422702296,176.18934422702296,,,2771.0,0.0,1.0,1.0
04603466-9129-417e-bd71-8003ff39dcf8,math:Orz57K,1002,2026-04-23T07:43:45.538274Z,2026-04-23T07:46:40.532092Z,174.993818,1,True,True,False,0.0,0.0,0.005714487582641347,0.0,0.0,,1966,286,2252,174.20775600898196,174.20775600898196,,,2252.0,0.0,1.0,1.0
b8e7160a-5e74-4929-bc74-3728a6c4509d,math:Orz57K,999,2026-04-23T07:44:13.063854Z,2026-04-23T07:48:56.912473Z,283.848619,1,True,True,True,1.0,1.0,0.0035230046336776435,0.0035230046336776435,0.0,,4454,518,4972,281.2653624280065,281.2653624280065,,,4972.0,0.0,1.0,1.0
44cc4fad-c10b-4e40-90a5-232d4a1f6eb6,math:Orz57K,1000,2026-04-23T07:44:17.597189Z,2026-04-23T07:47:08.065454Z,170.468265,1,True,True,True,1.0,1.0,0.005866194508403074,0.005866194508403074,0.0,,2036,210,2246,169.70798086101422,169.70798086101422,,,2246.0,0.0,1.0,1.0
cd111804-efea-4bc3-a88e-dc96d6385a5d,math:Orz57K,1001,2026-04-23T07:44:45.127119Z,2026-04-23T07:47:35.455788Z,170.328669,1,True,True,False,0.0,0.0,0.005871002256232038,0.0,0.0,,2000,771,2771,169.57890494499588,169.57890494499588,,,2771.0,0.0,1.0,1.0
8027d12b-8f34-4845-bb9b-10b2cf06aaca,math:Orz57K,1002,2026-04-23T07:44:49.225136Z,2026-04-23T07:47:37.557483Z,168.332347,1,True,True,False,0.0,0.0,0.005940628867962021,0.0,0.0,,1966,286,2252,167.5498744000215,167.5498744000215,,,2252.0,0.0,1.0,1.0
7f64dc00-271a-4c48-9cc4-590f94ca335c,math:Orz57K,1003,2026-04-23T07:45:16.718767Z,2026-04-23T07:49:14.846062Z,238.127295,1,True,True,True,1.0,1.0,0.004199434592325924,0.004199434592325924,0.0,,4158,179,4337,235.65057041100226,235.65057041100226,,,4337.0,0.0,1.0,1.0
9c45b2e8-a820-441e-940d-e25427dfe09c,math:Orz57K,1000,2026-04-23T07:45:47.513314Z,2026-04-23T07:48:25.950026Z,158.436712,1,True,True,True,1.0,1.0,0.0063116684723929384,0.0063116684723929384,0.0,,2036,210,2246,157.68170684599318,157.68170684599318,,,2246.0,0.0,1.0,1.0
1b51158b-a0bb-4438-adb3-125b99b2cef5,math:Orz57K,1001,2026-04-23T07:45:51.928083Z,2026-04-23T07:48:31.878039Z,159.949956,1,True,True,False,0.0,0.0,0.006251955455367553,0.0,0.0,,2000,905,2905,159.16834139899584,159.16834139899584,,,2905.0,0.0,1.0,1.0
6fef7980-6c99-4280-905d-26c5d0d3ddd4,math:Orz57K,1002,2026-04-23T07:45:53.908157Z,2026-04-23T07:48:33.573272Z,159.665115,1,True,True,False,0.0,0.0,0.006263108882613463,0.0,0.0,,1966,286,2252,158.8875611020194,158.8875611020194,,,2252.0,0.0,1.0,1.0
8afe5e66-03c2-440e-b5bd-d29ea9409309,math:Orz57K,1003,2026-04-23T07:45:59.108493Z,2026-04-23T07:49:50.585020Z,231.476527,1,True,True,True,1.0,1.0,0.0043200924644942506,0.0043200924644942506,0.0,,4158,179,4337,228.95120495799347,228.95120495799347,,,4337.0,0.0,1.0,1.0
0f568fd2-951e-452d-a391-8db86e7af23d,math:Orz57K,1004,2026-04-23T07:46:05.458537Z,2026-04-23T07:48:46.018214Z,160.559677,1,True,True,False,0.0,0.0,0.0062282138248197895,0.0,0.0,,1957,1748,3705,159.77930547401775,159.77930547401775,,,3705.0,0.0,1.0,1.0
c2e341f1-d8dd-4563-960a-e0c295d9269d,math:Orz57K,1001,2026-04-23T07:46:10.817424Z,2026-04-23T07:48:52.103213Z,161.285789,1,True,True,False,0.0,0.0,0.006200174275738578,0.0,0.0,,2000,905,2905,160.51307611598168,160.51307611598168,,,2905.0,0.0,1.0,1.0
f56aab90-0321-4b05-9830-c2d8c53c0ff6,math:Orz57K,1002,2026-04-23T07:46:37.994832Z,2026-04-23T07:48:54.649162Z,136.65433,1,True,True,False,0.0,0.0,0.007317733730061829,0.0,0.0,,1966,286,2252,135.8858892560238,135.8858892560238,,,2252.0,0.0,1.0,1.0
e3f4fade-f80e-4b52-a07c-35286ade1edc,math:Orz57K,1003,2026-04-23T07:46:40.557235Z,2026-04-23T07:50:07.639756Z,207.082521,1,True,True,True,1.0,1.0,0.004828992785924216,0.004828992785924216,0.0,,4158,179,4337,204.5669494989852,204.5669494989852,,,4337.0,0.0,1.0,1.0
5c32ddd7-13e7-4514-b7d9-29923e3b6b93,math:Orz57K,1004,2026-04-23T07:47:08.091393Z,2026-04-23T07:49:07.425929Z,119.334536,1,True,True,False,0.0,0.0,0.008379803814714627,0.0,0.0,,1957,1748,3705,118.5591450619977,118.5591450619977,,,3705.0,0.0,1.0,1.0
00901fbb-2ef2-4921-8fb1-bdc39df0e0e7,math:Orz57K,1005,2026-04-23T07:47:35.479111Z,2026-04-23T07:49:10.741874Z,95.262763,1,True,True,True,1.0,1.0,0.010497281083480645,0.010497281083480645,0.0,,1956,425,2381,94.5448780899751,94.5448780899751,,,2381.0,0.0,1.0,1.0
bbdc43bc-2b2f-44e0-894e-caa330c3dff4,math:Orz57K,1002,2026-04-23T07:47:37.581320Z,2026-04-23T07:49:12.900207Z,95.318887,1,True,True,False,0.0,0.0,0.010491100258021267,0.0,0.0,,1966,286,2252,94.5322844760085,94.5322844760085,,,2252.0,0.0,1.0,1.0
7d933d7f-bf6f-4c17-9561-a3702a384e60,math:Orz57K,1003,2026-04-23T07:48:01.956169Z,2026-04-23T07:50:30.266794Z,148.310625,1,True,True,True,1.0,1.0,0.006742605258389277,0.006742605258389277,0.0,,4158,179,4337,145.78312700800598,145.78312700800598,,,4337.0,0.0,1.0,1.0
b209357b-6581-4176-90ba-05c6b06d07e9,math:Orz57K,1004,2026-04-23T07:48:25.974662Z,2026-04-23T07:49:26.575420Z,60.600758,1,True,True,False,0.0,0.0,0.016501443760818964,0.0,0.0,,1957,1748,3705,59.8284428769839,59.8284428769839,,,3705.0,0.0,1.0,1.0
48f81122-fa7f-41b9-8386-646013123bfd,math:Orz57K,1005,2026-04-23T07:48:26.571232Z,2026-04-23T07:49:28.985562Z,62.41433,1,True,True,True,1.0,1.0,0.016021961623236203,0.016021961623236203,0.0,,1956,425,2381,61.69298374699429,61.69298374699429,,,2381.0,0.0,1.0,1.0
e04b1779-3914-4544-aa61-fed0ae5fca1f,math:Orz57K,1006,2026-04-23T07:48:31.901069Z,2026-04-23T07:49:32.726615Z,60.825546,1,True,True,True,1.0,1.0,0.016440460723525605,0.016440460723525605,0.0,,2079,574,2653,60.08284250702127,60.08284250702127,,,2653.0,0.0,1.0,1.0
76888ea9-86db-41bd-87ed-ea984a665d82,math:Orz57K,1003,2026-04-23T07:48:33.598144Z,2026-04-23T07:50:40.599753Z,127.001609,1,True,True,True,1.0,1.0,0.007873915991095829,0.007873915991095829,0.0,,4158,179,4337,124.555641251005,124.555641251005,,,4337.0,0.0,1.0,1.0
a6c941f8-c91d-4280-9a48-cd84289b91e0,math:Orz57K,1004,2026-04-23T07:48:33.701204Z,2026-04-23T07:49:44.319643Z,70.618439,1,True,True,False,0.0,0.0,0.014160607543307493,0.0,0.0,,1957,1748,3705,69.81852582399733,69.81852582399733,,,3705.0,0.0,1.0,1.0
6e248971-0cbc-4ac4-9307-24ff1b2d732c,math:Orz57K,1005,2026-04-23T07:48:34.304612Z,2026-04-23T07:49:46.742025Z,72.437413,1,True,True,True,1.0,1.0,0.013805020894382299,0.013805020894382299,0.0,,1956,425,2381,71.69017134100432,71.69017134100432,,,2381.0,0.0,1.0,1.0
8cc27532-baea-4f00-91d3-d42172aaadeb,math:Orz57K,1006,2026-04-23T07:48:35.406095Z,2026-04-23T07:49:50.473461Z,75.067366,1,True,True,True,1.0,1.0,0.013321367903064561,0.013321367903064561,0.0,,2079,574,2653,74.34376227899338,74.34376227899338,,,2653.0,0.0,1.0,1.0
2fea2559-75d3-46ac-9e22-21d9aeb09032,math:Orz57K,1007,2026-04-23T07:48:46.042495Z,2026-04-23T07:49:51.709660Z,65.667165,1,True,True,False,0.0,0.0,0.015228310830839127,0.0,0.0,,1943,194,2137,64.95623909900314,64.95623909900314,,,2137.0,0.0,1.0,1.0
ca69f7b6-0a54-48aa-85a9-95739f7ff361,math:Orz57K,1004,2026-04-23T07:48:46.593249Z,2026-04-23T07:49:54.189485Z,67.596236,1,True,True,False,0.0,0.0,0.014793723129790836,0.0,0.0,,1957,421,2378,66.850477089989,66.850477089989,,,2378.0,0.0,1.0,1.0
d2dd9044-3c72-4d71-8ce0-44ab47baec5e,math:Orz57K,1005,2026-04-23T07:48:46.748270Z,2026-04-23T07:49:56.640119Z,69.891849,1,True,True,True,1.0,1.0,0.014307820072123147,0.014307820072123147,0.0,,1956,425,2381,69.16167777302326,69.16167777302326,,,2381.0,0.0,1.0,1.0
82f4ae32-ba8e-40a7-9248-b3c8143518cc,math:Orz57K,1006,2026-04-23T07:48:52.127139Z,2026-04-23T07:50:00.374841Z,68.247702,1,True,True,True,1.0,1.0,0.014652508006789737,0.014652508006789737,0.0,,2079,574,2653,67.49937909797882,67.49937909797882,,,2653.0,0.0,1.0,1.0
2be23d7f-e58a-43ca-a385-835faca1c03d,math:Orz57K,1007,2026-04-23T07:48:53.080095Z,2026-04-23T07:50:01.436905Z,68.35681,1,True,True,False,0.0,0.0,0.014629120346604824,0.0,0.0,,1943,194,2137,67.6420563540014,67.6420563540014,,,2137.0,0.0,1.0,1.0
c97e3678-9ac7-495f-88fd-21536cf66e75,math:Orz57K,1008,2026-04-23T07:48:54.674684Z,2026-04-23T07:51:13.232875Z,138.558191,1,True,True,True,1.0,1.0,0.007217184294792071,0.007217184294792071,0.0,,4594,795,5389,136.09108407597523,136.09108407597523,,,5389.0,0.0,1.0,1.0
04e04618-e68f-469d-b686-5ffce87dab8a,math:Orz57K,1005,2026-04-23T07:48:54.749538Z,2026-04-23T07:50:07.543362Z,72.793824,1,True,True,True,1.0,1.0,0.01373742915333037,0.01373742915333037,0.0,,1956,425,2381,72.05718017500476,72.05718017500476,,,2381.0,0.0,1.0,1.0
5842d61c-d1e0-467b-ac06-485bce7b5787,math:Orz57K,1006,2026-04-23T07:48:56.764778Z,2026-04-23T07:50:11.038292Z,74.273514,1,True,True,True,1.0,1.0,0.013463749675288015,0.013463749675288015,0.0,,2079,574,2653,73.53351759799989,73.53351759799989,,,2653.0,0.0,1.0,1.0
cce9e157-6b9a-4e15-afe8-127e4804200b,math:Orz57K,1007,2026-04-23T07:48:56.937009Z,2026-04-23T07:50:12.192889Z,75.25588,1,True,True,False,0.0,0.0,0.013287998226849515,0.0,0.0,,1943,194,2137,74.52212382899597,74.52212382899597,,,2137.0,0.0,1.0,1.0
56785f3f-9308-433f-8b85-49b2b60a34c8,math:Orz57K,1008,2026-04-23T07:48:57.069405Z,2026-04-23T07:51:28.249822Z,151.180417,1,True,True,True,1.0,1.0,0.006614613319924895,0.006614613319924895,0.0,,4594,795,5389,148.67425241202,148.67425241202,,,5389.0,0.0,1.0,1.0
4a7ac2c2-384d-4119-88b5-24d52890d16b,math:Orz57K,1009,2026-04-23T07:49:07.448567Z,2026-04-23T07:54:56.397612Z,348.949045,1,True,True,False,0.0,0.0,0.0028657479203016588,0.0,0.0,,7824,458,8282,344.6541602789948,344.6541602789948,,,8282.0,0.0,1.0,1.0
8875251e-0ad1-41b0-a00c-0fd6bc455cff,math:Orz57K,1006,2026-04-23T07:49:08.367504Z,2026-04-23T07:50:20.371536Z,72.004032,1,True,True,True,1.0,1.0,0.01388811115466423,0.01388811115466423,0.0,,2079,574,2653,71.29579453199403,71.29579453199403,,,2653.0,0.0,1.0,1.0
afb795e4-2721-4df4-9d11-aee309d87e8e,math:Orz57K,1007,2026-04-23T07:49:10.766527Z,2026-04-23T07:50:21.517412Z,70.750885,1,True,True,False,0.0,0.0,0.014134098817279813,0.0,0.0,,1943,194,2137,70.03250290898723,70.03250290898723,,,2137.0,0.0,1.0,1.0
1074dc3b-316c-44d1-b745-e6d8fa1e2623,math:Orz57K,1008,2026-04-23T07:49:12.924740Z,2026-04-23T07:50:25.357535Z,72.432795,1,True,True,True,1.0,1.0,0.013805901042476684,0.013805901042476684,0.0,,1960,596,2556,71.69063780500437,71.69063780500437,,,2556.0,0.0,1.0,1.0
d8d8e57f-41d8-4e69-899a-4f98373b5d31,math:Orz57K,1009,2026-04-23T07:49:13.889118Z,2026-04-23T07:55:13.071764Z,359.182646,1,True,True,False,0.0,0.0,0.002784098873195561,0.0,0.0,,7824,458,8282,354.9881638189836,354.9881638189836,,,8282.0,0.0,1.0,1.0
7e9c0052-fbcb-448f-809e-8d86d7d8700c,math:Orz57K,1010,2026-04-23T07:49:14.870391Z,2026-04-23T07:50:30.161215Z,75.290824,1,True,True,True,1.0,1.0,0.013281830997094679,0.013281830997094679,0.0,,2013,593,2606,74.55416834400967,74.55416834400967,,,2606.0,0.0,1.0,1.0
4474a475-77fb-44ae-aeed-403b9dffafdf,math:Orz57K,1007,2026-04-23T07:49:16.254787Z,2026-04-23T07:50:31.344187Z,75.0894,1,True,True,False,0.0,0.0,0.013317458922297954,0.0,0.0,,1943,194,2137,74.36507923601312,74.36507923601312,,,2137.0,0.0,1.0,1.0
f7f46002-28e1-4b4b-bb04-8d4b3f769e24,math:Orz57K,1008,2026-04-23T07:49:26.599172Z,2026-04-23T07:50:35.294782Z,68.69561,1,True,True,True,1.0,1.0,0.014556970962191034,0.014556970962191034,0.0,,1960,596,2556,67.93205292400671,67.93205292400671,,,2556.0,0.0,1.0,1.0
56e78f63-4d5c-4e04-9c78-28ab31bf6b67,math:Orz57K,1009,2026-04-23T07:49:29.009536Z,2026-04-23T07:55:38.824243Z,369.814707,1,True,True,False,0.0,0.0,0.002704056872459645,0.0,0.0,,7824,458,8282,365.6522021749988,365.6522021749988,,,8282.0,0.0,1.0,1.0
cdbadbb3-de5f-4c1b-bb77-970183a264e1,math:Orz57K,1010,2026-04-23T07:49:32.752768Z,2026-04-23T07:50:40.489573Z,67.736805,1,True,True,True,1.0,1.0,0.01476302284998532,0.01476302284998532,0.0,,2013,593,2606,67.01769055597833,67.01769055597833,,,2606.0,0.0,1.0,1.0
aaf9330e-5366-4734-b288-ade065122937,math:Orz57K,1011,2026-04-23T07:49:44.352242Z,2026-04-23T07:50:45.436901Z,61.084659,1,True,True,False,0.0,0.0,0.01637072247550731,0.0,0.0,,2051,815,2866,60.33710512999096,60.33710512999096,,,2866.0,0.0,1.0,1.0
79ef67de-d621-4797-a35e-110efddf49a6,math:Orz57K,1008,2026-04-23T07:49:46.766992Z,2026-04-23T07:50:48.893524Z,62.126532,1,True,True,True,1.0,1.0,0.016096182545647326,0.016096182545647326,0.0,,1960,596,2556,61.38740664999932,61.38740664999932,,,2556.0,0.0,1.0,1.0
6bb11770-f0e8-4c4c-b500-55bc053b0fb4,math:Orz57K,1009,2026-04-23T07:49:50.498048Z,2026-04-23T07:53:07.608938Z,197.11089,1,True,True,False,0.0,0.0,0.005073286412536618,0.0,0.0,,4939,472,5411,194.69875124801183,194.69875124801183,,,5411.0,0.0,1.0,1.0
d2e41f35-ba33-4674-9ef4-b6098103d9ec,math:Orz57K,1010,2026-04-23T07:49:50.609174Z,2026-04-23T07:50:54.049361Z,63.440187,1,True,True,True,1.0,1.0,0.01576287913527115,0.01576287913527115,0.0,,2013,589,2602,62.70762313599698,62.70762313599698,,,2602.0,0.0,1.0,1.0
7a016285-9856-44e2-853d-0db75d456d09,math:Orz57K,1011,2026-04-23T07:49:51.733016Z,2026-04-23T07:50:58.801545Z,67.068529,1,True,True,False,0.0,0.0,0.014910122749225646,0.0,0.0,,2051,815,2866,66.31233867898118,66.31233867898118,,,2866.0,0.0,1.0,1.0
1af2db96-6c4d-4af6-a145-5e69da1c27ab,math:Orz57K,1012,2026-04-23T07:49:54.214694Z,2026-04-23T07:51:02.023735Z,67.809041,1,True,True,False,0.0,0.0,0.014747296013226321,0.0,0.0,,1970,561,2531,67.04122042399831,67.04122042399831,,,2531.0,0.0,1.0,1.0
043ac2c9-95fc-4a45-b0f2-c2cf15c07fa9,math:Orz57K,1009,2026-04-23T07:49:56.665629Z,2026-04-23T07:53:44.426215Z,227.760586,1,True,True,False,0.0,0.0,0.004390575285927654,0.0,0.0,,4939,477,5416,225.32301000499865,225.32301000499865,,,5416.0,0.0,1.0,1.0
0427c8c6-761f-42b1-b421-03bbdf93556b,math:Orz57K,1010,2026-04-23T07:50:00.399620Z,2026-04-23T07:51:07.219074Z,66.819454,1,True,True,True,1.0,1.0,0.014965701455746707,0.014965701455746707,0.0,,2013,593,2606,66.06240730301943,66.06240730301943,,,2606.0,0.0,1.0,1.0
778e3d3d-3b57-4514-a8f7-3e1ab695852a,math:Orz57K,1011,2026-04-23T07:50:01.461181Z,2026-04-23T07:51:12.081159Z,70.619978,1,True,True,False,0.0,0.0,0.014160298945434392,0.0,0.0,,2051,815,2866,69.8372496140073,69.8372496140073,,,2866.0,0.0,1.0,1.0
ccf5b73f-3987-468f-a8e9-2dd66d67fcb4,math:Orz57K,1012,2026-04-23T07:50:07.569845Z,2026-04-23T07:51:16.513884Z,68.944039,1,True,True,False,0.0,0.0,0.014504517207064123,0.0,0.0,,1970,561,2531,68.16211011999985,68.16211011999985,,,2531.0,0.0,1.0,1.0
6652bb25-0e39-42c7-af87-ecc2ccade43b,math:Orz57K,1013,2026-04-23T07:50:07.662804Z,2026-04-23T07:51:19.200274Z,71.53747,1,True,True,True,1.0,1.0,0.01397868837128291,0.01397868837128291,0.0,,1981,474,2455,70.80167493899353,70.80167493899353,,,2455.0,0.0,1.0,1.0
c0871119-aa3c-48b8-9de9-969355586137,math:Orz57K,1010,2026-04-23T07:50:11.063275Z,2026-04-23T07:51:22.260480Z,71.197205,1,True,True,True,1.0,1.0,0.014045495184818001,0.014045495184818001,0.0,,2013,531,2544,70.46677773300325,70.46677773300325,,,2544.0,0.0,1.0,1.0
826817bd-2883-4b4f-baef-8779501ca503,math:Orz57K,1011,2026-04-23T07:50:12.218240Z,2026-04-23T07:51:27.049729Z,74.831489,1,True,True,False,0.0,0.0,0.013363358304951008,0.0,0.0,,2051,815,2866,74.06928363599582,74.06928363599582,,,2866.0,0.0,1.0,1.0
5cd0d595-ce7a-489a-befb-8ed9f867f1e4,math:Orz57K,1012,2026-04-23T07:50:20.400086Z,2026-04-23T07:51:32.941203Z,72.541117,1,True,True,False,0.0,0.0,0.013785285385114763,0.0,0.0,,1970,561,2531,71.75421264200122,71.75421264200122,,,2531.0,0.0,1.0,1.0
6cda4c1b-92af-43ff-9d37-c0dd4b32c62a,math:Orz57K,1013,2026-04-23T07:50:21.541355Z,2026-04-23T07:51:35.703031Z,74.161676,1,True,True,True,1.0,1.0,0.013484053407854482,0.013484053407854482,0.0,,1981,474,2455,73.39841227102443,73.39841227102443,,,2455.0,0.0,1.0,1.0
8024e411-3668-4805-aa34-37826bba3f95,math:Orz57K,1014,2026-04-23T07:50:21.896266Z,2026-04-23T07:51:39.831453Z,77.935187,1,True,True,False,0.0,0.0,0.012831174704180796,0.0,0.0,,1968,698,2666,77.14361737098079,77.14361737098079,,,2666.0,0.0,1.0,1.0
9f266759-825a-4a48-ba9b-98e091b61b4e,math:Orz57K,1011,2026-04-23T07:50:25.382041Z,2026-04-23T07:51:44.659035Z,79.276994,1,True,True,False,0.0,0.0,0.012613999970785975,0.0,0.0,,2051,815,2866,78.5019372109964,78.5019372109964,,,2866.0,0.0,1.0,1.0
594b9569-e7a4-4fa0-b2d8-5187575fdfe8,math:Orz57K,1012,2026-04-23T07:50:30.186713Z,2026-04-23T07:51:49.273667Z,79.086954,1,True,True,False,0.0,0.0,0.012644310463644863,0.0,0.0,,1970,561,2531,78.32823825799278,78.32823825799278,,,2531.0,0.0,1.0,1.0
09ca3278-3b7d-4ea2-bd12-a03dc0b9342d,math:Orz57K,1013,2026-04-23T07:50:30.290403Z,2026-04-23T07:51:51.987370Z,81.696967,1,True,True,True,1.0,1.0,0.012240356487163104,0.012240356487163104,0.0,,1981,474,2455,80.9569440150226,80.9569440150226,,,2455.0,0.0,1.0,1.0
ffd2741b-19e9-4799-a41e-ef69070e489c,math:Orz57K,1014,2026-04-23T07:50:31.368543Z,2026-04-23T07:51:56.089841Z,84.721298,1,True,True,False,0.0,0.0,0.011803407450154978,0.0,0.0,,1968,698,2666,83.94011415698333,83.94011415698333,,,2666.0,0.0,1.0,1.0
20fa59b1-6c97-4235-ace5-94b3d23d08c5,math:Orz57K,1015,2026-04-23T07:50:31.767973Z,2026-04-23T07:52:21.252659Z,109.484686,1,True,True,False,0.0,0.0,0.009133697474366416,0.0,0.0,,1991,4096,6087,108.7731013459852,108.7731013459852,,,6087.0,0.0,1.0,1.0
64fe7350-a308-4971-a391-9e2ab39d6608,math:Orz57K,1012,2026-04-23T07:50:35.319153Z,2026-04-23T07:52:24.553268Z,109.234115,1,True,True,False,0.0,0.0,0.009154649167981999,0.0,0.0,,1970,561,2531,108.48666982501163,108.48666982501163,,,2531.0,0.0,1.0,1.0
a614ab8c-0352-4f3f-b6a9-7428bd290d11,math:Orz57K,1013,2026-04-23T07:50:36.977266Z,2026-04-23T07:52:27.284861Z,110.307595,1,True,True,True,1.0,1.0,0.009065558903718279,0.009065558903718279,0.0,,1981,474,2455,109.57066664498416,109.57066664498416,,,2455.0,0.0,1.0,1.0
15c88328-ceaa-4b05-8b3f-f236c9df63b3,math:Orz57K,1014,2026-04-23T07:50:40.515042Z,2026-04-23T07:52:32.704512Z,112.18947,1,True,True,False,0.0,0.0,0.008913492505134395,0.0,0.0,,1968,698,2666,111.45414765601163,111.45414765601163,,,2666.0,0.0,1.0,1.0
58ead285-bed9-4155-8c8d-4f075228fe58,math:Orz57K,1015,2026-04-23T07:50:40.625534Z,2026-04-23T07:52:58.032367Z,137.406833,1,True,True,False,0.0,0.0,0.007277658455311316,0.0,0.0,,1991,4096,6087,136.66310408699792,136.66310408699792,,,6087.0,0.0,1.0,1.0
5f70158a-0c51-42af-8ea4-4eded4e4ef3b,math:Orz57K,1016,2026-04-23T07:50:45.461157Z,2026-04-23T07:52:59.236953Z,133.775796,1,True,True,True,1.0,1.0,0.00747519379365158,0.00747519379365158,0.0,,1975,201,2176,133.00315841997508,133.00315841997508,,,2176.0,0.0,1.0,1.0
58e0901e-9f18-4d2b-9bab-ccd7a07f669d,math:Orz57K,1013,2026-04-23T07:50:48.917293Z,2026-04-23T07:53:01.898474Z,132.981181,1,True,True,True,1.0,1.0,0.007519861024546022,0.007519861024546022,0.0,,1981,474,2455,132.26281085101073,132.26281085101073,,,2455.0,0.0,1.0,1.0
3f8d01a2-c69d-4ee7-93a7-614907d005a5,math:Orz57K,1014,2026-04-23T07:50:49.278760Z,2026-04-23T07:53:06.026483Z,136.747723,1,True,True,False,0.0,0.0,0.007312736022668545,0.0,0.0,,1968,698,2666,135.98761953500798,135.98761953500798,,,2666.0,0.0,1.0,1.0
2e60b63a-5c62-4532-9260-981a2f79ef1c,math:Orz57K,1015,2026-04-23T07:50:54.075044Z,2026-04-23T07:53:32.790889Z,158.715845,1,True,True,False,0.0,0.0,0.006300568163184968,0.0,0.0,,1991,4096,6087,157.97214054400683,157.97214054400683,,,6087.0,0.0,1.0,1.0
d0d67ca1-a656-4558-bc22-7bc3b77d9212,math:Orz57K,1016,2026-04-23T07:50:58.825817Z,2026-04-23T07:53:33.958633Z,155.132816,1,True,True,True,1.0,1.0,0.0064460893947802765,0.0064460893947802765,0.0,,1975,201,2176,154.40674904800835,154.40674904800835,,,2176.0,0.0,1.0,1.0
faea864a-12a8-42b1-88e2-265feed8a860,math:Orz57K,1017,2026-04-23T07:51:02.047782Z,2026-04-23T08:00:49.201126Z,587.153344,1,True,True,False,0.0,0.0,0.0017031325976745184,0.0,0.0,,14072,3117,17189,581.063080145017,581.063080145017,,,17189.0,0.0,1.0,1.0
c60fc783-a1ef-4a2e-b1c2-930c6a519c42,math:Orz57K,1014,2026-04-23T07:51:03.634093Z,2026-04-23T07:53:42.795532Z,159.161439,1,True,True,False,0.0,0.0,0.006282928869473215,0.0,0.0,,1968,698,2666,158.39837076200638,158.39837076200638,,,2666.0,0.0,1.0,1.0
0fe2fdff-f884-4b56-ba4b-f1fcab526583,math:Orz57K,1015,2026-04-23T07:51:07.243668Z,2026-04-23T07:54:09.659317Z,182.415649,1,True,True,False,0.0,0.0,0.005481985813618436,0.0,0.0,,1991,4096,6087,181.65342863099067,181.65342863099067,,,6087.0,0.0,1.0,1.0
6b9c22a4-fac9-425c-b56f-cd8add5d68f7,math:Orz57K,1016,2026-04-23T07:51:12.105256Z,2026-04-23T07:54:10.818293Z,178.713037,1,True,True,True,1.0,1.0,0.0055955626785078915,0.0055955626785078915,0.0,,1975,201,2176,177.9736299859942,177.9736299859942,,,2176.0,0.0,1.0,1.0
0d3a06c7-0d93-4c02-9fd2-f6707232859c,math:Orz57K,1017,2026-04-23T07:51:13.258834Z,2026-04-23T08:00:58.624879Z,585.366045,1,True,True,False,0.0,0.0,0.0017083327749220576,0.0,0.0,,14072,3117,17189,579.3419869040081,579.3419869040081,,,17189.0,0.0,1.0,1.0
224c3f01-076e-429f-98d6-1b5f51a8a477,math:Orz57K,1018,2026-04-23T07:51:16.538908Z,2026-04-23T07:54:20.336140Z,183.797232,1,True,True,True,1.0,1.0,0.005440778346433421,0.005440778346433421,0.0,,1973,830,2803,183.06103046800126,183.06103046800126,,,2803.0,0.0,1.0,1.0
be7dbfaf-64f4-48ef-a6ea-7c9ffdab7744,math:Orz57K,1015,2026-04-23T07:51:19.224434Z,2026-04-23T07:54:45.552909Z,206.328475,1,True,True,False,0.0,0.0,0.004846640775103873,0.0,0.0,,1991,4096,6087,205.58989524299977,205.58989524299977,,,6087.0,0.0,1.0,1.0
ec644954-384f-420d-8545-ea477bb50e71,math:Orz57K,1016,2026-04-23T07:51:22.285888Z,2026-04-23T07:54:46.725724Z,204.439836,1,True,True,True,1.0,1.0,0.004891414606691427,0.004891414606691427,0.0,,1975,201,2176,203.7024141960137,203.7024141960137,,,2176.0,0.0,1.0,1.0
21a360c4-0f6b-43bf-b821-dabba232c52d,math:Orz57K,1017,2026-04-23T07:51:27.075591Z,2026-04-23T08:01:10.867932Z,583.792341,1,True,True,False,0.0,0.0,0.0017129378543868222,0.0,0.0,,14072,3117,17189,577.7215046589554,577.7215046589554,,,17189.0,0.0,1.0,1.0
fb371b6d-a90e-412a-b013-00ae85f558c1,math:Orz57K,1018,2026-04-23T07:51:28.274169Z,2026-04-23T07:54:56.152333Z,207.878164,1,True,True,True,1.0,1.0,0.0048105100639622735,0.0048105100639622735,0.0,,1973,830,2803,207.15830790202017,207.15830790202017,,,2803.0,0.0,1.0,1.0
ff5510a7-401e-47ba-8c61-0a8d3ece381d,math:Orz57K,1019,2026-04-23T07:51:32.967438Z,2026-04-23T07:55:02.104712Z,209.137274,1,True,True,True,1.0,1.0,0.004781548410160496,0.004781548410160496,0.0,,2006,984,2990,208.42279555799905,208.42279555799905,,,2990.0,0.0,1.0,1.0
e0b57bd3-fb91-4882-9687-d570f38cd737,math:Orz57K,1016,2026-04-23T07:51:35.725762Z,2026-04-23T07:55:03.233053Z,207.507291,1,True,True,True,1.0,1.0,0.004819107777759963,0.004819107777759963,0.0,,1975,201,2176,206.80299620601,206.80299620601,,,2176.0,0.0,1.0,1.0
d9e7b8c8-91aa-45a7-93b7-11f21a2c0914,math:Orz57K,1017,2026-04-23T07:51:39.856068Z,2026-04-23T08:01:22.207467Z,582.351399,1,True,True,False,0.0,0.0,0.0017171762645666795,0.0,0.0,,14072,3117,17189,576.077802593034,576.077802593034,,,17189.0,0.0,1.0,1.0
2e8de8ef-8c01-4c9c-a289-cefcce9a79d3,math:Orz57K,1018,2026-04-23T07:51:44.683364Z,2026-04-23T07:55:12.880638Z,208.197274,1,True,True,True,1.0,1.0,0.00480313685567276,0.00480313685567276,0.0,,1973,830,2803,207.45096020700294,207.45096020700294,,,2803.0,0.0,1.0,1.0
2742211d-4e08-4d76-b89f-f4e7744e5adc,math:Orz57K,1019,2026-04-23T07:51:49.298368Z,2026-04-23T07:55:18.827520Z,209.529152,1,True,True,True,1.0,1.0,0.004772605579962448,0.004772605579962448,0.0,,2006,984,2990,208.81255235898425,208.81255235898425,,,2990.0,0.0,1.0,1.0
7b697463-a027-4317-ae98-e484c82d9838,math:Orz57K,1020,2026-04-23T07:51:52.012904Z,2026-04-23T07:55:21.089980Z,209.077076,1,True,True,True,1.0,1.0,0.004782925125660357,0.004782925125660357,0.0,,1962,394,2356,208.36974230600754,208.36974230600754,,,2356.0,0.0,1.0,1.0
080308ec-4976-4a48-bfc6-9445a826914c,math:Orz57K,1017,2026-04-23T07:51:56.114024Z,2026-04-23T08:01:33.144001Z,577.029977,1,True,True,False,0.0,0.0,0.0017330122174917784,0.0,0.0,,14072,3117,17189,570.882050737011,570.882050737011,,,17189.0,0.0,1.0,1.0
f5394c78-dd6f-4b9c-8ab2-47dd00a8e0ce,math:Orz57K,1018,2026-04-23T07:52:21.277078Z,2026-04-23T07:55:30.557656Z,189.280578,1,True,True,True,1.0,1.0,0.0052831622270299704,0.0052831622270299704,0.0,,1973,830,2803,188.55388493198552,188.55388493198552,,,2803.0,0.0,1.0,1.0
6f4e64c4-fc5a-4265-9707-2dd1453d472f,math:Orz57K,1019,2026-04-23T07:52:24.577380Z,2026-04-23T07:55:36.300652Z,191.723272,1,True,True,True,1.0,1.0,0.005215850895763974,0.005215850895763974,0.0,,2006,984,2990,190.9973725960008,190.9973725960008,,,2990.0,0.0,1.0,1.0
e46751a0-ebd9-41a4-8701-e7b08dd4cc9a,math:Orz57K,1020,2026-04-23T07:52:27.308272Z,2026-04-23T07:55:38.610592Z,191.30232,1,True,True,True,1.0,1.0,0.005227328136950979,0.005227328136950979,0.0,,1962,394,2356,190.58107403898612,190.58107403898612,,,2356.0,0.0,1.0,1.0
b5b1d208-0483-4299-98a6-228c2f0fb2e1,math:Orz57K,1021,2026-04-23T07:52:32.728598Z,2026-04-23T07:55:43.793697Z,191.065099,1,True,True,True,1.0,1.0,0.005233818239091379,0.005233818239091379,0.0,,1995,847,2842,190.3452457410167,190.3452457410167,,,2842.0,0.0,1.0,1.0
084c88cd-f0a9-4404-8358-4788a9859c90,math:Orz57K,1018,2026-04-23T07:52:58.055653Z,2026-04-23T07:55:48.693272Z,170.637619,1,True,True,True,1.0,1.0,0.005860372442257296,0.005860372442257296,0.0,,1973,830,2803,169.9111931869993,169.9111931869993,,,2803.0,0.0,1.0,1.0
869794f7-999f-424c-9b0f-74689412be5d,math:Orz57K,1019,2026-04-23T07:52:59.260770Z,2026-04-23T07:55:54.491890Z,175.23112,1,True,True,True,1.0,1.0,0.00570674889254831,0.00570674889254831,0.0,,2006,984,2990,174.46976144600194,174.46976144600194,,,2990.0,0.0,1.0,1.0
d66452be-03b3-437b-af66-7561499ad99d,math:Orz57K,1020,2026-04-23T07:53:01.924069Z,2026-04-23T07:55:56.765223Z,174.841154,1,True,True,True,1.0,1.0,0.005719477234747605,0.005719477234747605,0.0,,1962,394,2356,174.09718974199495,174.09718974199495,,,2356.0,0.0,1.0,1.0
84c8fc0e-b5b5-40b5-bb4a-b3aa9b365910,math:Orz57K,1021,2026-04-23T07:53:06.050602Z,2026-04-23T07:56:01.716281Z,175.665679,1,True,True,True,1.0,1.0,0.005692631626693567,0.005692631626693567,0.0,,1995,847,2842,174.91999428300187,174.91999428300187,,,2842.0,0.0,1.0,1.0
341ec7ca-4955-4604-b60c-618b839df877,math:Orz57K,1022,2026-04-23T07:53:07.631442Z,2026-04-23T07:56:03.334656Z,175.703214,1,True,True,True,1.0,1.0,0.0056914155252732026,0.0056914155252732026,0.0,,1937,289,2226,174.97565710300114,174.97565710300114,,,2226.0,0.0,1.0,1.0
6855f3bf-2d22-47cd-b8e7-9ce659b5ea0b,math:Orz57K,1019,2026-04-23T07:53:32.815636Z,2026-04-23T07:56:09.173578Z,156.357942,1,True,True,True,1.0,1.0,0.0063955817479357715,0.0063955817479357715,0.0,,2006,984,2990,155.6215157879924,155.6215157879924,,,2990.0,0.0,1.0,1.0
0f173b78-0d73-459e-a77d-cbd24d47ca95,math:Orz57K,1020,2026-04-23T07:53:33.983537Z,2026-04-23T07:56:11.525434Z,157.541897,1,True,True,True,1.0,1.0,0.006347517828860471,0.006347517828860471,0.0,,1962,394,2356,156.75711170598515,156.75711170598515,,,2356.0,0.0,1.0,1.0
4e97b360-a096-435f-82c8-c79d10a83571,math:Orz57K,1021,2026-04-23T07:53:42.827053Z,2026-04-23T07:56:21.395711Z,158.568658,1,True,True,True,1.0,1.0,0.006306416492469779,0.006306416492469779,0.0,,1995,847,2842,157.81360167899402,157.81360167899402,,,2842.0,0.0,1.0,1.0
4339279f-054c-4046-86a3-bca33f466a30,math:Orz57K,1022,2026-04-23T07:53:44.453015Z,2026-04-23T07:56:23.081077Z,158.628062,1,True,True,True,1.0,1.0,0.006304054827323049,0.006304054827323049,0.0,,1937,289,2226,157.85729746200377,157.85729746200377,,,2226.0,0.0,1.0,1.0
c519b08c-d37e-465f-8156-ea53ff70a546,math:Orz57K,1023,2026-04-23T07:54:09.683524Z,2026-04-23T07:56:48.334131Z,158.650607,1,True,True,False,0.0,0.0,0.006303158991380348,0.0,0.0,,1953,4096,6049,157.88931341000716,157.88931341000716,,,6049.0,0.0,1.0,1.0
32273f35-b43e-4dbd-83db-1558dff0d89f,math:Orz57K,1020,2026-04-23T07:54:10.843748Z,2026-04-23T07:56:50.212146Z,159.368398,1,True,True,True,1.0,1.0,0.0062747697319515,0.0062747697319515,0.0,,1962,331,2293,158.6405694099958,158.6405694099958,,,2293.0,0.0,1.0,1.0
9ccbb694-f549-4198-a545-e5f7923ecf75,math:Orz57K,1021,2026-04-23T07:54:20.361934Z,2026-04-23T07:57:00.032487Z,159.670553,1,True,True,True,1.0,1.0,0.0062628955759926495,0.0062628955759926495,0.0,,1995,847,2842,158.9161675850046,158.9161675850046,,,2842.0,0.0,1.0,1.0
4520bd7d-f565-49e3-ae65-fadbc1e85174,math:Orz57K,1022,2026-04-23T07:54:45.576503Z,2026-04-23T07:57:01.696538Z,136.120035,1,True,True,True,1.0,1.0,0.00734645711779313,0.00734645711779313,0.0,,1937,289,2226,135.3834084350092,135.3834084350092,,,2226.0,0.0,1.0,1.0
c97775d8-730d-43b1-85d7-1feca1612410,math:Orz57K,1023,2026-04-23T07:54:46.749977Z,2026-04-23T07:57:26.944521Z,160.194544,1,True,True,False,0.0,0.0,0.006242409853858693,0.0,0.0,,1953,4096,6049,159.47340958900168,159.47340958900168,,,6049.0,0.0,1.0,1.0
6a430797-901a-499d-93ea-5c911169adaf,math:Orz57K,1024,2026-04-23T07:54:56.177622Z,2026-04-23T08:00:10.802844Z,314.625222,1,True,True,True,1.0,1.0,0.0031783847259391046,0.0031783847259391046,0.0,,4444,362,4806,312.20207170301,312.20207170301,,,4806.0,0.0,1.0,1.0
4194c8a2-741b-4df7-9104-d1f438367095,math:Orz57K,1021,2026-04-23T07:54:56.420662Z,2026-04-23T07:57:38.846402Z,162.42574,1,True,True,True,1.0,1.0,0.006156659652589547,0.006156659652589547,0.0,,1995,847,2842,161.69153207499767,161.69153207499767,,,2842.0,0.0,1.0,1.0
939474a5-1b09-4ab5-a6c1-173110c3b7c1,math:Orz57K,1022,2026-04-23T07:55:02.128692Z,2026-04-23T07:57:40.510515Z,158.381823,1,True,True,True,1.0,1.0,0.006313855852006452,0.006313855852006452,0.0,,1937,289,2226,157.67688679898856,157.67688679898856,,,2226.0,0.0,1.0,1.0
4321fe98-31f8-41a4-a9b8-95fa138c3334,math:Orz57K,1023,2026-04-23T07:55:03.257665Z,2026-04-23T07:58:05.742353Z,182.484688,1,True,True,False,0.0,0.0,0.005479911826903526,0.0,0.0,,1953,4096,6049,181.74661207501777,181.74661207501777,,,6049.0,0.0,1.0,1.0
37e7942b-9730-4f79-b591-d7c53eea7018,math:Orz57K,1024,2026-04-23T07:55:12.905571Z,2026-04-23T08:00:22.058592Z,309.153021,1,True,True,True,1.0,1.0,0.0032346441149607914,0.0032346441149607914,0.0,,4444,362,4806,306.62948208101443,306.62948208101443,,,4806.0,0.0,1.0,1.0
b5d5950e-5f7d-49ce-9e25-08cec5c83df8,math:Orz57K,1025,2026-04-23T07:55:13.094828Z,2026-04-23T07:58:17.892841Z,184.798013,1,True,True,False,0.0,0.0,0.0054113135945893535,0.0,0.0,,1979,854,2833,184.02634856899385,184.02634856899385,,,2833.0,0.0,1.0,1.0
a67a526b-38c7-4961-aa48-c17e818dfa93,math:Orz57K,1022,2026-04-23T07:55:18.852007Z,2026-04-23T07:58:19.480287Z,180.62828,1,True,True,True,1.0,1.0,0.0055362316465616575,0.0055362316465616575,0.0,,1937,289,2226,179.922129891027,179.922129891027,,,2226.0,0.0,1.0,1.0
0c733526-ef97-480a-aee3-21e0ff1a849e,math:Orz57K,1023,2026-04-23T07:55:21.114944Z,2026-04-23T07:58:44.707403Z,203.592459,1,True,True,False,0.0,0.0,0.004911773279382612,0.0,0.0,,1953,4096,6049,202.8830803069868,202.8830803069868,,,6049.0,0.0,1.0,1.0
48026c69-038e-4296-8525-43e97cc0176f,math:Orz57K,1024,2026-04-23T07:55:30.582171Z,2026-04-23T08:00:31.345847Z,300.763676,1,True,True,True,1.0,1.0,0.003324869589637547,0.003324869589637547,0.0,,4444,362,4806,298.32703136099735,298.32703136099735,,,4806.0,0.0,1.0,1.0
4e385869-9fcc-4a6a-aae0-ab1a9369ce2c,math:Orz57K,1025,2026-04-23T07:55:36.324842Z,2026-04-23T07:58:56.711976Z,200.387134,1,True,True,False,0.0,0.0,0.004990340347898783,0.0,0.0,,1979,854,2833,199.6254364589986,199.6254364589986,,,2833.0,0.0,1.0,1.0
0a3fcb69-ffa0-4a29-a6f6-28480ce3e43e,math:Orz57K,1026,2026-04-23T07:55:38.634451Z,2026-04-23T08:00:34.315950Z,295.681499,1,True,True,False,0.0,0.0,0.0033820174863223354,0.0,0.0,,4070,97,4167,293.15578245098004,293.15578245098004,,,4167.0,0.0,1.0,1.0
44eed6b6-ec84-47a8-a770-9b3d23731fac,math:Orz57K,1023,2026-04-23T07:55:38.847505Z,2026-04-23T07:59:22.427989Z,223.580484,1,True,True,False,0.0,0.0,0.004472662291937788,0.0,0.0,,1953,4096,6049,222.86867634701775,222.86867634701775,,,6049.0,0.0,1.0,1.0
577f28d7-62df-478a-a8c1-3d702125bb0b,math:Orz57K,1024,2026-04-23T07:55:43.818717Z,2026-04-23T08:00:35.299878Z,291.481161,1,True,True,True,1.0,1.0,0.0034307534544230803,0.0034307534544230803,0.0,,4444,362,4806,288.9147535620141,288.9147535620141,,,4806.0,0.0,1.0,1.0
0487cd7a-bcd0-4d11-9c4b-1f0e8143047a,math:Orz57K,1025,2026-04-23T07:55:48.715664Z,2026-04-23T07:59:29.536898Z,220.821234,1,True,True,False,0.0,0.0,0.004528550003483813,0.0,0.0,,1979,854,2833,220.06125804700423,220.06125804700423,,,2833.0,0.0,1.0,1.0
1ebf6a55-77ca-4e79-828d-9d1c368439a7,math:Orz57K,1026,2026-04-23T07:55:54.517934Z,2026-04-23T08:00:39.122168Z,284.604234,1,True,True,False,0.0,0.0,0.0035136511707693,0.0,0.0,,4070,97,4167,282.0514288380218,282.0514288380218,,,4167.0,0.0,1.0,1.0
5fb22416-0406-4a32-822e-42587e0a9d26,math:Orz57K,1027,2026-04-23T07:55:56.789926Z,2026-04-23T07:59:32.550452Z,215.760526,1,True,True,True,1.0,1.0,0.004634768085428194,0.004634768085428194,0.0,,2059,427,2486,215.0240717099805,215.0240717099805,,,2486.0,0.0,1.0,1.0
7e9ef5c3-8577-4db5-993b-eb4901491d88,math:Orz57K,1024,2026-04-23T07:56:01.739390Z,2026-04-23T08:00:39.830018Z,278.090628,1,True,True,True,1.0,1.0,0.003595950022450955,0.003595950022450955,0.0,,4444,362,4806,275.5751945140073,275.5751945140073,,,4806.0,0.0,1.0,1.0
62e8b42d-eb29-418b-b019-40145993ce1a,math:Orz57K,1025,2026-04-23T07:56:03.360861Z,2026-04-23T07:59:39.646875Z,216.286014,1,True,True,False,0.0,0.0,0.004623507463594017,0.0,0.0,,1979,854,2833,215.5198595779948,215.5198595779948,,,2833.0,0.0,1.0,1.0
00bf3e68-10b3-44f5-97e9-019bbefba16e,math:Orz57K,1026,2026-04-23T07:56:09.196534Z,2026-04-23T08:00:42.916612Z,273.720078,1,True,True,False,0.0,0.0,0.003653367364596469,0.0,0.0,,4070,97,4167,271.05096893102746,271.05096893102746,,,4167.0,0.0,1.0,1.0
20b226c0-e6ce-45d2-b1d9-22de07e8e8a6,math:Orz57K,1027,2026-04-23T07:56:11.548736Z,2026-04-23T07:59:42.678398Z,211.129662,1,True,True,True,1.0,1.0,0.0047364259030547775,0.0047364259030547775,0.0,,2059,427,2486,210.39350204900256,210.39350204900256,,,2486.0,0.0,1.0,1.0
1acdbcb4-7c2e-416f-a841-4460cd9d39c7,math:Orz57K,1028,2026-04-23T07:56:21.421456Z,2026-04-23T08:00:49.166322Z,267.744866,1,True,True,True,1.0,1.0,0.0037348988794429394,0.0037348988794429394,0.0,,4101,123,4224,265.19525073302793,265.19525073302793,,,4224.0,0.0,1.0,1.0
3d5749b0-e289-4fd4-b8d2-b592b96dbc20,math:Orz57K,1025,2026-04-23T07:56:23.105399Z,2026-04-23T07:59:53.539100Z,210.433701,1,True,True,False,0.0,0.0,0.004752090540858757,0.0,0.0,,1979,854,2833,209.66936373099452,209.66936373099452,,,2833.0,0.0,1.0,1.0
25c354d0-5af7-46ea-aaff-615467ea9d8a,math:Orz57K,1026,2026-04-23T07:56:48.358942Z,2026-04-23T08:00:53.092573Z,244.733631,1,True,True,False,0.0,0.0,0.00408607511731806,0.0,0.0,,4070,97,4167,242.18972317600856,242.18972317600856,,,4167.0,0.0,1.0,1.0
5523bd92-c472-44d7-946c-65657eb4fab8,math:Orz57K,1027,2026-04-23T07:56:50.235904Z,2026-04-23T07:59:56.534886Z,186.298982,1,True,True,True,1.0,1.0,0.005367715857942799,0.005367715857942799,0.0,,2059,427,2486,185.57633099201485,185.57633099201485,,,2486.0,0.0,1.0,1.0
e3ec2264-6bbc-4a02-9d59-cd48a93663f2,math:Orz57K,1028,2026-04-23T07:57:00.056675Z,2026-04-23T08:00:58.548954Z,238.492279,1,True,True,True,1.0,1.0,0.004193007858338257,0.004193007858338257,0.0,,4101,123,4224,236.02556313498644,236.02556313498644,,,4224.0,0.0,1.0,1.0
08b6824c-d78f-41c7-b8c9-7a09ee86a71a,math:Orz57K,1029,2026-04-23T07:57:01.719396Z,2026-04-23T08:00:05.058239Z,183.338843,1,True,True,True,1.0,1.0,0.005454381535504727,0.005454381535504727,0.0,,2015,472,2487,182.63511357898824,182.63511357898824,,,2487.0,0.0,1.0,1.0
6afbe8bd-ca0a-4f60-8e97-53c607c272e8,math:Orz57K,1026,2026-04-23T07:57:26.969418Z,2026-04-23T08:01:01.820445Z,214.851027,1,True,True,False,0.0,0.0,0.004654387805183729,0.0,0.0,,4070,97,4167,212.25317882397212,212.25317882397212,,,4167.0,0.0,1.0,1.0
762ba674-2b07-4d34-83d7-99e068f6b992,math:Orz57K,1027,2026-04-23T07:57:38.869407Z,2026-04-23T08:00:13.358997Z,154.48959,1,True,True,True,1.0,1.0,0.006472928046478731,0.006472928046478731,0.0,,2059,427,2486,153.76714925898705,153.76714925898705,,,2486.0,0.0,1.0,1.0
eb8e5741-c91e-46c8-a5b8-27871e034716,math:Orz57K,1028,2026-04-23T07:57:40.533905Z,2026-04-23T08:01:14.577034Z,214.043129,1,True,True,True,1.0,1.0,0.004671955622551191,0.004671955622551191,0.0,,4101,123,4224,211.49056338501396,211.49056338501396,,,4224.0,0.0,1.0,1.0
0b332337-fbe5-4123-a019-5289480871ab,math:Orz57K,1029,2026-04-23T07:58:05.766715Z,2026-04-23T08:00:16.816432Z,131.049717,1,True,True,True,1.0,1.0,0.007630691793100172,0.007630691793100172,0.0,,2015,472,2487,130.35494378901785,130.35494378901785,,,2487.0,0.0,1.0,1.0
84595b80-6c62-46a3-9fd2-6a6b493c2a50,math:Orz57K,1030,2026-04-23T07:58:17.916170Z,2026-04-23T08:08:28.129991Z,610.213821,1,True,True,False,0.0,0.0,0.00163876983048537,0.0,0.0,,8894,636,9530,604.1482955810206,604.1482955810206,,,9530.0,0.0,1.0,1.0
9c1905e7-1046-4a1e-bcac-8be35a4d77ee,math:Orz57K,1027,2026-04-23T07:58:19.504621Z,2026-04-23T08:00:25.536205Z,126.031584,1,True,True,True,1.0,1.0,0.007934519017074324,0.007934519017074324,0.0,,2059,427,2486,125.30294133801362,125.30294133801362,,,2486.0,0.0,1.0,1.0
65c073cd-364e-44a9-b3b1-45cae85bcc14,math:Orz57K,1028,2026-04-23T07:58:44.732452Z,2026-04-23T08:01:23.998107Z,159.265655,1,True,True,True,1.0,1.0,0.006278817614507032,0.006278817614507032,0.0,,4101,123,4224,156.7014909319696,156.7014909319696,,,4224.0,0.0,1.0,1.0
83ad3a67-5cfa-44c5-81bf-8142566af601,math:Orz57K,1029,2026-04-23T07:58:56.737125Z,2026-04-23T08:00:34.144481Z,97.407356,1,True,True,True,1.0,1.0,0.01026616511385444,0.01026616511385444,0.0,,2015,472,2487,96.65200844401261,96.65200844401261,,,2487.0,0.0,1.0,1.0
3f5c73e5-6745-4827-9462-4fc8648840b6,math:Orz57K,1030,2026-04-23T07:59:22.453163Z,2026-04-23T08:09:15.311876Z,592.858713,1,True,True,False,0.0,0.0,0.0016867425207260133,0.0,0.0,,8894,636,9530,586.8462973839778,586.8462973839778,,,9530.0,0.0,1.0,1.0
8d915a09-9318-4b64-b791-a8269ffb6048,math:Orz57K,1031,2026-04-23T07:59:29.561294Z,2026-04-23T08:00:38.933218Z,69.371924,1,True,True,False,0.0,0.0,0.014415053559708102,0.0,0.0,,2057,619,2676,68.60708879100275,68.60708879100275,,,2676.0,0.0,1.0,1.0
231e8bb4-e849-40e0-887c-dff5b7604de4,math:Orz57K,1028,2026-04-23T07:59:32.574752Z,2026-04-23T08:01:45.153215Z,132.578463,1,True,True,True,1.0,1.0,0.007542703221714073,0.007542703221714073,0.0,,4101,123,4224,130.07806835902738,130.07806835902738,,,4224.0,0.0,1.0,1.0
a8135893-0ecd-4e26-95b4-0edaa0e44472,math:Orz57K,1029,2026-04-23T07:59:39.670655Z,2026-04-23T08:00:42.620697Z,62.950042,1,True,True,True,1.0,1.0,0.015885612911902425,0.015885612911902425,0.0,,2015,472,2487,62.22056515500299,62.22056515500299,,,2487.0,0.0,1.0,1.0
f97897c7-20eb-4689-a286-b1b7be8e6504,math:Orz57K,1030,2026-04-23T07:59:42.703144Z,2026-04-23T08:09:29.842912Z,587.139768,1,True,True,False,0.0,0.0,0.0017031719779539785,0.0,0.0,,8894,636,9530,581.0645731429977,581.0645731429977,,,9530.0,0.0,1.0,1.0
f2668a46-4af1-4d62-8341-d15f0f593126,math:Orz57K,1031,2026-04-23T07:59:53.563224Z,2026-04-23T08:00:52.936982Z,59.373758,1,True,True,False,0.0,0.0,0.016842457571912495,0.0,0.0,,2057,634,2691,58.57495792399277,58.57495792399277,,,2691.0,0.0,1.0,1.0
fc8ad688-f828-48fa-a387-f0fa18beaeb0,math:Orz57K,1032,2026-04-23T07:59:56.558760Z,2026-04-23T08:06:44.503983Z,407.945223,1,True,True,True,1.0,1.0,0.0024513094984813686,0.0024513094984813686,0.0,,6135,126,6261,403.72619620498153,403.72619620498153,,,6261.0,0.0,1.0,1.0
821dda93-4409-4c05-8b46-4f4a328068b9,math:Orz57K,1029,2026-04-23T08:00:05.081340Z,2026-04-23T08:01:01.632489Z,56.551149,1,True,True,True,1.0,1.0,0.017683106668619587,0.017683106668619587,0.0,,2015,528,2543,55.81686801998876,55.81686801998876,,,2543.0,0.0,1.0,1.0
aa623301-9f52-444e-a75d-4093814bae36,math:Orz57K,1030,2026-04-23T08:00:10.828153Z,2026-04-23T08:01:05.450806Z,54.622653,1,True,True,True,1.0,1.0,0.018307422746383265,0.018307422746383265,0.0,,1964,645,2609,53.88214973700815,53.88214973700815,,,2609.0,0.0,1.0,1.0
d1a9e114-3caa-4751-aa0b-6cea05cf888f,math:Orz57K,1031,2026-04-23T08:00:13.385176Z,2026-04-23T08:01:14.517544Z,61.132368,1,True,True,False,0.0,0.0,0.01635794641555518,0.0,0.0,,2057,634,2691,60.34530589001952,60.34530589001952,,,2691.0,0.0,1.0,1.0
8e83b23e-6c0e-4362-b154-4e41a09e8681,math:Orz57K,1032,2026-04-23T08:00:16.840252Z,2026-04-23T08:08:10.155080Z,473.314828,1,True,True,True,1.0,1.0,0.0021127586562743393,0.0021127586562743393,0.0,,6135,126,6261,469.17855504198815,469.17855504198815,,,6261.0,0.0,1.0,1.0
331189e8-aac2-4164-be57-475023f616e7,math:Orz57K,1033,2026-04-23T08:00:22.083438Z,2026-04-23T08:01:16.791966Z,54.708528,1,True,True,True,1.0,1.0,0.01827868591163703,0.01827868591163703,0.0,,1965,322,2287,53.97204294698895,53.97204294698895,,,2287.0,0.0,1.0,1.0
59a1c6ff-493a-4f03-a5ac-0c4bb31536c8,math:Orz57K,1030,2026-04-23T08:00:25.561181Z,2026-04-23T08:11:07.360654Z,641.799473,1,True,True,False,0.0,0.0,0.0015581190731205226,0.0,0.0,,8894,636,9530,635.8239731870126,635.8239731870126,,,9530.0,0.0,1.0,1.0
ac3a1430-fe68-422d-b06e-d54eebfb0cb1,math:Orz57K,1031,2026-04-23T08:00:31.370460Z,2026-04-23T08:01:27.795446Z,56.424986,1,True,True,False,0.0,0.0,0.017722645070749332,0.0,0.0,,2057,634,2691,55.646516284003155,55.646516284003155,,,2691.0,0.0,1.0,1.0
54386803-8108-4dd2-b681-fb04ae237318,math:Orz57K,1032,2026-04-23T08:00:34.169084Z,2026-04-23T08:08:49.689193Z,495.520109,1,True,True,True,1.0,1.0,0.0020180815709337843,0.0020180815709337843,0.0,,6135,126,6261,491.34309523698175,491.34309523698175,,,6261.0,0.0,1.0,1.0
9ba23ea8-1dbe-4f0e-a2ed-b264ccafad0b,math:Orz57K,1033,2026-04-23T08:00:34.338877Z,2026-04-23T08:01:35.868426Z,61.529549,1,True,True,True,1.0,1.0,0.01625235380808658,0.01625235380808658,0.0,,1965,459,2424,60.822315147990594,60.822315147990594,,,2424.0,0.0,1.0,1.0
2edad1b4-592c-4d19-abc7-b7c910a83e2e,math:Orz57K,1034,2026-04-23T08:00:35.323295Z,2026-04-23T08:01:38.358695Z,63.0354,1,True,True,False,0.0,0.0,0.01586410175869432,0.0,0.0,,1938,415,2353,62.254633253993234,62.254633253993234,,,2353.0,0.0,1.0,1.0
23fd71e3-d1b7-440c-be61-5aceab7c54f5,math:Orz57K,1031,2026-04-23T08:00:38.960552Z,2026-04-23T08:01:42.118664Z,63.158112,1,True,True,False,0.0,0.0,0.015833278866854032,0.0,0.0,,2057,475,2532,62.40126364098978,62.40126364098978,,,2532.0,0.0,1.0,1.0
4991f35d-9dd0-4049-9a19-1dc77edf475e,math:Orz57K,1032,2026-04-23T08:00:39.145416Z,2026-04-23T08:09:18.709211Z,519.563795,1,True,True,True,1.0,1.0,0.0019246914616134867,0.0019246914616134867,0.0,,6193,233,6426,515.2522418920125,515.2522418920125,,,6426.0,0.0,1.0,1.0
7fbd6264-e1dd-4ef4-bc19-5e33013e3024,math:Orz57K,1033,2026-04-23T08:00:39.854279Z,2026-04-23T08:01:45.071241Z,65.216962,1,True,True,True,1.0,1.0,0.015333434268219977,0.015333434268219977,0.0,,1965,459,2424,64.47749040400959,64.47749040400959,,,2424.0,0.0,1.0,1.0
8900b5cb-f09f-4a68-9e6d-6858d11c750c,math:Orz57K,1034,2026-04-23T08:00:42.644761Z,2026-04-23T08:01:47.609222Z,64.964461,1,True,True,False,0.0,0.0,0.015393031583837816,0.0,0.0,,1938,415,2353,64.22605334999389,64.22605334999389,,,2353.0,0.0,1.0,1.0
a9617d95-27c5-4eb8-8f45-361c5b246e7c,math:Orz57K,1035,2026-04-23T08:00:42.941596Z,2026-04-23T08:12:23.426248Z,700.484652,1,True,True,False,0.0,0.0,0.0014275830271867256,0.0,0.0,,24377,9458,33835,694.4488103069889,694.4488103069889,,,33835.0,0.0,1.0,1.0
772c4c58-11d1-4567-ad11-4618c0a4d9d0,math:Orz57K,1032,2026-04-23T08:00:49.191066Z,2026-04-23T08:09:30.433551Z,521.242485,1,True,True,True,1.0,1.0,0.0019184928872403792,0.0019184928872403792,0.0,,6193,239,6432,516.8271044079738,516.8271044079738,,,6432.0,0.0,1.0,1.0
56adf952-31bb-4d9f-a9c0-72034fb6c978,math:Orz57K,1033,2026-04-23T08:00:49.225160Z,2026-04-23T08:02:16.880278Z,87.655118,1,True,True,True,1.0,1.0,0.011408346971822,0.011408346971822,0.0,,1965,459,2424,86.89813536198926,86.89813536198926,,,2424.0,0.0,1.0,1.0
f4fd96c6-9c0a-476a-8f6c-0baca4e80649,math:Orz57K,1034,2026-04-23T08:00:52.962545Z,2026-04-23T08:02:19.307926Z,86.345381,1,True,True,False,0.0,0.0,0.01158139541940292,0.0,0.0,,1938,415,2353,85.61098565001157,85.61098565001157,,,2353.0,0.0,1.0,1.0
a934ea55-203a-4e51-b156-fec154520f6e,math:Orz57K,1035,2026-04-23T08:00:53.117070Z,2026-04-23T08:09:41.562222Z,528.445152,1,True,True,False,0.0,0.0,0.001892343975936409,0.0,0.0,,16921,6595,23516,524.2607878629933,524.2607878629933,,,23516.0,0.0,1.0,1.0
10dfd166-a17f-42dd-be4f-e4b39aac26e6,math:Orz57K,1036,2026-04-23T08:00:58.572777Z,2026-04-23T08:02:46.551027Z,107.97825,1,True,True,False,0.0,0.0,0.009261124346801323,0.0,0.0,,1982,290,2272,107.26464749497245,107.26464749497245,,,2272.0,0.0,1.0,1.0
1919f7f1-a7db-4671-84d9-be7d42784bb0,math:Orz57K,1033,2026-04-23T08:00:58.650443Z,2026-04-23T08:02:49.281188Z,110.630745,1,True,True,True,1.0,1.0,0.009039078603330385,0.009039078603330385,0.0,,1965,459,2424,109.86868827900616,109.86868827900616,,,2424.0,0.0,1.0,1.0
fa8f6f9b-c926-4674-a87d-781ea92023b2,math:Orz57K,1034,2026-04-23T08:01:01.657147Z,2026-04-23T08:02:51.687178Z,110.030031,1,True,True,False,0.0,0.0,0.009088427867479197,0.0,0.0,,1938,415,2353,109.25762198099983,109.25762198099983,,,2353.0,0.0,1.0,1.0
7165d2a5-9fa6-4735-b7f3-7975e31ef868,math:Orz57K,1035,2026-04-23T08:01:01.845824Z,2026-04-23T08:13:22.634650Z,740.788826,1,True,True,False,0.0,0.0,0.0013499123703034905,0.0,0.0,,24413,9208,33621,734.9375906809873,734.9375906809873,,,33621.0,0.0,1.0,1.0
7242e9d9-1422-417f-a253-29b8fabba62b,math:Orz57K,1036,2026-04-23T08:01:05.474469Z,2026-04-23T08:03:18.600852Z,133.126383,1,True,True,False,0.0,0.0,0.007511659052586142,0.0,0.0,,1982,290,2272,132.41378765902482,132.41378765902482,,,2272.0,0.0,1.0,1.0
268f817e-e592-4813-bd0a-bf7d797c2a6b,math:Orz57K,1037,2026-04-23T08:01:10.892366Z,2026-04-23T08:03:26.282152Z,135.389786,1,True,True,True,1.0,1.0,0.0073860815468014705,0.0073860815468014705,0.0,,2016,1298,3314,134.63468558102613,134.63468558102613,,,3314.0,0.0,1.0,1.0
9080c1e9-5c38-40d5-8bff-67aeb6845e76,math:Orz57K,1034,2026-04-23T08:01:14.542663Z,2026-04-23T08:03:28.662018Z,134.119355,1,True,True,False,0.0,0.0,0.00745604540075517,0.0,0.0,,1938,415,2353,133.3696711329976,133.3696711329976,,,2353.0,0.0,1.0,1.0
f74b7d53-fcee-481e-9be7-9019368b0f7d,math:Orz57K,1035,2026-04-23T08:01:14.600664Z,2026-04-23T08:13:49.662596Z,755.061932,1,True,True,False,0.0,0.0,0.0013243946723035165,0.0,0.0,,24413,9208,33621,749.0465250480047,749.0465250480047,,,33621.0,0.0,1.0,1.0
72110d08-3b2b-4405-ab9a-84f909d71d19,math:Orz57K,1036,2026-04-23T08:01:16.816648Z,2026-04-23T08:03:56.105100Z,159.288452,1,True,True,False,0.0,0.0,0.006277919004448609,0.0,0.0,,1982,290,2272,158.53651930802152,158.53651930802152,,,2272.0,0.0,1.0,1.0
180beb5b-324f-4b38-8a86-8fff80f27683,math:Orz57K,1037,2026-04-23T08:01:22.232914Z,2026-04-23T08:04:03.728312Z,161.495398,1,True,True,True,1.0,1.0,0.0061921269112572485,0.0061921269112572485,0.0,,2016,1298,3314,160.76051483798074,160.76051483798074,,,3314.0,0.0,1.0,1.0
762c77ca-7681-4d09-8bdd-b2196e11f210,math:Orz57K,1038,2026-04-23T08:01:24.023039Z,2026-04-23T08:04:28.952895Z,184.929856,1,True,True,False,0.0,0.0,0.005407455678762871,0.0,0.0,,1984,4096,6080,184.1973779850232,184.1973779850232,,,6080.0,0.0,1.0,1.0
94f88c03-e6e9-4153-8a1d-b6dd00b4bb77,math:Orz57K,1035,2026-04-23T08:01:27.820943Z,2026-04-23T08:11:08.135624Z,580.314681,1,True,True,False,0.0,0.0,0.001723203001304046,0.0,0.0,,16921,6595,23516,576.103348662029,576.103348662029,,,23516.0,0.0,1.0,1.0
054f2602-fb15-479d-9896-3a9d07967252,math:Orz57K,1036,2026-04-23T08:01:33.168716Z,2026-04-23T08:04:57.946685Z,204.777969,1,True,True,False,0.0,0.0,0.004883337816481616,0.0,0.0,,1982,290,2272,204.04473211898585,204.04473211898585,,,2272.0,0.0,1.0,1.0
17160b38-e015-4d66-946d-2751095cfb12,math:Orz57K,1037,2026-04-23T08:01:35.891989Z,2026-04-23T08:05:05.988325Z,210.096336,1,True,True,True,1.0,1.0,0.0047597212737684295,0.0047597212737684295,0.0,,2016,1298,3314,209.33821839099983,209.33821839099983,,,3314.0,0.0,1.0,1.0
0c3917ee-5320-4bbc-87e6-734411d6328c,math:Orz57K,1038,2026-04-23T08:01:38.383214Z,2026-04-23T08:05:31.277471Z,232.894257,1,True,True,False,0.0,0.0,0.004293794157405951,0.0,0.0,,1984,4096,6080,232.15320808801334,232.15320808801334,,,6080.0,0.0,1.0,1.0
eed8023d-25a5-437e-8845-b397f0941fdc,math:Orz57K,1039,2026-04-23T08:01:42.146971Z,2026-04-23T08:05:42.141495Z,239.994524,1,True,True,False,0.0,0.0,0.004166761738280328,0.0,0.0,,2087,1668,3755,239.2571233700146,239.2571233700146,,,3755.0,0.0,1.0,1.0
56d41695-f0cf-4e3c-b3bd-cd4657c97ae4,math:Orz57K,1036,2026-04-23T08:01:45.098013Z,2026-04-23T08:05:44.541866Z,239.443853,1,True,True,False,0.0,0.0,0.004176344422589959,0.0,0.0,,1982,290,2272,238.71721142501337,238.71721142501337,,,2272.0,0.0,1.0,1.0
e76de675-63a5-41c8-a954-6d3b58a434f3,math:Orz57K,1037,2026-04-23T08:01:45.177499Z,2026-04-23T08:05:52.073960Z,246.896461,1,True,True,True,1.0,1.0,0.004050280817917435,0.004050280817917435,0.0,,2016,1267,3283,246.15690376298153,246.15690376298153,,,3283.0,0.0,1.0,1.0
d3791e66-76c7-4056-9f2d-4c6cd3e8743e,math:Orz57K,1038,2026-04-23T08:01:47.631919Z,2026-04-23T08:06:01.171030Z,253.539111,1,True,True,False,0.0,0.0,0.003944164653949584,0.0,0.0,,1984,1548,3532,252.80123597601778,252.80123597601778,,,3532.0,0.0,1.0,1.0
eb415f19-b1ca-4b43-978a-41782b3e59de,math:Orz57K,1039,2026-04-23T08:02:16.904953Z,2026-04-23T08:06:25.479780Z,248.574827,1,True,True,False,0.0,0.0,0.004022933504847617,0.0,0.0,,2087,1668,3755,247.82589951498085,247.82589951498085,,,3755.0,0.0,1.0,1.0
7dd4b329-3dc6-4dc2-8593-536fbeea65f3,math:Orz57K,1040,2026-04-23T08:02:19.332303Z,2026-04-23T08:12:48.314285Z,628.981982,1,True,True,True,1.0,1.0,0.0015898706618276389,0.0015898706618276389,0.0,,6875,484,7359,624.6994096220005,624.6994096220005,,,7359.0,0.0,1.0,1.0
ccc09417-5dbd-43f4-b0fa-cb5411a9997b,math:Orz57K,1037,2026-04-23T08:02:46.575719Z,2026-04-23T08:06:52.156370Z,245.580651,1,True,True,True,1.0,1.0,0.00407198203900844,0.00407198203900844,0.0,,2016,1275,3291,244.8401336479874,244.8401336479874,,,3291.0,0.0,1.0,1.0
0fc949bc-bf61-4a00-a7c3-a04e332e30eb,math:Orz57K,1038,2026-04-23T08:02:49.306455Z,2026-04-23T08:07:01.068709Z,251.762254,1,True,True,False,0.0,0.0,0.003972001299289289,0.0,0.0,,1984,1511,3495,251.03257166600088,251.03257166600088,,,3495.0,0.0,1.0,1.0
bae3d916-08d7-469f-96d6-9c0b94b9ca45,math:Orz57K,1039,2026-04-23T08:02:51.711937Z,2026-04-23T08:07:10.998256Z,259.286319,1,True,True,False,0.0,0.0,0.003856740316483879,0.0,0.0,,2087,1668,3755,258.5198220500024,258.5198220500024,,,3755.0,0.0,1.0,1.0
267802de-74d1-4226-ac9c-817332bdd8aa,math:Orz57K,1040,2026-04-23T08:03:18.625955Z,2026-04-23T08:10:20.592388Z,421.966433,1,True,True,True,1.0,1.0,0.0023698567511411506,0.0023698567511411506,0.0,,4618,624,5242,419.4208880950173,419.4208880950173,,,5242.0,0.0,1.0,1.0
b19f0d4a-5167-4c68-bd34-42c8734e4262,math:Orz57K,1041,2026-04-23T08:03:26.306548Z,2026-04-23T08:07:33.485332Z,247.178784,1,True,True,False,0.0,0.0,0.0040456546626590735,0.0,0.0,,1981,1111,3092,246.42316088400548,246.42316088400548,,,3092.0,0.0,1.0,1.0
a9c89b74-2fd6-4380-86cc-7c958462c530,math:Orz57K,1038,2026-04-23T08:03:28.686180Z,2026-04-23T08:07:57.451260Z,268.76508,1,True,True,False,0.0,0.0,0.0037207214568202086,0.0,0.0,,1984,3913,5897,268.0455902169924,268.0455902169924,,,5897.0,0.0,1.0,1.0
a6b2b0ed-503f-4600-bb93-f5f8defb49c4,math:Orz57K,1039,2026-04-23T08:03:56.130124Z,2026-04-23T08:08:20.276654Z,264.14653,1,True,True,False,0.0,0.0,0.0037857775379445645,0.0,0.0,,2087,1668,3755,263.3911908509908,263.3911908509908,,,3755.0,0.0,1.0,1.0
d51b796e-b7d0-42ba-81c4-461a051163a0,math:Orz57K,1040,2026-04-23T08:04:03.752931Z,2026-04-23T08:13:52.722990Z,588.970059,1,True,True,True,1.0,1.0,0.0016978791786086361,0.0016978791786086361,0.0,,6875,484,7359,584.8032295559824,584.8032295559824,,,7359.0,0.0,1.0,1.0
5e570bda-f59e-4b47-b3e2-9a3dacdcd4f6,math:Orz57K,1041,2026-04-23T08:04:28.977570Z,2026-04-23T08:08:27.138810Z,238.16124,1,True,True,False,0.0,0.0,0.004198836049056513,0.0,0.0,,1981,926,2907,237.42504025102244,237.42504025102244,,,2907.0,0.0,1.0,1.0
137f255e-2ee9-493d-82c9-51b614254fb6,math:Orz57K,1042,2026-04-23T08:04:57.971858Z,2026-04-23T08:08:49.692917Z,231.721059,1,True,True,False,0.0,0.0,0.004315533531201409,0.0,0.0,,1967,501,2468,230.79279230401153,230.79279230401153,,,2468.0,0.0,1.0,1.0
6afa28ec-0ae1-4bec-87ff-133364e76b7e,math:Orz57K,1039,2026-04-23T08:05:06.014213Z,2026-04-23T08:11:37.855009Z,391.840796,1,True,True,False,0.0,0.0,0.002552056881795432,0.0,0.0,,7961,3760,11721,389.206503990019,389.206503990019,,,11721.0,0.0,1.0,1.0
18ccfde2-c47d-4be8-8fad-f9884247dedb,math:Orz57K,1040,2026-04-23T08:05:31.302302Z,2026-04-23T08:16:36.880699Z,665.578397,1,True,True,True,1.0,1.0,0.0015024526104022574,0.0015024526104022574,0.0,,9482,716,10198,659.5456148779776,659.5456148779776,,,10198.0,0.0,1.0,1.0
ed10ad74-4694-48a9-8390-a2fdb537f844,math:Orz57K,1041,2026-04-23T08:05:42.167276Z,2026-04-23T08:09:18.253516Z,216.08624,1,True,True,False,0.0,0.0,0.00462778194483832,0.0,0.0,,1981,490,2471,215.3155541830056,215.3155541830056,,,2471.0,0.0,1.0,1.0
ee1af340-3e89-42a0-a6fe-eaae39e92ffb,math:Orz57K,1042,2026-04-23T08:05:44.567198Z,2026-04-23T08:09:21.338337Z,216.771139,1,True,True,False,0.0,0.0,0.0046131602417792345,0.0,0.0,,1967,444,2411,216.03375781700015,216.03375781700015,,,2411.0,0.0,1.0,1.0
7354b557-ed6d-441b-bde6-4b3abef9500b,math:Orz57K,1043,2026-04-23T08:05:52.098568Z,2026-04-23T08:09:23.821107Z,211.722539,1,True,True,True,1.0,1.0,0.004723162704939977,0.004723162704939977,0.0,,1984,426,2410,211.00176809699042,211.00176809699042,,,2410.0,0.0,1.0,1.0
cc02f96d-8646-48e4-b1a6-b27092007ca1,math:Orz57K,1040,2026-04-23T08:06:01.201918Z,2026-04-23T08:14:15.908785Z,494.706867,1,True,True,True,1.0,1.0,0.0020213990682284183,0.0020213990682284183,0.0,,6894,507,7401,490.41107917999034,490.41107917999034,,,7401.0,0.0,1.0,1.0
3b731aba-0878-459b-b9ba-13e3abe47789,math:Orz57K,1041,2026-04-23T08:06:25.505360Z,2026-04-23T08:09:36.918641Z,191.413281,1,True,True,False,0.0,0.0,0.005224297889758234,0.0,0.0,,1981,1111,3092,190.6398124039988,190.6398124039988,,,3092.0,0.0,1.0,1.0
2c3e2d81-025f-411f-a049-c71e4f0fbc60,math:Orz57K,1042,2026-04-23T08:06:44.527749Z,2026-04-23T08:09:40.972199Z,176.44445,1,True,True,False,0.0,0.0,0.005667506118781294,0.0,0.0,,1967,501,2468,175.5292128699948,175.5292128699948,,,2468.0,0.0,1.0,1.0
32dd5bb9-4085-4f54-9bb0-9eaf55bd7a65,math:Orz57K,1043,2026-04-23T08:06:52.180431Z,2026-04-23T08:09:44.640152Z,172.459721,1,True,True,False,0.0,0.0,0.005798455397014124,0.0,0.0,,1984,511,2495,171.62627156201052,171.62627156201052,,,2495.0,0.0,1.0,1.0
605715a0-fbe7-4149-a470-789254631e38,math:Orz57K,1044,2026-04-23T08:07:01.092410Z,2026-04-23T08:10:09.771304Z,188.678894,1,True,True,False,0.0,0.0,0.005300009867558371,0.0,0.0,,1987,4096,6083,187.96165211798507,187.96165211798507,,,6083.0,0.0,1.0,1.0
081ece23-4930-4e58-ad6a-6476bf606eb9,math:Orz57K,1041,2026-04-23T08:07:11.022801Z,2026-04-23T08:10:16.405648Z,185.382847,1,True,True,False,0.0,0.0,0.005394242327069235,0.0,0.0,,1981,1111,3092,184.62007539899787,184.62007539899787,,,3092.0,0.0,1.0,1.0
b2b9e97b-58ec-4de8-a1d2-e1acd39b0053,math:Orz57K,1042,2026-04-23T08:07:33.508367Z,2026-04-23T08:10:23.763768Z,170.255401,1,True,True,False,0.0,0.0,0.005873528793368499,0.0,0.0,,1967,501,2468,169.33598102701944,169.33598102701944,,,2468.0,0.0,1.0,1.0
898ca251-a74d-4c99-992a-7cce24cbe62f,math:Orz57K,1043,2026-04-23T08:07:57.477323Z,2026-04-23T08:10:26.603609Z,149.126286,1,True,True,False,0.0,0.0,0.006705725910722406,0.0,0.0,,1984,511,2495,148.29971525000292,148.29971525000292,,,2495.0,0.0,1.0,1.0
d006547f-1014-44ac-a7c6-3732b5b0326f,math:Orz57K,1044,2026-04-23T08:08:10.179915Z,2026-04-23T08:10:51.758519Z,161.578604,1,True,True,False,0.0,0.0,0.006188938233430956,0.0,0.0,,1987,4096,6083,160.83036320799147,160.83036320799147,,,6083.0,0.0,1.0,1.0
f876b0f5-3e0d-4c4f-8fdc-52acc8dab5e4,math:Orz57K,1045,2026-04-23T08:08:20.301368Z,2026-04-23T08:10:59.504982Z,159.203614,1,True,True,True,1.0,1.0,0.006281264444160169,0.006281264444160169,0.0,,1969,685,2654,158.46776775302715,158.46776775302715,,,2654.0,0.0,1.0,1.0
c1e84f17-de07-4866-956c-968d62a8b600,math:Orz57K,1042,2026-04-23T08:08:27.164765Z,2026-04-23T08:11:03.597735Z,156.43297,1,True,True,False,0.0,0.0,0.0063925143145974915,0.0,0.0,,1967,501,2468,155.5038389590045,155.5038389590045,,,2468.0,0.0,1.0,1.0
dda40374-3d78-4579-86ca-27ce3b1fac6f,math:Orz57K,1043,2026-04-23T08:08:28.156433Z,2026-04-23T08:11:06.486606Z,158.330173,1,True,True,False,0.0,0.0,0.006315915539358376,0.0,0.0,,1984,511,2495,157.49889273400186,157.49889273400186,,,2495.0,0.0,1.0,1.0
bd05498b-73e2-4f8d-bd55-8dc9674a38a4,math:Orz57K,1044,2026-04-23T08:08:49.715010Z,2026-04-23T08:11:37.437649Z,167.722639,1,True,True,False,0.0,0.0,0.0059622243363342264,0.0,0.0,,1987,4096,6083,166.97639654800878,166.97639654800878,,,6083.0,0.0,1.0,1.0
ac347c70-673f-4c1a-8683-c60057421d59,math:Orz57K,1045,2026-04-23T08:08:49.718682Z,2026-04-23T08:11:12.055562Z,142.33688,1,True,True,True,1.0,1.0,0.007025586060337981,0.007025586060337981,0.0,,1969,685,2654,141.59968995599775,141.59968995599775,,,2654.0,0.0,1.0,1.0
9a9c021a-e6b1-4c4a-b0f0-4dd00c4c68c4,math:Orz57K,1046,2026-04-23T08:09:15.336128Z,2026-04-23T08:11:40.635568Z,145.29944,1,True,True,True,1.0,1.0,0.006882338982173641,0.006882338982173641,0.0,,1954,280,2234,144.5472179959761,144.5472179959761,,,2234.0,0.0,1.0,1.0
2c07c581-8204-4819-a404-6c5d03fbe656,math:Orz57K,1043,2026-04-23T08:09:18.276495Z,2026-04-23T08:11:43.747092Z,145.470597,1,True,True,False,0.0,0.0,0.006874241397386992,0.0,0.0,,1984,509,2493,144.59968669799855,144.59968669799855,,,2493.0,0.0,1.0,1.0
30a54ba1-5ef9-458f-8869-61e5df5a5393,math:Orz57K,1044,2026-04-23T08:09:18.733863Z,2026-04-23T08:11:50.312965Z,151.579102,1,True,True,False,0.0,0.0,0.00659721549214614,0.0,0.0,,1987,1131,3118,150.8446637140005,150.8446637140005,,,3118.0,0.0,1.0,1.0
fe4b1f9e-2b82-4fa6-8742-0e0544ab7906,math:Orz57K,1045,2026-04-23T08:09:21.363839Z,2026-04-23T08:11:54.829455Z,153.465616,1,True,True,True,1.0,1.0,0.006516117590796364,0.006516117590796364,0.0,,1969,763,2732,152.71132705398486,152.71132705398486,,,2732.0,0.0,1.0,1.0
f75ba546-26b6-4d20-adc3-f59877c6413f,math:Orz57K,1046,2026-04-23T08:09:23.845348Z,2026-04-23T08:11:56.412429Z,152.567081,1,True,True,True,1.0,1.0,0.006554493888494858,0.006554493888494858,0.0,,1954,280,2234,151.83723714400548,151.83723714400548,,,2234.0,0.0,1.0,1.0
37a9ba78-3b08-4dff-9c7c-2d2e2af3706b,math:Orz57K,1047,2026-04-23T08:09:29.868443Z,2026-04-23T08:11:59.661527Z,149.793084,1,True,True,False,0.0,0.0,0.006675875636554756,0.0,0.0,,1973,367,2340,149.0819550479937,149.0819550479937,,,2340.0,0.0,1.0,1.0
fd5548c2-5a7c-4c1e-957e-b041c72711ef,math:Orz57K,1044,2026-04-23T08:09:30.457982Z,2026-04-23T08:12:44.071203Z,193.613221,1,True,True,False,0.0,0.0,0.005164936541187959,0.0,0.0,,1987,3391,5378,192.90794719199766,192.90794719199766,,,5378.0,0.0,1.0,1.0
c4ce3679-1d4e-4364-9220-4faa6e9ea49a,math:Orz57K,1045,2026-04-23T08:09:36.943950Z,2026-04-23T08:12:47.864995Z,190.921045,1,True,True,False,0.0,0.0,0.00523776726656823,0.0,0.0,,1969,637,2606,190.1648604279908,190.1648604279908,,,2606.0,0.0,1.0,1.0
aab5b47f-2ca0-4bd9-83db-e5a404b68f37,math:Orz57K,1046,2026-04-23T08:09:40.995485Z,2026-04-23T08:12:49.992321Z,188.996836,1,True,True,True,1.0,1.0,0.005291093867835967,0.005291093867835967,0.0,,1954,280,2234,188.26290919000166,188.26290919000166,,,2234.0,0.0,1.0,1.0
bac0058a-6f0c-498b-a56d-5bc7ae244946,math:Orz57K,1047,2026-04-23T08:09:41.586378Z,2026-04-23T08:12:52.115126Z,190.528748,1,True,True,False,0.0,0.0,0.0052485517828522125,0.0,0.0,,1973,367,2340,189.817659635999,189.817659635999,,,2340.0,0.0,1.0,1.0
75192e4b-3d0b-4f2e-adb0-aacc69cc6fa0,math:Orz57K,1048,2026-04-23T08:09:44.664782Z,2026-04-23T08:14:35.871271Z,291.206489,1,True,True,False,0.0,0.0,0.003433989412234561,0.0,0.0,,4262,260,4522,288.60327603004407,288.60327603004407,,,4522.0,0.0,1.0,1.0
a5366262-5efd-42e9-a5bb-fcda09ff3515,math:Orz57K,1045,2026-04-23T08:10:09.795002Z,2026-04-23T08:12:57.384857Z,167.589855,1,True,True,False,0.0,0.0,0.005966948297675895,0.0,0.0,,1969,637,2606,166.8325327920029,166.8325327920029,,,2606.0,0.0,1.0,1.0
e1bb16c8-44b2-492e-8b81-182e7e8cdc6d,math:Orz57K,1046,2026-04-23T08:10:16.430375Z,2026-04-23T08:12:59.009953Z,162.579578,1,True,True,True,1.0,1.0,0.006150834024184759,0.006150834024184759,0.0,,1954,280,2234,161.82361093498184,161.82361093498184,,,2234.0,0.0,1.0,1.0
e8eb6e28-a26d-4130-afa9-72c6d8f136cb,math:Orz57K,1047,2026-04-23T08:10:20.616438Z,2026-04-23T08:13:01.097673Z,160.481235,1,True,True,False,0.0,0.0,0.006231258128092047,0.0,0.0,,1973,367,2340,159.76020682798116,159.76020682798116,,,2340.0,0.0,1.0,1.0
6d2df45e-d63d-4053-9690-f5f776f86648,math:Orz57K,1048,2026-04-23T08:10:23.788247Z,2026-04-23T08:15:09.594860Z,285.806613,1,True,True,False,0.0,0.0,0.003498869356112484,0.0,0.0,,4262,260,4522,283.31577328802086,283.31577328802086,,,4522.0,0.0,1.0,1.0
899cc96b-38cb-4b5b-86f0-1d24f143f8c2,math:Orz57K,1049,2026-04-23T08:10:26.629154Z,2026-04-23T08:13:26.517722Z,179.888568,1,True,True,True,1.0,1.0,0.005558996945264471,0.005558996945264471,0.0,,1951,392,2343,179.13663185198675,179.13663185198675,,,2343.0,0.0,1.0,1.0
272d0106-d17e-4b82-aec1-dc791d7a0c8b,math:Orz57K,1046,2026-04-23T08:10:51.782351Z,2026-04-23T08:13:28.124772Z,156.342421,1,True,True,True,1.0,1.0,0.006396216673656346,0.006396216673656346,0.0,,1954,280,2234,155.59547843798646,155.59547843798646,,,2234.0,0.0,1.0,1.0
1dcf999b-8352-4375-b012-c55fcb0018ec,math:Orz57K,1047,2026-04-23T08:10:59.530087Z,2026-04-23T08:13:52.266133Z,172.736046,1,True,True,False,0.0,0.0,0.005789179636542103,0.0,0.0,,1973,436,2409,171.98163397898315,171.98163397898315,,,2409.0,0.0,1.0,1.0
3c580246-9f63-4630-8805-bebe62d53201,math:Orz57K,1048,2026-04-23T08:11:03.621330Z,2026-04-23T08:15:52.532168Z,288.910838,1,True,True,False,0.0,0.0,0.003461275481814912,0.0,0.0,,4262,260,4522,286.3648884219874,286.3648884219874,,,4522.0,0.0,1.0,1.0
ec6584b9-8189-4154-b33d-d28e784e5d9d,math:Orz57K,1049,2026-04-23T08:11:06.512350Z,2026-04-23T08:13:56.491037Z,169.978687,1,True,True,True,1.0,1.0,0.005883090507694062,0.005883090507694062,0.0,,1951,392,2343,169.25809269599267,169.25809269599267,,,2343.0,0.0,1.0,1.0
2c02cbf2-986a-4516-9c7f-9be34701bd16,math:Orz57K,1050,2026-04-23T08:11:07.384629Z,2026-04-23T08:13:57.874883Z,170.490254,1,True,True,False,0.0,0.0,0.0058654379152957336,0.0,0.0,,1945,240,2185,169.75477992999367,169.75477992999367,,,2185.0,0.0,1.0,1.0
8d230868-b740-4c19-a3c1-fdd6f39db0a9,math:Orz57K,1047,2026-04-23T08:11:08.161612Z,2026-04-23T08:14:00.003967Z,171.842355,1,True,True,False,0.0,0.0,0.005819287101832374,0.0,0.0,,1973,367,2340,171.1086612479994,171.1086612479994,,,2340.0,0.0,1.0,1.0
ee55eb41-62a9-4d66-81dd-829ca9438358,math:Orz57K,1048,2026-04-23T08:11:12.080762Z,2026-04-23T08:16:24.251800Z,312.171038,1,True,True,False,0.0,0.0,0.0032033721206385585,0.0,0.0,,4262,260,4522,309.5404421160056,309.5404421160056,,,4522.0,0.0,1.0,1.0
b10d4436-175f-43c4-aafb-a089215b99ba,math:Orz57K,1049,2026-04-23T08:11:37.462355Z,2026-04-23T08:14:03.767183Z,146.304828,1,True,True,True,1.0,1.0,0.006835044432026536,0.006835044432026536,0.0,,1951,392,2343,145.565653498983,145.565653498983,,,2343.0,0.0,1.0,1.0
92415488-b784-4564-af41-4297b4e05774,math:Orz57K,1050,2026-04-23T08:11:37.882838Z,2026-04-23T08:14:05.123268Z,147.24043,1,True,True,False,0.0,0.0,0.006791612874262863,0.0,0.0,,1945,240,2185,146.53978694498073,146.53978694498073,,,2185.0,0.0,1.0,1.0
6e8711ed-aca1-45d6-aced-1145f0ab5a39,math:Orz57K,1051,2026-04-23T08:11:40.659931Z,2026-04-23T08:14:08.279102Z,147.619171,1,True,True,True,1.0,1.0,0.006774187886477157,0.006774187886477157,0.0,,1955,342,2297,146.90045612500398,146.90045612500398,,,2297.0,0.0,1.0,1.0
aa285b88-d579-4871-bb89-68f55576aa8f,math:Orz57K,1048,2026-04-23T08:11:43.770170Z,2026-04-23T08:16:44.025054Z,300.254884,1,True,True,False,0.0,0.0,0.003330503692989054,0.0,0.0,,4262,260,4522,297.740487817995,297.740487817995,,,4522.0,0.0,1.0,1.0
32cf0ade-100a-49f3-97e1-f938525abe81,math:Orz57K,1049,2026-04-23T08:11:50.337461Z,2026-04-23T08:14:11.968086Z,141.630625,1,True,True,True,1.0,1.0,0.007060619834163691,0.007060619834163691,0.0,,1951,392,2343,140.91398476000177,140.91398476000177,,,2343.0,0.0,1.0,1.0
c982e687-c134-490d-8a62-96263fceadf7,math:Orz57K,1050,2026-04-23T08:11:54.855894Z,2026-04-23T08:14:13.416740Z,138.560846,1,True,True,False,0.0,0.0,0.007217046004467958,0.0,0.0,,1945,240,2185,137.80895423100446,137.80895423100446,,,2185.0,0.0,1.0,1.0
942e7e57-d3ea-437e-9e04-7b55b921524b,math:Orz57K,1051,2026-04-23T08:11:56.438098Z,2026-04-23T08:14:15.402863Z,138.964765,1,True,True,True,1.0,1.0,0.007196068730084205,0.007196068730084205,0.0,,1955,342,2297,138.23446572001558,138.23446572001558,,,2297.0,0.0,1.0,1.0
9bbd345c-e621-4393-8d56-dd6a3e3d9dec,math:Orz57K,1052,2026-04-23T08:11:59.684634Z,2026-04-23T08:14:20.390651Z,140.706017,1,True,True,True,1.0,1.0,0.007107016610384188,0.007107016610384188,0.0,,1975,763,2738,139.9801964070066,139.9801964070066,,,2738.0,0.0,1.0,1.0
4ceef63b-77c8-45bc-ba00-e80e7e631ac7,math:Orz57K,1049,2026-04-23T08:12:23.451703Z,2026-04-23T08:14:22.678844Z,119.227141,1,True,True,True,1.0,1.0,0.008387352004020628,0.008387352004020628,0.0,,1951,392,2343,118.50038080601371,118.50038080601371,,,2343.0,0.0,1.0,1.0
87d98c81-5356-4bfc-8550-f8a63bd708c3,math:Orz57K,1050,2026-04-23T08:12:44.095095Z,2026-04-23T08:14:24.101064Z,100.005969,1,True,True,False,0.0,0.0,0.009999403135626835,0.0,0.0,,1945,240,2185,99.26596215800964,99.26596215800964,,,2185.0,0.0,1.0,1.0
f63d0cb1-00e2-4fa7-b1c4-4f2acaa823db,math:Orz57K,1051,2026-04-23T08:12:47.888895Z,2026-04-23T08:14:26.103169Z,98.214274,1,True,True,True,1.0,1.0,0.01018181939623155,0.01018181939623155,0.0,,1955,342,2297,97.47431482101092,97.47431482101092,,,2297.0,0.0,1.0,1.0
85579ba6-dca8-417e-9e4a-09e3fc4ea585,math:Orz57K,1052,2026-04-23T08:12:48.339329Z,2026-04-23T08:14:30.520368Z,102.181039,1,True,True,True,1.0,1.0,0.009786551495136001,0.009786551495136001,0.0,,1975,763,2738,101.45583100098884,101.45583100098884,,,2738.0,0.0,1.0,1.0
d31224f2-b2e2-4b31-b50e-cf583fc43287,math:Orz57K,1053,2026-04-23T08:12:50.016689Z,2026-04-23T08:14:34.373652Z,104.356963,1,True,True,False,0.0,0.0,0.009582494270171509,0.0,0.0,,1966,658,2624,103.59468807600206,103.59468807600206,,,2624.0,0.0,1.0,1.0
c8f4b1db-e8b3-4f72-8ca5-db19d5460c63,math:Orz57K,1050,2026-04-23T08:12:52.144537Z,2026-04-23T08:14:35.731811Z,103.587274,1,True,True,False,0.0,0.0,0.009653695491590985,0.0,0.0,,1945,240,2185,102.85534332500538,102.85534332500538,,,2185.0,0.0,1.0,1.0
8c01468c-beb7-4a14-8661-3fe632ee7ce5,math:Orz57K,1051,2026-04-23T08:12:57.409738Z,2026-04-23T08:14:37.775489Z,100.365751,1,True,True,True,1.0,1.0,0.009963558186298033,0.009963558186298033,0.0,,1955,342,2297,99.66490868799156,99.66490868799156,,,2297.0,0.0,1.0,1.0
c0e0a84e-8a42-4cc1-8876-c35651927578,math:Orz57K,1052,2026-04-23T08:12:59.041191Z,2026-04-23T08:14:42.171812Z,103.130621,1,True,True,True,1.0,1.0,0.009696441176282648,0.009696441176282648,0.0,,1975,763,2738,102.41172673800611,102.41172673800611,,,2738.0,0.0,1.0,1.0
3150f9f7-ad56-4ae0-8236-da072a8c1b4a,math:Orz57K,1053,2026-04-23T08:13:01.124279Z,2026-04-23T08:14:46.117176Z,104.992897,1,True,True,False,0.0,0.0,0.009524453830433882,0.0,0.0,,1966,658,2624,104.21863649398438,104.21863649398438,,,2624.0,0.0,1.0,1.0
93a6465d-9016-4a7a-a75f-b38920d47ee6,math:Orz57K,1054,2026-04-23T08:13:22.658875Z,2026-04-23T08:15:09.438046Z,106.779171,1,True,True,False,0.0,0.0,0.009365122342071751,0.0,0.0,,1978,3803,5781,106.05657829900156,106.05657829900156,,,5781.0,0.0,1.0,1.0
93ba78f3-3868-43de-89b2-b61b4b3c83d1,math:Orz57K,1051,2026-04-23T08:13:26.543012Z,2026-04-23T08:15:11.529654Z,104.986642,1,True,True,True,1.0,1.0,0.009525021287946326,0.009525021287946326,0.0,,1955,342,2297,104.25874222599668,104.25874222599668,,,2297.0,0.0,1.0,1.0
c9694ec6-d58d-4aba-afe6-23a875ed2595,math:Orz57K,1052,2026-04-23T08:13:28.150026Z,2026-04-23T08:15:15.973556Z,107.82353,1,True,True,True,1.0,1.0,0.00927441347913577,0.00927441347913577,0.0,,1975,763,2738,107.07325490898802,107.07325490898802,,,2738.0,0.0,1.0,1.0
fa21f4af-dd7d-4869-81cc-63e6070fdab9,math:Orz57K,1053,2026-04-23T08:13:49.686587Z,2026-04-23T08:15:19.818222Z,90.131635,1,True,True,False,0.0,0.0,0.011094883611065082,0.0,0.0,,1966,658,2624,89.38201919701532,89.38201919701532,,,2624.0,0.0,1.0,1.0
047f05ac-c1c7-45e7-9e6e-a6f5d94c0c6a,math:Orz57K,1054,2026-04-23T08:13:52.291498Z,2026-04-23T08:15:43.058900Z,110.767402,1,True,True,False,0.0,0.0,0.009027926826341922,0.0,0.0,,1978,3803,5781,110.04450560398982,110.04450560398982,,,5781.0,0.0,1.0,1.0
31517c93-381a-493f-a4d6-54d85159f505,math:Orz57K,1055,2026-04-23T08:13:52.747690Z,2026-04-23T08:15:52.490846Z,119.743156,1,True,True,False,0.0,0.0,0.008351207980521242,0.0,0.0,,1960,1561,3521,118.9259738289984,118.9259738289984,,,3521.0,0.0,1.0,1.0
dd142f64-93e3-4752-984b-a8093c122fee,math:Orz57K,1052,2026-04-23T08:13:56.514162Z,2026-04-23T08:15:56.954330Z,120.440168,1,True,True,True,1.0,1.0,0.008302877823949896,0.008302877823949896,0.0,,1975,763,2738,119.72588566498598,119.72588566498598,,,2738.0,0.0,1.0,1.0
21ec6216-b9eb-46d7-8c6e-1afc5f8bc554,math:Orz57K,1053,2026-04-23T08:13:57.899445Z,2026-04-23T08:16:00.809521Z,122.910076,1,True,True,False,0.0,0.0,0.00813602946596502,0.0,0.0,,1966,658,2624,122.16823669499718,122.16823669499718,,,2624.0,0.0,1.0,1.0
c3079b2a-313e-43f3-a825-b73ae87093b6,math:Orz57K,1054,2026-04-23T08:14:00.029889Z,2026-04-23T08:16:24.093697Z,144.063808,1,True,True,False,0.0,0.0,0.006941368646870698,0.0,0.0,,1978,3803,5781,143.35856019199127,143.35856019199127,,,5781.0,0.0,1.0,1.0
1d9af3be-1c33-4aad-89c3-9ee79a5409e1,math:Orz57K,1055,2026-04-23T08:14:03.792068Z,2026-04-23T08:16:33.525718Z,149.73365,1,True,True,False,0.0,0.0,0.006678525501782665,0.0,0.0,,1960,1561,3521,148.91089995397488,148.91089995397488,,,3521.0,0.0,1.0,1.0
b9bbcd18-1112-43e1-9c2c-4143c62e8e3d,math:Orz57K,1056,2026-04-23T08:14:05.148142Z,2026-04-23T08:16:36.319268Z,151.171126,1,True,True,True,1.0,1.0,0.0066150198550482455,0.0066150198550482455,0.0,,1982,500,2482,150.45560064999154,150.45560064999154,,,2482.0,0.0,1.0,1.0
6a6eada1-36a3-4437-bce6-045e0df97955,math:Orz57K,1053,2026-04-23T08:14:08.303202Z,2026-04-23T08:16:43.885732Z,155.58253,1,True,True,False,0.0,0.0,0.006427456861641214,0.0,0.0,,1966,1205,3171,154.82900492899353,154.82900492899353,,,3171.0,0.0,1.0,1.0
83714927-5ecf-409a-8d81-76bd21c1e2de,math:Orz57K,1054,2026-04-23T08:14:11.992480Z,2026-04-23T08:17:07.296006Z,175.303526,1,True,True,False,0.0,0.0,0.005704391821531302,0.0,0.0,,1978,3803,5781,174.59164169698488,174.59164169698488,,,5781.0,0.0,1.0,1.0
1fb1ce65-8209-455b-a9be-1d17c4aa91e6,math:Orz57K,1055,2026-04-23T08:14:13.441143Z,2026-04-23T08:17:16.563245Z,183.122102,1,True,True,False,0.0,0.0,0.005460837272389981,0.0,0.0,,1960,1561,3521,182.31075360701652,182.31075360701652,,,3521.0,0.0,1.0,1.0
4100cdd0-cc4c-4467-9b83-85e745e22091,math:Orz57K,1056,2026-04-23T08:14:15.428120Z,2026-04-23T08:17:19.409191Z,183.981071,1,True,True,True,1.0,1.0,0.005435341769480188,0.005435341769480188,0.0,,1982,500,2482,183.2712659809913,183.2712659809913,,,2482.0,0.0,1.0,1.0
8cd753ed-8e2c-4f0a-bd82-b82bd127080d,math:Orz57K,1057,2026-04-23T08:14:15.933594Z,2026-04-23T08:17:42.911243Z,206.977649,1,True,True,False,0.0,0.0,0.004831439553166439,0.0,0.0,,1950,3839,5789,206.25057178700808,206.25057178700808,,,5789.0,0.0,1.0,1.0
7ff87074-6eb7-449a-8170-585b7fe48585,math:Orz57K,1054,2026-04-23T08:14:20.415948Z,2026-04-23T08:18:06.243322Z,225.827374,1,True,True,False,0.0,0.0,0.00442816113160843,0.0,0.0,,1978,3803,5781,225.11145208397647,225.11145208397647,,,5781.0,0.0,1.0,1.0
76c0bfa5-658a-40d6-8a00-155ed74eb9c8,math:Orz57K,1055,2026-04-23T08:14:22.703544Z,2026-04-23T08:18:15.451140Z,232.747596,1,True,True,False,0.0,0.0,0.004296499801441559,0.0,0.0,,1960,1561,3521,231.9142992029956,231.9142992029956,,,3521.0,0.0,1.0,1.0
b5cd8a62-d9a3-411d-847f-aa80bd18a581,math:Orz57K,1056,2026-04-23T08:14:24.125867Z,2026-04-23T08:18:18.278734Z,234.152867,1,True,True,True,1.0,1.0,0.0042707143107498236,0.0042707143107498236,0.0,,1982,500,2482,233.43725289599388,233.43725289599388,,,2482.0,0.0,1.0,1.0
4799994c-f106-4ace-9455-f18ecd3d2b43,math:Orz57K,1057,2026-04-23T08:14:26.126614Z,2026-04-23T08:18:41.837172Z,255.710558,1,True,True,False,0.0,0.0,0.0039106715335547465,0.0,0.0,,1950,3839,5789,255.00395226001274,255.00395226001274,,,5789.0,0.0,1.0,1.0
64f6af92-7b67-40c2-a982-96b9aecf15fd,math:Orz57K,1058,2026-04-23T08:14:30.544722Z,2026-04-23T08:18:46.944465Z,256.399743,1,True,True,False,0.0,0.0,0.0039001599155269046,0.0,0.0,,1935,870,2805,255.64011651399778,255.64011651399778,,,2805.0,0.0,1.0,1.0
e9f119a0-d6c7-4c91-8b24-4e056add87e8,math:Orz57K,1055,2026-04-23T08:14:34.398291Z,2026-04-23T08:18:56.318798Z,261.920507,1,True,True,False,0.0,0.0,0.0038179522919142795,0.0,0.0,,1960,1561,3521,261.1127970640082,261.1127970640082,,,3521.0,0.0,1.0,1.0
839d02c9-a218-4c34-b6fb-4e66ea080579,math:Orz57K,1056,2026-04-23T08:14:35.755752Z,2026-04-23T08:18:59.121839Z,263.366087,1,True,True,True,1.0,1.0,0.0037969960802128637,0.0037969960802128637,0.0,,1982,500,2482,262.6636274299817,262.6636274299817,,,2482.0,0.0,1.0,1.0
0e596180-e313-42dc-be08-341d4d5a79b6,math:Orz57K,1057,2026-04-23T08:14:35.895228Z,2026-04-23T08:19:22.631318Z,286.73609,1,True,True,False,0.0,0.0,0.0034875275030778305,0.0,0.0,,1950,3839,5789,286.0191840159823,286.0191840159823,,,5789.0,0.0,1.0,1.0
0668c24b-0398-4f71-932f-b5d9f65aabc2,math:Orz57K,1058,2026-04-23T08:14:37.800054Z,2026-04-23T08:19:27.809087Z,290.009033,1,True,True,False,0.0,0.0,0.0034481684575666306,0.0,0.0,,1935,870,2805,289.22365037197596,289.22365037197596,,,2805.0,0.0,1.0,1.0
d135569b-ecba-4e72-a11a-246d8a984e42,math:Orz57K,1059,2026-04-23T08:14:42.194816Z,2026-04-23T08:19:33.903928Z,291.709112,1,True,True,False,0.0,0.0,0.003428072551946886,0.0,0.0,,1997,1024,3021,290.84281702700537,290.84281702700537,,,3021.0,0.0,1.0,1.0
f930c756-4357-460b-844d-ec49e020160f,math:Orz57K,1056,2026-04-23T08:14:46.142137Z,2026-04-23T08:19:36.700222Z,290.558085,1,True,True,True,1.0,1.0,0.003441652638920717,0.003441652638920717,0.0,,1982,500,2482,289.8074594749778,289.8074594749778,,,2482.0,0.0,1.0,1.0
26ede439-5ed3-4e6e-92ba-5a1e19c0e279,math:Orz57K,1057,2026-04-23T08:15:09.462615Z,2026-04-23T08:20:00.181442Z,290.718827,1,True,True,False,0.0,0.0,0.0034397497070253386,0.0,0.0,,1950,3839,5789,289.9963355960208,289.9963355960208,,,5789.0,0.0,1.0,1.0
5a844f9b-e29b-4bfe-b25a-bfe117df1e8b,math:Orz57K,1058,2026-04-23T08:15:09.617612Z,2026-04-23T08:20:05.244178Z,295.626566,1,True,True,False,0.0,0.0,0.0033826459290536154,0.0,0.0,,1935,870,2805,294.8747149199771,294.8747149199771,,,2805.0,0.0,1.0,1.0
f09c791d-2679-4ca6-b6a6-42ff658ef564,math:Orz57K,1059,2026-04-23T08:15:11.553430Z,2026-04-23T08:20:11.299757Z,299.746327,1,True,True,False,0.0,0.0,0.003336154307572216,0.0,0.0,,1997,1024,3021,298.9168646430189,298.9168646430189,,,3021.0,0.0,1.0,1.0
c65b0216-cb08-42dd-ab55-86c747ef5172,math:Orz57K,1060,2026-04-23T08:15:15.998025Z,2026-04-23T08:20:19.364269Z,303.366244,1,True,True,False,0.0,0.0,0.003296345654066904,0.0,0.0,,1958,1379,3337,302.56447109000874,302.56447109000874,,,3337.0,0.0,1.0,1.0
cd8a4ade-393f-436f-9d49-8243536df53b,math:Orz57K,1057,2026-04-23T08:15:19.841407Z,2026-04-23T08:20:42.879891Z,323.038484,1,True,True,False,0.0,0.0,0.0030956064045917207,0.0,0.0,,1950,3839,5789,322.29734233100316,322.29734233100316,,,5789.0,0.0,1.0,1.0
8752213c-9fd7-4d7f-8c24-2238bef39a82,math:Orz57K,1058,2026-04-23T08:15:43.083101Z,2026-04-23T08:20:47.925570Z,304.842469,1,True,True,False,0.0,0.0,0.003280382826186859,0.0,0.0,,1935,870,2805,304.081642086996,304.081642086996,,,2805.0,0.0,1.0,1.0
4f1200cf-25dd-46ac-afa0-5908d88035b8,math:Orz57K,1059,2026-04-23T08:15:52.514903Z,2026-04-23T08:20:54.093135Z,301.578232,1,True,True,False,0.0,0.0,0.003315889191896317,0.0,0.0,,1997,1024,3021,300.736200290994,300.736200290994,,,3021.0,0.0,1.0,1.0
94d8c346-7c46-414b-aee1-7051c0822835,math:Orz57K,1060,2026-04-23T08:15:52.556058Z,2026-04-23T08:21:02.191341Z,309.635283,1,True,True,False,0.0,0.0,0.0032296061040304634,0.0,0.0,,1958,1379,3337,308.83976007899037,308.83976007899037,,,3337.0,0.0,1.0,1.0
db4f699f-76a0-4429-90ca-d63962c0191a,math:Orz57K,1061,2026-04-23T08:15:56.979251Z,2026-04-23T08:21:05.268831Z,308.28958,1,True,True,False,0.0,0.0,0.003243703533541419,0.0,0.0,,2035,531,2566,307.51013644898194,307.51013644898194,,,2566.0,0.0,1.0,1.0
065cf43c-7c91-46ce-8657-be7d48697420,math:Orz57K,1058,2026-04-23T08:16:00.834959Z,2026-04-23T08:21:10.069025Z,309.234066,1,True,True,False,0.0,0.0,0.0032337963696405948,0.0,0.0,,1935,836,2771,308.48954726199736,308.48954726199736,,,2771.0,0.0,1.0,1.0
3bf0a8bd-a978-40e9-8fe1-9c4fd47fa7a6,math:Orz57K,1059,2026-04-23T08:16:24.118124Z,2026-04-23T08:21:16.091336Z,291.973212,1,True,True,False,0.0,0.0,0.0034249717402156745,0.0,0.0,,1997,1024,3021,291.15253266799846,291.15253266799846,,,3021.0,0.0,1.0,1.0
8706eee4-248c-4976-b027-a3e46a537205,math:Orz57K,1060,2026-04-23T08:16:24.279674Z,2026-04-23T08:21:24.271836Z,299.992162,1,True,True,False,0.0,0.0,0.003333420424497624,0.0,0.0,,1958,1379,3337,299.21207413601223,299.21207413601223,,,3337.0,0.0,1.0,1.0
87eab8a9-6aaa-4813-a428-2007c32c9adf,math:Orz57K,1061,2026-04-23T08:16:33.551193Z,2026-04-23T08:21:27.397388Z,293.846195,1,True,True,False,0.0,0.0,0.0034031408846386456,0.0,0.0,,2035,531,2566,293.0723102009797,293.0723102009797,,,2566.0,0.0,1.0,1.0
381c7b1a-4ec9-4f19-8b37-25653f37eb6a,math:Orz57K,1062,2026-04-23T08:16:36.346244Z,2026-04-23T08:27:05.765241Z,629.418997,1,True,True,True,1.0,1.0,0.0015887667909076472,0.0015887667909076472,0.0,,6443,222,6665,625.1251621399715,625.1251621399715,,,6665.0,0.0,1.0,1.0
718f5793-32f2-421d-ab4b-3f9da9b5b111,math:Orz57K,1059,2026-04-23T08:16:36.904306Z,2026-04-23T08:21:34.048832Z,297.144526,1,True,True,False,0.0,0.0,0.0033653657143258298,0.0,0.0,,1997,1024,3021,296.32643158599967,296.32643158599967,,,3021.0,0.0,1.0,1.0
3d11b259-9002-4679-a336-25947b74d157,math:Orz57K,1060,2026-04-23T08:16:43.911896Z,2026-04-23T08:21:41.477689Z,297.565793,1,True,True,False,0.0,0.0,0.003360601330946666,0.0,0.0,,1958,1272,3230,296.7866141840059,296.7866141840059,,,3230.0,0.0,1.0,1.0
1be40f24-bc22-4013-a01b-35c5ac87d51d,math:Orz57K,1061,2026-04-23T08:16:44.049453Z,2026-04-23T08:22:06.244400Z,322.194947,1,True,True,False,0.0,0.0,0.003103710996435956,0.0,0.0,,2035,4019,6054,321.4726369389973,321.4726369389973,,,6054.0,0.0,1.0,1.0
86033944-6c7b-4599-bbe0-873f60da9d61,math:Orz57K,1062,2026-04-23T08:17:07.321707Z,2026-04-23T08:27:35.762900Z,628.441193,1,True,True,True,1.0,1.0,0.0015912387843742127,0.0015912387843742127,0.0,,6443,222,6665,624.0599357740139,624.0599357740139,,,6665.0,0.0,1.0,1.0
d3691d4e-a21e-4ee8-8236-2f822ddabfa9,math:Orz57K,1063,2026-04-23T08:17:16.587594Z,2026-04-23T08:24:41.623793Z,445.036199,1,True,True,True,1.0,1.0,0.002247008225953323,0.002247008225953323,0.0,,4013,84,4097,442.45746338999015,442.45746338999015,,,4097.0,0.0,1.0,1.0
673c88fa-da80-42a1-8337-7c3f520cb6e7,math:Orz57K,1060,2026-04-23T08:17:19.432364Z,2026-04-23T08:22:14.410825Z,294.978461,1,True,True,False,0.0,0.0,0.0033900780301379363,0.0,0.0,,1958,1205,3163,294.21272798097925,294.21272798097925,,,3163.0,0.0,1.0,1.0
9c66ef83-1eab-42b0-864f-e55f99d6eb78,math:Orz57K,1061,2026-04-23T08:17:42.934950Z,2026-04-23T08:22:18.300116Z,275.365166,1,True,True,False,0.0,0.0,0.0036315413983771644,0.0,0.0,,2035,650,2685,274.46478540301905,274.46478540301905,,,2685.0,0.0,1.0,1.0
9f7ff4ac-895c-4afb-be29-2d81dd7795b5,math:Orz57K,1062,2026-04-23T08:18:06.267765Z,2026-04-23T08:27:53.100234Z,586.832469,1,True,True,True,1.0,1.0,0.001704063856084964,0.001704063856084964,0.0,,6443,222,6665,582.5326510799932,582.5326510799932,,,6665.0,0.0,1.0,1.0
fe6bf201-ce68-4040-bca0-95faea7c483f,math:Orz57K,1063,2026-04-23T08:18:15.475463Z,2026-04-23T08:25:08.609776Z,413.134313,1,True,True,True,1.0,1.0,0.0024205203211963657,0.0024205203211963657,0.0,,4013,84,4097,410.5273416559794,410.5273416559794,,,4097.0,0.0,1.0,1.0
39d6af88-3384-4b5e-b6e8-ac6614d7a24e,math:Orz57K,1064,2026-04-23T08:18:18.303348Z,2026-04-23T08:22:21.011213Z,242.707865,1,True,True,False,0.0,0.0,0.004120179624174931,0.0,0.0,,1973,295,2268,241.95697013899917,241.95697013899917,,,2268.0,0.0,1.0,1.0
773661ab-8b74-47e6-a329-4784f764e232,math:Orz57K,1061,2026-04-23T08:18:41.860740Z,2026-04-23T08:22:25.013673Z,223.152933,1,True,True,False,0.0,0.0,0.004481231712065376,0.0,0.0,,2035,650,2685,222.22831112600397,222.22831112600397,,,2685.0,0.0,1.0,1.0
606e2c99-9ff5-41ed-81ab-cf6520d8f70c,math:Orz57K,1062,2026-04-23T08:18:46.968329Z,2026-04-23T08:28:01.177451Z,554.209122,1,True,True,True,1.0,1.0,0.0018043730431416465,0.0018043730431416465,0.0,,6443,222,6665,549.8185518680257,549.8185518680257,,,6665.0,0.0,1.0,1.0
565a4ba6-2764-42f2-9adf-aeb5cc0e1b9a,math:Orz57K,1063,2026-04-23T08:18:56.344129Z,2026-04-23T08:25:21.440473Z,385.096344,1,True,True,True,1.0,1.0,0.0025967527751964326,0.0025967527751964326,0.0,,4013,84,4097,382.42873210899415,382.42873210899415,,,4097.0,0.0,1.0,1.0
c1b2cd0b-d042-43b0-ae3e-c69e905f8632,math:Orz57K,1064,2026-04-23T08:18:59.146093Z,2026-04-23T08:22:27.627840Z,208.481747,1,True,True,False,0.0,0.0,0.004796582983353454,0.0,0.0,,1973,295,2268,207.76993354398292,207.76993354398292,,,2268.0,0.0,1.0,1.0
12bc8eb7-308c-446f-8bea-b16cc6470bea,math:Orz57K,1065,2026-04-23T08:19:22.662829Z,2026-04-23T08:22:31.339301Z,188.676472,1,True,True,False,0.0,0.0,0.0053000779026650445,0.0,0.0,,1963,631,2594,187.91775956199854,187.91775956199854,,,2594.0,0.0,1.0,1.0
d26421b8-8ca0-4361-abfe-cfc6f067381f,math:Orz57K,1062,2026-04-23T08:19:27.832447Z,2026-04-23T08:28:27.631043Z,539.798596,1,True,True,True,1.0,1.0,0.0018525427954243882,0.0018525427954243882,0.0,,6443,222,6665,535.5235235109576,535.5235235109576,,,6665.0,0.0,1.0,1.0
1339cf8b-5715-410e-ae2d-d0e5f3685081,math:Orz57K,1063,2026-04-23T08:19:33.929048Z,2026-04-23T08:25:48.158773Z,374.229725,1,True,True,True,1.0,1.0,0.0026721554521089955,0.0026721554521089955,0.0,,4013,84,4097,371.69955147997825,371.69955147997825,,,4097.0,0.0,1.0,1.0
622cbbe0-1c51-488c-a6ed-ed0407d50491,math:Orz57K,1064,2026-04-23T08:19:36.724802Z,2026-04-23T08:22:34.131586Z,177.406784,1,True,True,False,0.0,0.0,0.00563676302254597,0.0,0.0,,1973,295,2268,176.66275754998787,176.66275754998787,,,2268.0,0.0,1.0,1.0
551b28e8-e954-46fe-af32-b0237342f0b4,math:Orz57K,1065,2026-04-23T08:20:00.204917Z,2026-04-23T08:22:37.804292Z,157.599375,1,True,True,False,0.0,0.0,0.00634520282837416,0.0,0.0,,1963,631,2594,156.83733307401417,156.83733307401417,,,2594.0,0.0,1.0,1.0
6603b442-6bff-40a7-aa79-bd25b015bdf9,math:Orz57K,1066,2026-04-23T08:20:05.268339Z,2026-04-23T08:28:36.591649Z,511.32331,1,True,True,False,0.0,0.0,0.0019557097836983024,0.0,0.0,,15563,5477,21040,507.1472172180074,507.1472172180074,,,21040.0,0.0,1.0,1.0
5e4cd842-c2dd-4f69-a2b4-eac1a898d165,math:Orz57K,1063,2026-04-23T08:20:11.322995Z,2026-04-23T08:26:06.392667Z,355.069672,1,True,True,True,1.0,1.0,0.0028163486742399106,0.0028163486742399106,0.0,,4013,84,4097,352.4895491919888,352.4895491919888,,,4097.0,0.0,1.0,1.0
1a9d8d0d-3406-4db8-8c58-06378b6f6374,math:Orz57K,1064,2026-04-23T08:20:19.389625Z,2026-04-23T08:23:05.312734Z,165.923109,1,True,True,False,0.0,0.0,0.0060268880328176585,0.0,0.0,,1973,295,2268,165.19458947199746,165.19458947199746,,,2268.0,0.0,1.0,1.0
13ac9fe5-5f1f-433c-af9f-34503d9fb012,math:Orz57K,1065,2026-04-23T08:20:42.903987Z,2026-04-23T08:23:08.998455Z,146.094468,1,True,True,False,0.0,0.0,0.006844886145860088,0.0,0.0,,1963,631,2594,145.32606171700172,145.32606171700172,,,2594.0,0.0,1.0,1.0
0a372d97-95c4-4c3a-81e4-f94df1d8e0ce,math:Orz57K,1066,2026-04-23T08:20:47.950267Z,2026-04-23T08:28:47.103852Z,479.153585,1,True,True,False,0.0,0.0,0.002087013499022448,0.0,0.0,,15563,5477,21040,474.96452001997386,474.96452001997386,,,21040.0,0.0,1.0,1.0
f1a6fa5d-ecea-45fd-b56f-664d7c822bbb,math:Orz57K,1067,2026-04-23T08:20:54.117826Z,2026-04-23T08:23:40.744842Z,166.627016,1,True,True,False,0.0,0.0,0.0060014277636706885,0.0,0.0,,2112,1082,3194,165.85666520599625,165.85666520599625,,,3194.0,0.0,1.0,1.0
aa779c20-1b31-4ff2-bc81-ed032d59ed24,math:Orz57K,1064,2026-04-23T08:21:02.215642Z,2026-04-23T08:23:42.408767Z,160.193125,1,True,True,False,0.0,0.0,0.006242465149487533,0.0,0.0,,1973,295,2268,159.4764427350019,159.4764427350019,,,2268.0,0.0,1.0,1.0
08117aeb-0f5e-4217-a413-d8570d9a132a,math:Orz57K,1065,2026-04-23T08:21:05.293962Z,2026-04-23T08:23:46.078076Z,160.784114,1,True,True,False,0.0,0.0,0.006219519920979259,0.0,0.0,,1963,631,2594,160.0275170110108,160.0275170110108,,,2594.0,0.0,1.0,1.0
192e5073-dc55-49f3-a2be-635cfb26a508,math:Orz57K,1066,2026-04-23T08:21:10.095008Z,2026-04-23T08:28:56.826377Z,466.731369,1,True,True,False,0.0,0.0,0.002142560081493044,0.0,0.0,,15563,5477,21040,462.6315743479936,462.6315743479936,,,21040.0,0.0,1.0,1.0
a9663f7b-4936-4258-a8e7-5eb7be13672a,math:Orz57K,1067,2026-04-23T08:21:16.115926Z,2026-04-23T08:24:17.887118Z,181.771192,1,True,True,False,0.0,0.0,0.005501421809458123,0.0,0.0,,2112,1082,3194,181.00380683501135,181.00380683501135,,,3194.0,0.0,1.0,1.0
0acb29b5-88d9-40fe-9be1-52f86b501ae2,math:Orz57K,1068,2026-04-23T08:21:24.296441Z,2026-04-23T08:24:24.688422Z,180.391981,1,True,True,False,0.0,0.0,0.005543483665163587,0.0,0.0,,1959,1140,3099,179.55807956898934,179.55807956898934,,,3099.0,0.0,1.0,1.0
83b5339b-f851-47ae-bcfa-6ee8d6b40502,math:Orz57K,1065,2026-04-23T08:21:27.422032Z,2026-04-23T08:24:28.332664Z,180.910632,1,True,True,False,0.0,0.0,0.005527591103656086,0.0,0.0,,1963,631,2594,180.14570724399528,180.14570724399528,,,2594.0,0.0,1.0,1.0
e13411d6-d46a-47f8-a741-2950f8d13b06,math:Orz57K,1066,2026-04-23T08:21:34.073983Z,2026-04-23T08:30:32.275669Z,538.201686,1,True,True,False,0.0,0.0,0.0018580395156918925,0.0,0.0,,9039,412,9451,532.1246432010084,532.1246432010084,,,9451.0,0.0,1.0,1.0
e4950d17-e808-46bf-a7bd-7d15be59fe5a,math:Orz57K,1067,2026-04-23T08:21:41.501872Z,2026-04-23T08:24:34.880928Z,173.379056,1,True,True,True,1.0,1.0,0.005767709336241858,0.005767709336241858,0.0,,2112,904,3016,172.63293476001127,172.63293476001127,,,3016.0,0.0,1.0,1.0
475007cd-9091-4061-a1a6-32854a6aeed2,math:Orz57K,1068,2026-04-23T08:22:06.270177Z,2026-04-23T08:24:41.033328Z,154.763151,1,True,True,False,0.0,0.0,0.00646148642967343,0.0,0.0,,1959,1039,2998,153.92284123500576,153.92284123500576,,,2998.0,0.0,1.0,1.0
b58cadf2-d270-4016-84a7-eb4779ef7b90,math:Orz57K,1069,2026-04-23T08:22:14.435595Z,2026-04-23T08:24:42.721943Z,148.286348,1,True,True,False,0.0,0.0,0.006743709137674629,0.0,0.0,,1959,144,2103,147.32033232902177,147.32033232902177,,,2103.0,0.0,1.0,1.0
c3ad4bdf-515f-4fcb-8904-9b02496f4525,math:Orz57K,1066,2026-04-23T08:22:18.326288Z,2026-04-23T08:29:14.336464Z,416.010176,1,True,True,True,1.0,1.0,0.0024037873535093525,0.0024037873535093525,0.0,,16672,6011,22683,411.7744592560048,411.7744592560048,,,22683.0,0.0,1.0,1.0
3377a601-9529-4e32-bfed-2c1a6cd44ab0,math:Orz57K,1067,2026-04-23T08:22:21.036500Z,2026-04-23T08:25:13.971488Z,172.934988,1,True,True,True,1.0,1.0,0.0057825198449720306,0.0057825198449720306,0.0,,2112,904,3016,172.19515883299755,172.19515883299755,,,3016.0,0.0,1.0,1.0
00fcbcb3-9e82-425c-bbca-e4ba2868fc44,math:Orz57K,1068,2026-04-23T08:22:25.038677Z,2026-04-23T08:25:20.780075Z,175.741398,1,True,True,False,0.0,0.0,0.005690178929838717,0.0,0.0,,1959,1153,3112,174.90925995298312,174.90925995298312,,,3112.0,0.0,1.0,1.0
59e2bae1-20fa-466d-bff0-14a8130098df,math:Orz57K,1069,2026-04-23T08:22:27.651014Z,2026-04-23T08:25:22.533399Z,174.882385,1,True,True,False,0.0,0.0,0.005718128786955873,0.0,0.0,,1959,144,2103,173.8860117729928,173.8860117729928,,,2103.0,0.0,1.0,1.0
46feea47-4356-430c-a0c1-ca2ddc53cf0b,math:Orz57K,1070,2026-04-23T08:22:31.363638Z,2026-04-23T08:25:47.481554Z,196.117916,1,True,True,False,0.0,0.0,0.0050989732116060215,0.0,0.0,,1989,4096,6085,195.3567985370173,195.3567985370173,,,6085.0,0.0,1.0,1.0
f7231afb-29e6-4df6-91ea-f9134b9df8f8,math:Orz57K,1067,2026-04-23T08:22:34.156236Z,2026-04-23T08:25:53.579577Z,199.423341,1,True,True,True,1.0,1.0,0.005014458162146627,0.005014458162146627,0.0,,2112,904,3016,198.6965292020177,198.6965292020177,,,3016.0,0.0,1.0,1.0
7fd0e06e-ea3c-4700-9152-96486b92cac1,math:Orz57K,1068,2026-04-23T08:22:37.828758Z,2026-04-23T08:26:00.491469Z,202.662711,1,True,True,False,0.0,0.0,0.004934306834571062,0.0,0.0,,1959,1153,3112,201.84144863497932,201.84144863497932,,,3112.0,0.0,1.0,1.0
f020bdb1-793f-4642-ad57-5ebb0e8a42c9,math:Orz57K,1069,2026-04-23T08:23:05.337158Z,2026-04-23T08:26:07.484023Z,182.146865,1,True,True,False,0.0,0.0,0.005490075275245611,0.0,0.0,,1959,144,2103,181.19542623197776,181.19542623197776,,,2103.0,0.0,1.0,1.0
a3e3db58-0ddb-4cd7-953f-b507c203f1d3,math:Orz57K,1070,2026-04-23T08:23:09.022496Z,2026-04-23T08:26:32.598495Z,203.575999,1,True,True,False,0.0,0.0,0.004912170417496023,0.0,0.0,,1989,4096,6085,202.83141514501767,202.83141514501767,,,6085.0,0.0,1.0,1.0
2a1be10e-8fc0-4a07-ae0a-e8b84dda88e6,math:Orz57K,1071,2026-04-23T08:23:40.767319Z,2026-04-23T08:26:43.351627Z,182.584308,1,True,True,True,1.0,1.0,0.005476921926937993,0.005476921926937993,0.0,,2003,827,2830,181.85787472501397,181.85787472501397,,,2830.0,0.0,1.0,1.0
70f377a8-b6f8-4718-b50a-dc17f3dd68e0,math:Orz57K,1068,2026-04-23T08:23:42.432799Z,2026-04-23T08:26:50.169245Z,187.736446,1,True,True,False,0.0,0.0,0.005326616228795553,0.0,0.0,,1959,1153,3112,186.89945252798498,186.89945252798498,,,3112.0,0.0,1.0,1.0
d382ce39-a7cd-48e3-8b92-9e7945c35a60,math:Orz57K,1069,2026-04-23T08:23:46.102074Z,2026-04-23T08:26:51.156367Z,185.054293,1,True,True,False,0.0,0.0,0.0054038195158217705,0.0,0.0,,1959,144,2103,184.07374044999597,184.07374044999597,,,2103.0,0.0,1.0,1.0
9f601385-8437-4b80-a2e6-eec4428f9c13,math:Orz57K,1070,2026-04-23T08:24:17.911257Z,2026-04-23T08:26:58.595456Z,160.684199,1,True,True,False,0.0,0.0,0.006223387279044158,0.0,0.0,,1989,280,2269,159.94735042698449,159.94735042698449,,,2269.0,0.0,1.0,1.0
64041e53-2d64-4695-b45f-710857e9d861,math:Orz57K,1071,2026-04-23T08:24:24.712022Z,2026-04-23T08:27:03.427523Z,158.715501,1,True,True,True,1.0,1.0,0.006300581819037323,0.006300581819037323,0.0,,2003,827,2830,157.98238784601563,157.98238784601563,,,2830.0,0.0,1.0,1.0
15badd59-3268-4715-a397-a1e5bbb2acf7,math:Orz57K,1072,2026-04-23T08:24:28.355868Z,2026-04-23T08:27:05.616675Z,157.260807,1,True,True,False,0.0,0.0,0.006358863464308688,0.0,0.0,,2003,373,2376,156.51659524199204,156.51659524199204,,,2376.0,0.0,1.0,1.0
9961f1a9-e04c-43a7-97a3-3c05dcff90b8,math:Orz57K,1069,2026-04-23T08:24:34.904403Z,2026-04-23T08:27:07.285030Z,152.380627,1,True,True,False,0.0,0.0,0.006562514013018203,0.0,0.0,,1959,114,2073,151.44230225399951,151.44230225399951,,,2073.0,0.0,1.0,1.0
8f90ec86-bf24-4bee-a947-0c64dc0a4f02,math:Orz57K,1070,2026-04-23T08:24:41.060099Z,2026-04-23T08:27:31.049527Z,169.989428,1,True,True,False,0.0,0.0,0.005882718777075948,0.0,0.0,,1989,3897,5886,169.26932887200383,169.26932887200383,,,5886.0,0.0,1.0,1.0
999a04de-381d-45b3-8f1a-54bc9f284fcf,math:Orz57K,1071,2026-04-23T08:24:41.647909Z,2026-04-23T08:27:35.612351Z,173.964442,1,True,True,True,1.0,1.0,0.005748301138459089,0.005748301138459089,0.0,,2003,786,2789,173.22467054001754,173.22467054001754,,,2789.0,0.0,1.0,1.0
11f62bdd-3a22-4daa-9b6f-d4f38e64ffaa,math:Orz57K,1072,2026-04-23T08:24:42.746397Z,2026-04-23T08:27:38.521703Z,175.775306,1,True,True,True,1.0,1.0,0.00568908126378116,0.00568908126378116,0.0,,2003,474,2477,175.0413557139982,175.0413557139982,,,2477.0,0.0,1.0,1.0
9c1f38c0-a335-49f2-8368-2c45ad8861b9,math:Orz57K,1073,2026-04-23T08:25:08.640029Z,2026-04-23T08:27:39.656258Z,151.016229,1,True,True,True,1.0,1.0,0.006621804865753865,0.006621804865753865,0.0,,1941,198,2139,150.28919847801444,150.28919847801444,,,2139.0,0.0,1.0,1.0
15554cb0-697e-41a6-8173-8118b0524b75,math:Orz57K,1070,2026-04-23T08:25:13.994542Z,2026-04-23T08:27:54.980362Z,160.98582,1,True,True,False,0.0,0.0,0.006211727219204773,0.0,0.0,,1989,312,2301,160.2583543669898,160.2583543669898,,,2301.0,0.0,1.0,1.0
3aed3907-4233-4abf-926a-168f1da89f7a,math:Orz57K,1071,2026-04-23T08:25:20.807309Z,2026-04-23T08:27:58.296759Z,157.48945,1,True,True,False,0.0,0.0,0.006349631673740685,0.0,0.0,,2003,552,2555,156.70191090801382,156.70191090801382,,,2555.0,0.0,1.0,1.0
4ee2d70d-eb13-48cc-9a0f-d846fe913879,math:Orz57K,1072,2026-04-23T08:25:21.465016Z,2026-04-23T08:28:01.047687Z,159.582671,1,True,True,True,1.0,1.0,0.006266344545643054,0.006266344545643054,0.0,,2003,474,2477,158.83841103699524,158.83841103699524,,,2477.0,0.0,1.0,1.0
49408329-725b-404c-a937-c80fb40a14f3,math:Orz57K,1073,2026-04-23T08:25:22.557546Z,2026-04-23T08:29:23.352505Z,240.794959,1,True,True,True,1.0,1.0,0.004152910858902158,0.004152910858902158,0.0,,7685,3739,11424,238.27782986700186,238.27782986700186,,,11424.0,0.0,1.0,1.0
02180dd3-d7b9-4dc2-ba23-3cbb6ebf12b8,math:Orz57K,1074,2026-04-23T08:25:47.507250Z,2026-04-23T08:28:24.260854Z,156.753604,1,True,True,False,0.0,0.0,0.006379438650737498,0.0,0.0,,1966,121,2087,156.03164595499402,156.03164595499402,,,2087.0,0.0,1.0,1.0
9e825094-ab93-4b30-9105-fd44f7c7f242,math:Orz57K,1071,2026-04-23T08:25:48.185576Z,2026-04-23T08:28:27.533735Z,159.348159,1,True,True,False,0.0,0.0,0.006275566697949739,0.0,0.0,,2003,543,2546,158.5762757800112,158.5762757800112,,,2546.0,0.0,1.0,1.0
2333065f-5bbe-40b3-9b80-80664005428f,math:Orz57K,1072,2026-04-23T08:25:53.604157Z,2026-04-23T08:28:30.459787Z,156.85563,1,True,True,True,1.0,1.0,0.006375289175147874,0.006375289175147874,0.0,,2003,474,2477,156.11319128100877,156.11319128100877,,,2477.0,0.0,1.0,1.0
e069f66a-9a90-42a0-a9a4-6d3c9117dffe,math:Orz57K,1073,2026-04-23T08:26:00.516173Z,2026-04-23T08:28:31.633410Z,151.117237,1,True,True,True,1.0,1.0,0.006617378797099103,0.006617378797099103,0.0,,1941,198,2139,150.36860028200317,150.36860028200317,,,2139.0,0.0,1.0,1.0
cd99857a-4769-488d-a682-96cc68e14be6,math:Orz57K,1074,2026-04-23T08:26:06.417220Z,2026-04-23T08:28:32.310721Z,145.893501,1,True,True,False,0.0,0.0,0.006854314915645215,0.0,0.0,,1966,121,2087,145.16700719698565,145.16700719698565,,,2087.0,0.0,1.0,1.0
32000f29-5e6a-4637-820c-95813e83aff3,math:Orz57K,1075,2026-04-23T08:26:07.507955Z,2026-04-23T08:28:40.120581Z,152.612626,1,True,True,True,1.0,1.0,0.006552537795922599,0.006552537795922599,0.0,,1944,601,2545,151.8632737630105,151.8632737630105,,,2545.0,0.0,1.0,1.0
aae45168-0aa3-4986-b85f-b1b1e93f83e1,math:Orz57K,1072,2026-04-23T08:26:32.623727Z,2026-04-23T08:28:42.828486Z,130.204759,1,True,True,True,1.0,1.0,0.007680210828545829,0.007680210828545829,0.0,,2003,471,2474,129.48518927500118,129.48518927500118,,,2474.0,0.0,1.0,1.0
cc661825-b755-439c-9358-0192ee0dc793,math:Orz57K,1073,2026-04-23T08:26:43.375951Z,2026-04-23T08:28:48.269862Z,124.893911,1,True,True,True,1.0,1.0,0.008006795463391326,0.008006795463391326,0.0,,1941,198,2139,124.15310370901716,124.15310370901716,,,2139.0,0.0,1.0,1.0
4211a8f7-0c8d-4dd6-9ca1-ff051a064c39,math:Orz57K,1074,2026-04-23T08:26:50.196871Z,2026-04-23T08:28:48.935336Z,118.738465,1,True,True,False,0.0,0.0,0.008421870705503898,0.0,0.0,,1966,121,2087,118.0074878190062,118.0074878190062,,,2087.0,0.0,1.0,1.0
8303efca-65ee-4010-b96e-32b7527f70d8,math:Orz57K,1075,2026-04-23T08:26:51.182633Z,2026-04-23T08:28:52.472875Z,121.290242,1,True,True,True,1.0,1.0,0.008244686328517672,0.008244686328517672,0.0,,1944,601,2545,120.55457275101799,120.55457275101799,,,2545.0,0.0,1.0,1.0
be6a8531-a790-4971-a8b1-bed083f9ea1d,math:Orz57K,1076,2026-04-23T08:26:58.620563Z,2026-04-23T08:30:03.933921Z,185.313358,1,True,True,False,0.0,0.0,0.0053962650657919655,0.0,0.0,,4208,102,4310,182.7218315670034,182.7218315670034,,,4310.0,0.0,1.0,1.0
2ad1b05f-9554-4bd2-bdd0-99a5604b2775,math:Orz57K,1073,2026-04-23T08:27:03.451611Z,2026-04-23T08:28:58.623648Z,115.172037,1,True,True,True,1.0,1.0,0.008682663136365296,0.008682663136365296,0.0,,1941,198,2139,114.39900625299197,114.39900625299197,,,2139.0,0.0,1.0,1.0
960f70fa-eef8-474e-a06f-0ca00b0ff1ed,math:Orz57K,1074,2026-04-23T08:27:05.641631Z,2026-04-23T08:28:59.344137Z,113.702506,1,True,True,False,0.0,0.0,0.008794880914937794,0.0,0.0,,1966,121,2087,112.9655978140072,112.9655978140072,,,2087.0,0.0,1.0,1.0
273d8a4f-56f4-4988-8fc2-9041a3d30cb1,math:Orz57K,1075,2026-04-23T08:27:05.798548Z,2026-04-23T08:29:02.845614Z,117.047066,1,True,True,True,1.0,1.0,0.008543571694483994,0.008543571694483994,0.0,,1944,601,2545,116.32071073399857,116.32071073399857,,,2545.0,0.0,1.0,1.0
ed602449-c2ea-48b2-9828-3380eb9c8b08,math:Orz57K,1076,2026-04-23T08:27:07.309650Z,2026-04-23T08:30:31.580987Z,204.271337,1,True,True,False,0.0,0.0,0.004895449428619543,0.0,0.0,,4208,102,4310,201.7759916750074,201.7759916750074,,,4310.0,0.0,1.0,1.0
a6220049-2b8f-45d4-93b6-db829bc76213,math:Orz57K,1077,2026-04-23T08:27:31.074378Z,2026-04-23T08:29:05.343282Z,94.268904,1,True,True,True,1.0,1.0,0.010607951907449778,0.010607951907449778,0.0,,1945,201,2146,93.47873855999205,93.47873855999205,,,2146.0,0.0,1.0,1.0
0625badb-a758-4268-8f2b-1aa2422f6121,math:Orz57K,1074,2026-04-23T08:27:35.635209Z,2026-04-23T08:29:06.035348Z,90.400139,1,True,True,False,0.0,0.0,0.011061929893713992,0.0,0.0,,1966,121,2087,89.67949979097466,89.67949979097466,,,2087.0,0.0,1.0,1.0
51c5c82b-b126-46f6-9945-3e32d1eb4832,math:Orz57K,1075,2026-04-23T08:27:35.788542Z,2026-04-23T08:29:09.527670Z,93.739128,1,True,True,True,1.0,1.0,0.010667903802134794,0.010667903802134794,0.0,,1944,601,2545,93.0146922210115,93.0146922210115,,,2545.0,0.0,1.0,1.0
915f57a7-a18e-47b4-b13b-aa7a4872afbc,math:Orz57K,1076,2026-04-23T08:27:38.546185Z,2026-04-23T08:30:40.407931Z,181.861746,1,True,True,False,0.0,0.0,0.00549868249917715,0.0,0.0,,4208,102,4310,179.3611445389979,179.3611445389979,,,4310.0,0.0,1.0,1.0
43ec3078-d183-43ab-9a0f-d71e12f7918f,math:Orz57K,1077,2026-04-23T08:27:39.680065Z,2026-04-23T08:29:11.287016Z,91.606951,1,True,True,True,1.0,1.0,0.010916202199547063,0.010916202199547063,0.0,,1945,201,2146,90.83319951200974,90.83319951200974,,,2146.0,0.0,1.0,1.0
f2ba1b50-f1d0-470d-afee-d291ffabc858,math:Orz57K,1078,2026-04-23T08:27:53.124734Z,2026-04-23T08:29:13.621323Z,80.496589,1,True,True,True,1.0,1.0,0.012422886639333252,0.012422886639333252,0.0,,1994,402,2396,79.77242788299918,79.77242788299918,,,2396.0,0.0,1.0,1.0
eaa83243-46c5-42f3-b492-41448df5ff82,math:Orz57K,1075,2026-04-23T08:27:55.003499Z,2026-04-23T08:29:17.820326Z,82.816827,1,True,True,True,1.0,1.0,0.012074840780847593,0.012074840780847593,0.0,,1944,601,2545,82.0626792240073,82.0626792240073,,,2545.0,0.0,1.0,1.0
cdb76a34-c99b-48db-af21-bfd243200789,math:Orz57K,1076,2026-04-23T08:27:58.320466Z,2026-04-23T08:30:49.282106Z,170.96164,1,True,True,False,0.0,0.0,0.005849265367365452,0.0,0.0,,4208,102,4310,168.28098707800382,168.28098707800382,,,4310.0,0.0,1.0,1.0
a1cccf98-498e-4f9d-9929-adcde439cd21,math:Orz57K,1077,2026-04-23T08:28:01.072521Z,2026-04-23T08:29:19.525910Z,78.453389,1,True,True,True,1.0,1.0,0.012746421955079594,0.012746421955079594,0.0,,1945,201,2146,77.69801774399821,77.69801774399821,,,2146.0,0.0,1.0,1.0
b271ba7b-dea9-4ea3-8769-a84efb08930e,math:Orz57K,1078,2026-04-23T08:28:01.201641Z,2026-04-23T08:29:21.940519Z,80.738878,1,True,True,True,1.0,1.0,0.0123856068448214,0.0123856068448214,0.0,,1994,402,2396,79.99153625499457,79.99153625499457,,,2396.0,0.0,1.0,1.0
ebd5bf09-10e3-45af-b0a2-8f7987fa6b34,math:Orz57K,1079,2026-04-23T08:28:24.302797Z,2026-04-23T08:30:58.659321Z,154.356524,1,True,True,True,1.0,1.0,0.006478508158165054,0.006478508158165054,0.0,,4140,120,4260,151.83386084600352,151.83386084600352,,,4260.0,0.0,1.0,1.0
8f32e576-952c-4988-97a3-70ada5ea5026,math:Orz57K,1076,2026-04-23T08:28:27.561199Z,2026-04-23T08:30:58.753103Z,151.191904,1,True,True,False,0.0,0.0,0.006614110766142611,0.0,0.0,,4208,102,4310,148.6436695960001,148.6436695960001,,,4310.0,0.0,1.0,1.0
1dea6663-57ef-4210-9df2-3e5e7746462a,math:Orz57K,1077,2026-04-23T08:28:27.654698Z,2026-04-23T08:29:25.145939Z,57.491241,1,True,True,True,1.0,1.0,0.0173939539763979,0.0173939539763979,0.0,,1945,201,2146,56.719018897012575,56.719018897012575,,,2146.0,0.0,1.0,1.0
b655c6be-e49f-49fc-ad9b-41fd96fb08d2,math:Orz57K,1078,2026-04-23T08:28:30.486305Z,2026-04-23T08:29:27.507387Z,57.021082,1,True,True,True,1.0,1.0,0.017537373282394044,0.017537373282394044,0.0,,1994,402,2396,56.2904337089858,56.2904337089858,,,2396.0,0.0,1.0,1.0
baf0c842-f61f-4060-823d-b900ead06915,math:Orz57K,1079,2026-04-23T08:28:31.657942Z,2026-04-23T08:31:01.288791Z,149.630849,1,True,True,True,1.0,1.0,0.006683113854416478,0.006683113854416478,0.0,,4140,120,4260,147.06702345897793,147.06702345897793,,,4260.0,0.0,1.0,1.0
4e990cc9-ddc2-4c96-94e4-83f81b92d97a,math:Orz57K,1080,2026-04-23T08:28:32.333571Z,2026-04-23T08:29:29.250050Z,56.916479,1,True,True,True,1.0,1.0,0.01756960405087602,0.01756960405087602,0.0,,2046,175,2221,56.15227092299028,56.15227092299028,,,2221.0,0.0,1.0,1.0
8bc8f3f7-90d2-400f-8152-e0547b919fb1,math:Orz57K,1077,2026-04-23T08:28:36.616661Z,2026-04-23T08:29:30.447677Z,53.831016,1,True,True,True,1.0,1.0,0.01857665105187686,0.01857665105187686,0.0,,1945,201,2146,53.09465952697792,53.09465952697792,,,2146.0,0.0,1.0,1.0
5418ea5d-1553-4b1d-acc9-580fe0c18306,math:Orz57K,1078,2026-04-23T08:28:40.144403Z,2026-04-23T08:29:32.793165Z,52.648762,1,True,True,True,1.0,1.0,0.018993798942508848,0.018993798942508848,0.0,,1994,402,2396,51.912338476016885,51.912338476016885,,,2396.0,0.0,1.0,1.0
8f84819d-c52e-4385-a033-5b66bca26a8e,math:Orz57K,1079,2026-04-23T08:28:42.852813Z,2026-04-23T08:31:09.246377Z,146.393564,1,True,True,True,1.0,1.0,0.006830901391266081,0.006830901391266081,0.0,,4140,120,4260,143.89149029398686,143.89149029398686,,,4260.0,0.0,1.0,1.0
6faf73db-4d6f-441b-a953-85597a943b69,math:Orz57K,1080,2026-04-23T08:28:47.129744Z,2026-04-23T08:29:34.501777Z,47.372033,1,True,True,True,1.0,1.0,0.021109501464714422,0.021109501464714422,0.0,,2046,175,2221,46.59026039898163,46.59026039898163,,,2221.0,0.0,1.0,1.0
a78b64e5-1b9a-4ae8-b99f-93d124c47a14,math:Orz57K,1081,2026-04-23T08:28:48.295025Z,2026-04-23T08:29:59.717918Z,71.422893,1,True,True,False,0.0,0.0,0.014001113060486082,0.0,0.0,,1984,4096,6080,70.68710549801472,70.68710549801472,,,6080.0,0.0,1.0,1.0
84372b5e-05b9-4a0f-a042-52c8e55be9d9,math:Orz57K,1078,2026-04-23T08:28:48.960934Z,2026-04-23T08:30:02.098284Z,73.13735,1,True,True,True,1.0,1.0,0.013672904473569251,0.013672904473569251,0.0,,1994,402,2396,72.39305662899278,72.39305662899278,,,2396.0,0.0,1.0,1.0
01606a87-22b0-45f1-b19c-263f81fe58a6,math:Orz57K,1079,2026-04-23T08:28:52.497891Z,2026-04-23T08:31:16.046066Z,143.548175,1,True,True,True,1.0,1.0,0.006966302427738981,0.006966302427738981,0.0,,4140,120,4260,141.02873286398244,141.02873286398244,,,4260.0,0.0,1.0,1.0
09237623-6777-481f-ac99-538acd13194d,math:Orz57K,1080,2026-04-23T08:28:56.850672Z,2026-04-23T08:30:03.797965Z,66.947293,1,True,True,True,1.0,1.0,0.014937123745989251,0.014937123745989251,0.0,,2046,175,2221,66.16285342999618,66.16285342999618,,,2221.0,0.0,1.0,1.0
a5ba7aa4-45bc-4b70-9846-54d6f9933bd8,math:Orz57K,1081,2026-04-23T08:28:58.648905Z,2026-04-23T08:30:29.070394Z,90.421489,1,True,True,False,0.0,0.0,0.011059317990218013,0.0,0.0,,1984,4096,6080,89.69626939800219,89.69626939800219,,,6080.0,0.0,1.0,1.0
dadb4d77-368e-45bb-988a-9be505cccaa6,math:Orz57K,1082,2026-04-23T08:28:59.369161Z,2026-04-23T08:30:30.828372Z,91.459211,1,True,True,False,0.0,0.0,0.010933835849513287,0.0,0.0,,1962,289,2251,90.69088548098807,90.69088548098807,,,2251.0,0.0,1.0,1.0
16068bb8-4c1b-4200-b064-0ad24b5fcbb8,math:Orz57K,1079,2026-04-23T08:29:02.869316Z,2026-04-23T08:31:28.863482Z,145.994166,1,True,True,True,1.0,1.0,0.006849588770554023,0.006849588770554023,0.0,,4140,120,4260,143.34445528700599,143.34445528700599,,,4260.0,0.0,1.0,1.0
962b0ae2-9650-4aed-a1c2-3b99fd997d7e,math:Orz57K,1080,2026-04-23T08:29:05.369741Z,2026-04-23T08:30:33.351738Z,87.981997,1,True,True,True,1.0,1.0,0.011365961606895555,0.011365961606895555,0.0,,2046,175,2221,87.24912890398991,87.24912890398991,,,2221.0,0.0,1.0,1.0
867b424b-4b41-4499-9b0c-304a7aaa3c25,math:Orz57K,1081,2026-04-23T08:29:06.061998Z,2026-04-23T08:30:38.526906Z,92.464908,1,True,True,True,1.0,1.0,0.010814913696772403,0.010814913696772403,0.0,,1984,885,2869,91.73558889099513,91.73558889099513,,,2869.0,0.0,1.0,1.0
be1f52d1-d721-4896-b0d2-b160c5214d37,math:Orz57K,1082,2026-04-23T08:29:09.551868Z,2026-04-23T08:30:40.290416Z,90.738548,1,True,True,False,0.0,0.0,0.011020674476739479,0.0,0.0,,1962,303,2265,90.00618885201402,90.00618885201402,,,2265.0,0.0,1.0,1.0
195e3fb5-5a1c-41a0-aafe-e8c0adb4709f,math:Orz57K,1080,2026-04-23T08:29:13.644838Z,2026-04-23T08:30:42.085402Z,88.440564,1,True,True,True,1.0,1.0,0.011307028752100677,0.011307028752100677,0.0,,2046,175,2221,87.68628224698477,87.68628224698477,,,2221.0,0.0,1.0,1.0
7bd2bb8b-72a2-4475-99bd-2111c4da083d,math:Orz57K,1081,2026-04-23T08:29:14.361551Z,2026-04-23T08:30:47.296145Z,92.934594,1,True,True,True,1.0,1.0,0.010760255755784546,0.010760255755784546,0.0,,1984,885,2869,92.17957491701236,92.17957491701236,,,2869.0,0.0,1.0,1.0
42cbfe16-a994-4315-a890-e2413442903b,math:Orz57K,1082,2026-04-23T08:29:17.845632Z,2026-04-23T08:30:49.012404Z,91.166772,1,True,True,False,0.0,0.0,0.010968908715995781,0.0,0.0,,1962,303,2265,90.46093376399949,90.46093376399949,,,2265.0,0.0,1.0,1.0
7c8404c4-3ba1-4c53-a951-3651640cea9c,math:Orz57K,1084,2026-04-23T08:29:21.964245Z,2026-04-23T08:30:53.348478Z,91.384233,1,True,True,False,0.0,0.0,0.010942806731222443,0.0,0.0,,2006,602,2608,90.60494873201242,90.60494873201242,,,2608.0,0.0,1.0,1.0
5977046e-e00b-44d4-953f-5486acc4ad5a,math:Orz57K,1081,2026-04-23T08:29:23.378356Z,2026-04-23T08:30:58.578141Z,95.199785,1,True,True,True,1.0,1.0,0.010504225403450227,0.010504225403450227,0.0,,1984,885,2869,94.41713740499108,94.41713740499108,,,2869.0,0.0,1.0,1.0
ae61f112-aad5-48c9-86f6-092e339f96d4,math:Orz57K,1082,2026-04-23T08:29:25.170807Z,2026-04-23T08:31:00.487006Z,95.316199,1,True,True,False,0.0,0.0,0.01049139611620476,0.0,0.0,,1962,303,2265,94.59181511201314,94.59181511201314,,,2265.0,0.0,1.0,1.0
4fe5d7d2-f1e1-412c-b063-3805e2a28a73,math:Orz57K,1084,2026-04-23T08:29:29.274234Z,2026-04-23T08:31:04.869989Z,95.595755,1,True,True,False,0.0,0.0,0.01046071554118695,0.0,0.0,,2006,602,2608,94.79794525902253,94.79794525902253,,,2608.0,0.0,1.0,1.0
2d263e3d-0c32-40f2-93a4-0248eeef6b03,math:Orz57K,1085,2026-04-23T08:29:30.471520Z,2026-04-23T08:31:07.355474Z,96.883954,1,True,True,True,1.0,1.0,0.010321626633859307,0.010321626633859307,0.0,,1959,438,2397,96.13875076797558,96.13875076797558,,,2397.0,0.0,1.0,1.0
07de081f-9aed-459b-b7b4-c752a596aa4b,math:Orz57K,1082,2026-04-23T08:29:32.818291Z,2026-04-23T08:31:09.104604Z,96.286313,1,True,True,False,0.0,0.0,0.010385692097276588,0.0,0.0,,1962,303,2265,95.57096833499963,95.57096833499963,,,2265.0,0.0,1.0,1.0
3bf9e171-ef90-46aa-9dfb-eaee4b649e7d,math:Orz57K,1084,2026-04-23T08:29:59.741013Z,2026-04-23T08:31:13.419310Z,73.678297,1,True,True,False,0.0,0.0,0.013572517833847327,0.0,0.0,,2006,602,2608,72.91585909199785,72.91585909199785,,,2608.0,0.0,1.0,1.0
51d6b4b8-84de-4fad-bc89-cbdc9a6dc3df,math:Orz57K,1085,2026-04-23T08:30:02.120927Z,2026-04-23T08:31:15.932050Z,73.811123,1,True,True,True,1.0,1.0,0.01354809355766068,0.01354809355766068,0.0,,1959,438,2397,73.07445482700132,73.07445482700132,,,2397.0,0.0,1.0,1.0
0aa4bfba-8f73-4b95-b0b9-47449095ca39,math:Orz57K,1084,2026-04-23T08:30:29.095935Z,2026-04-23T08:31:21.291728Z,52.195793,1,True,True,False,0.0,0.0,0.0191586321909124,0.0,0.0,,2006,602,2608,51.441150179016404,51.441150179016404,,,2608.0,0.0,1.0,1.0
cef020a2-af10-4550-9671-38e3e00faa1e,math:Orz57K,1085,2026-04-23T08:30:30.853108Z,2026-04-23T08:31:23.842182Z,52.989074,1,True,True,True,1.0,1.0,0.018871814970761708,0.018871814970761708,0.0,,1959,438,2397,52.241296571999555,52.241296571999555,,,2397.0,0.0,1.0,1.0
f7799822-bca4-463b-96a4-c953eb3d1bdd,math:Orz57K,1087,2026-04-23T08:30:32.301928Z,2026-04-23T08:31:28.707617Z,56.405689,1,True,True,True,1.0,1.0,0.01772870818048158,0.01772870818048158,0.0,,1968,629,2597,55.62673969598836,55.62673969598836,,,2597.0,0.0,1.0,1.0
d2cc887d-80d8-4a9b-8d4b-c873407b8664,math:Orz57K,1084,2026-04-23T08:30:33.379554Z,2026-04-23T08:31:32.349878Z,58.970324,1,True,True,False,0.0,0.0,0.016957681968984943,0.0,0.0,,2006,602,2608,58.19887130099232,58.19887130099232,,,2608.0,0.0,1.0,1.0
601fe73e-7126-4b3f-b4ed-94f01be4e373,math:Orz57K,1085,2026-04-23T08:30:38.551307Z,2026-04-23T08:31:34.868534Z,56.317227,1,True,True,True,1.0,1.0,0.01775655608895658,0.01775655608895658,0.0,,1959,438,2397,55.574032325996086,55.574032325996086,,,2397.0,0.0,1.0,1.0
0f82094b-8a9a-4533-992e-e574de82f215,math:Orz57K,1087,2026-04-23T08:30:40.441261Z,2026-04-23T08:31:39.597144Z,59.155883,1,True,True,True,1.0,1.0,0.016904489448665655,0.016904489448665655,0.0,,1968,629,2597,58.428996356989956,58.428996356989956,,,2597.0,0.0,1.0,1.0
fd8e0fe1-0a0e-4c4c-9b8d-80a0aa6e3567,math:Orz57K,1088,2026-04-23T08:30:42.110050Z,2026-04-23T08:31:49.815020Z,67.70497,1,True,True,True,1.0,1.0,0.014769964450172564,0.014769964450172564,0.0,,1954,1622,3576,66.99372693299665,66.99372693299665,,,3576.0,0.0,1.0,1.0
b2e1b3a2-dcc7-429d-9831-d49463efdf1a,math:Orz57K,1085,2026-04-23T08:30:47.320755Z,2026-04-23T08:31:52.430513Z,65.109758,1,True,True,True,1.0,1.0,0.015358680952246821,0.015358680952246821,0.0,,1959,438,2397,64.35588748700684,64.35588748700684,,,2397.0,0.0,1.0,1.0
2428c6ee-80b8-403e-87c6-ba8a435711b4,math:Orz57K,1087,2026-04-23T08:30:49.306886Z,2026-04-23T08:31:57.236845Z,67.929959,1,True,True,True,1.0,1.0,0.014721045246030549,0.014721045246030549,0.0,,1968,629,2597,67.20134702601354,67.20134702601354,,,2597.0,0.0,1.0,1.0
d9706a32-6eb8-460f-ae0e-3857ab82590e,math:Orz57K,1088,2026-04-23T08:30:53.372689Z,2026-04-23T08:32:07.581027Z,74.208338,1,True,True,True,1.0,1.0,0.013475574671945894,0.013475574671945894,0.0,,1954,1622,3576,73.48515348799992,73.48515348799992,,,3576.0,0.0,1.0,1.0
196456b3-baa7-48db-bf9a-394f5cd0ef48,math:Orz57K,1089,2026-04-23T08:30:58.603157Z,2026-04-23T08:32:10.984492Z,72.381335,1,True,True,True,1.0,1.0,0.0138157164412621,0.0138157164412621,0.0,,1995,579,2574,71.62670606098254,71.62670606098254,,,2574.0,0.0,1.0,1.0
